1.171614250000032470e-04
8.676813749728531987e-05
8.122635012169456047e-05
7.203196784596903378e-05
7.119836573469372893e-05
6.743564542185329904e-05
6.316757454477093105e-05
6.109144260711673062e-05
5.802457565918859016e-05
5.516420672040862915e-05
5.262857303616113658e-05
5.041998743940767180e-05
4.849709174636871486e-05
4.673311830487497843e-05
4.548849749199255685e-05
4.416943486022012266e-05
4.309954256314114528e-05
4.215967229789612647e-05
4.154295009017748070e-05
4.074926219137082702e-05
4.000844232166162525e-05
3.947572791976308504e-05
3.889804227480634903e-05
3.826989998752884691e-05
3.759177435840809726e-05
3.709183730446178218e-05
3.677010464727188839e-05
3.620614105099041882e-05
3.579838379047987722e-05
3.544796357374714742e-05
3.542383804938715233e-05
3.531292173348670626e-05
3.510759003749562281e-05
3.512875656744816888e-05
3.494669428886879487e-05
3.481951689632294442e-05
3.480439488281297957e-05
3.468412831814165706e-05
3.466875599224255596e-05
3.470359072307348730e-05
3.463977569866138247e-05
3.448627144613681660e-05
3.430686551498037814e-05
3.408549774798670402e-05
3.389116635806909604e-05
3.373336499156588512e-05
3.351963939702655166e-05
3.337610392850440678e-05
3.327457908982792953e-05
3.322428533341040160e-05
3.315862464047771902e-05
3.299996650060250556e-05
3.284649528183054612e-05
3.270076182896058828e-05
3.258376729823744220e-05
3.249726266708096779e-05
3.241809891084996301e-05
3.234145658865162661e-05
3.226449994432534685e-05
3.220982182378979595e-05
3.211375436706373845e-05
3.207545708712203168e-05
3.202227901533858344e-05
3.194351869004579807e-05
3.183594481795161424e-05
3.176035932910772924e-05
3.166220549975553433e-05
3.155820696489645895e-05
3.144810414805913548e-05
3.133986237662175214e-05
3.120921869335295615e-05
3.107827047656027363e-05
3.095155014900462199e-05
3.082594555968105399e-05
3.071665780917266759e-05
3.060084929154843639e-05
3.051109137733850607e-05
3.039789267844706554e-05
3.027770676621344722e-05
3.016638783183718040e-05
3.005657147603817473e-05
2.992164131309977984e-05
2.978565926659719926e-05
2.964612345436404159e-05
2.951208994317215727e-05
2.936476522359000101e-05
2.922792822843825193e-05
2.910432127282152904e-05
2.898313511366346583e-05
2.886083930382269159e-05
2.873404384702852977e-05
2.860825562278498474e-05
2.847459000729713740e-05
2.835583127610853457e-05
2.822657622704999986e-05
2.810031141795305218e-05
2.797651939531332668e-05
2.785066953125673624e-05
2.772568218274299644e-05
2.760331033768491526e-05
2.748425948291734409e-05
2.736233777896099719e-05
2.724930239156062657e-05
2.714323464897835261e-05
2.704176053767349571e-05
2.694481104372412536e-05
2.685694783611264499e-05
2.677145058332195069e-05
2.668870497859938170e-05
2.660843911211750344e-05
2.652320263958507398e-05
2.644214122604028394e-05
2.636317878424400941e-05
2.628280277634866848e-05
2.620510570825359319e-05
2.612518296747155162e-05
2.604499457576839864e-05
2.596340112902802965e-05
2.587183632702549268e-05
2.577841523918751983e-05
2.568323686657494618e-05
2.558513762381757467e-05
2.549180737453807884e-05
2.540247557642662658e-05
2.531299940985361568e-05
2.522625715397466736e-05
2.515058403348662320e-05
2.506530920713354873e-05
2.498752637504074621e-05
2.490804662857746339e-05
2.483406541437971986e-05
2.476051595670695509e-05
2.468844485703521307e-05
2.461662831404694249e-05
2.454245138995949502e-05
2.446860670618445095e-05
2.439397182530830845e-05
2.432391014324411342e-05
2.426022169570776619e-05
2.419353122713646166e-05
2.412537740172896158e-05
2.406533218022246395e-05
2.401210812409530589e-05
2.395451921428231140e-05
2.390428081314904365e-05
2.385246207349855837e-05
2.379947839723222936e-05
2.375176203073294849e-05
2.371076667959838303e-05
2.367562625312485117e-05
2.363481684949878540e-05
2.360576269333042277e-05
2.357041527612209009e-05
2.353925266057865299e-05
2.350315853699098118e-05
2.347030264719975531e-05
2.343721543291504367e-05
2.340548031391550269e-05
2.337964371421092361e-05
2.335626186781029814e-05
2.332538509679859076e-05
2.328374697563146919e-05
2.324596254866634722e-05
2.321271371699079551e-05
2.318230591499769217e-05
2.315048257706893271e-05
2.311902196847359997e-05
2.308360520285676490e-05
2.304101259089889620e-05
2.299837518459918061e-05
2.295502886145041994e-05
2.291346938588208348e-05
2.286460834116854694e-05
2.281849307570076361e-05
2.277139514719763615e-05
2.272828797458460471e-05
2.268632394869563344e-05
2.264790635845842441e-05
2.261356025636494037e-05
2.257779289789279054e-05
2.254440863527828396e-05
2.250721497253562546e-05
2.246795727213404199e-05
2.243087159717051962e-05
2.239431341776220165e-05
2.235924399719069463e-05
2.232347986038994180e-05
2.229503363483139653e-05
2.226046534099135698e-05
2.222624805979464636e-05
2.219102644426122455e-05
2.215742079618607480e-05
2.212982663707972129e-05
2.209963506463224599e-05
2.206834247295841526e-05
2.203508757120583585e-05
2.200478878538085489e-05
2.197707706876147782e-05
2.195998672877569747e-05
2.194083841119255998e-05
2.191967608928265356e-05
2.190007236676654078e-05
2.188300637911933330e-05
2.186531415847531466e-05
2.184374319094118907e-05
2.182489992072690987e-05
2.180125105655156189e-05
2.177666780752872730e-05
2.175512031451899242e-05
2.173066646891084848e-05
2.170427793227338822e-05
2.168034469904769581e-05
2.165577892658251751e-05
2.162599202120362067e-05
2.159911162039619863e-05
2.156998980666568639e-05
2.154066168513856284e-05
2.151228994100325397e-05
2.148875359269565989e-05
2.146117659264194788e-05
2.143409655665533595e-05
2.140839370404584133e-05
2.138579234585776141e-05
2.136232041166796853e-05
2.134136933347836605e-05
2.131789784794792895e-05
2.129508856522771079e-05
2.127164048169441748e-05
2.124726822807599939e-05
2.122375424470128528e-05
2.119720150845592487e-05
2.117050583001373144e-05
2.114480463189310979e-05
2.111645221384862828e-05
2.108914746101909755e-05
2.106066228706502153e-05
2.103335445655397907e-05
2.100658774632441022e-05
2.098139893020039499e-05
2.095539781654474622e-05
2.093419272240282166e-05
2.091101622421003513e-05
2.088721380028036174e-05
2.086380858101111025e-05
2.083919175604986954e-05
2.081970098469609261e-05
2.079837812882293069e-05
2.077879479243564150e-05
2.075584534333170511e-05
2.073360081045772324e-05
2.071063570919620439e-05
2.068879172729281524e-05
2.066508225069610473e-05
2.064137542059183171e-05
2.061806961200691887e-05
2.059508110723612287e-05
2.057174146261715812e-05
2.055013884354601306e-05
2.052714728573069196e-05
2.050377435847991917e-05
2.048050288042165820e-05
2.045754358378200499e-05
2.043384309978273604e-05
2.040988050166777317e-05
2.038728882390792555e-05
2.036623721500852531e-05
2.034416362250617962e-05
2.032469129617410695e-05
2.030392002479418096e-05
2.028421611635011781e-05
2.026120713421290673e-05
2.023757119330573062e-05
2.021357359572223782e-05
2.018841786144379106e-05
2.016333004722367173e-05
2.013856590752716099e-05
2.011442845947258008e-05
2.008951557664288219e-05
2.006458482294591592e-05
2.004011690527968478e-05
2.001592616338881714e-05
1.999194153083089576e-05
1.996790746937785098e-05
1.994379834090279722e-05
1.991855202640085284e-05
1.989320815004756989e-05
1.986779589297481432e-05
1.984170789943112291e-05
1.981562839880253953e-05
1.979023072252518003e-05
1.976408119600343491e-05
1.973885574332174048e-05
1.971265665501601417e-05
1.968740054875651270e-05
1.965964532077318000e-05
1.963244116298724939e-05
1.960515917905754506e-05
1.957739082297336867e-05
1.954931418413903788e-05
1.952035965954652578e-05
1.949116887662438526e-05
1.946346614621817948e-05
1.943560431770934455e-05
1.940853614054589409e-05
1.938135732464266279e-05
1.935560750753996745e-05
1.933036625070904768e-05
1.930399261393037289e-05
1.927685619429052823e-05
1.924964354944941599e-05
1.922142661289681802e-05
1.919370670943750207e-05
1.916664665335737945e-05
1.913924906151168376e-05
1.911194231651831016e-05
1.908444024892527938e-05
1.905715448475927515e-05
1.902966562704077027e-05
1.900177823469009674e-05
1.897398628810130616e-05
1.894594969567022467e-05
1.891806553201766242e-05
1.889045915728471381e-05
1.886366646654681189e-05
1.883729462102829759e-05
1.881128192512886523e-05
1.878539235093856688e-05
1.876030286813239168e-05
1.873549371540617325e-05
1.871068530197788366e-05
1.868525298881082715e-05
1.866040321913052017e-05
1.863503307378584360e-05
1.860991301044164455e-05
1.858431866459287567e-05
1.855921721539557242e-05
1.853425026446672844e-05
1.850962677475761901e-05
1.848501811903421698e-05
1.846048867732871148e-05
1.843536190925010884e-05
1.841036807029075291e-05
1.838492918018648311e-05
1.836013499277342289e-05
1.833520027685984428e-05
1.831047102489119575e-05
1.828583880886657534e-05
1.826089314866410524e-05
1.823631052250513238e-05
1.821152192061232852e-05
1.818678526204825228e-05
1.816187622416100218e-05
1.813697727382219390e-05
1.811280491368228839e-05
1.808829301342629057e-05
1.806384158586213568e-05
1.803940727459433035e-05
1.801488620583098922e-05
1.799068162861143606e-05
1.796661890951735919e-05
1.794244067106687938e-05
1.791827904402795615e-05
1.789429279753900682e-05
1.787052607912659129e-05
1.784642679888709331e-05
1.782276383551641317e-05
1.779893885983849358e-05
1.777530387084100434e-05
1.775151793739060453e-05
1.772816192229934704e-05
1.770488906649625758e-05
1.768171172820813360e-05
1.765845331681217421e-05
1.763549465392417134e-05
1.761253520847871863e-05
1.758971782732592800e-05
1.756713130684056645e-05
1.754502105586482443e-05
1.752325347459302132e-05
1.750153708204290614e-05
1.748034975604850007e-05
1.745859943456703803e-05
1.743721767004607651e-05
1.741561552139493635e-05
1.739393777898052878e-05
1.737230876289273790e-05
1.735093778538002591e-05
1.732963923278798212e-05
1.730812911866710737e-05
1.728686639187033925e-05
1.726577673943740902e-05
1.724444512500792793e-05
1.722357195775419005e-05
1.720233740208675435e-05
1.718139314413618009e-05
1.716045165397725762e-05
1.713926922324740415e-05
1.711817463706082889e-05
1.709706694752428525e-05
1.707600680249103556e-05
1.705496373351988068e-05
1.703399082958935659e-05
1.701289566895226339e-05
1.699195800624686567e-05
1.697121232339843683e-05
1.695045477908541494e-05
1.692972384288801300e-05
1.690911401450322549e-05
1.688847910843275865e-05
1.686792860678175011e-05
1.684743571718058035e-05
1.682708637588945620e-05
1.680683403759961576e-05
1.678669704478259281e-05
1.676674160313461657e-05
1.674712664199903947e-05
1.672746929269928619e-05
1.670788636117037784e-05
1.668828744064972607e-05
1.666884667235897624e-05
1.664923637331035912e-05
1.662965733073639118e-05
1.661011250523430747e-05
1.659066177483399019e-05
1.657122775092611440e-05
1.655195361438425370e-05
1.653276048437286617e-05
1.651371948775037974e-05
1.649459220475945874e-05
1.647556770282836795e-05
1.645666028053123221e-05
1.643777018024088793e-05
1.641901409614682315e-05
1.640029301387203173e-05
1.638155896630275965e-05
1.636306039604918042e-05
1.634452843342289229e-05
1.632618656296591129e-05
1.630796361134824468e-05
1.628978929346183317e-05
1.627173832109003027e-05
1.625365256810874697e-05
1.623555971925021960e-05
1.621751657350002391e-05
1.619955647101090814e-05
1.618153536178386869e-05
1.616361030192230847e-05
1.614576021058488720e-05
1.612797978433516664e-05
1.611039852923626037e-05
1.609292717225702495e-05
1.607557707072843300e-05
1.605825880427426685e-05
1.604095371643337811e-05
1.602368278515394243e-05
1.600661100269500502e-05
1.598950085448583766e-05
1.597259304445837182e-05
1.595558304539105603e-05
1.593849189806936437e-05
1.592131169457493102e-05
1.590419308291246054e-05
1.588714769394757237e-05
1.587027893216076403e-05
1.585354086290868182e-05
1.583692543961484216e-05
1.582031286091667221e-05
1.580373934352382305e-05
1.578719788664119925e-05
1.577076941644057727e-05
1.575443941871855323e-05
1.573829807572910188e-05
1.572209937399788099e-05
1.570594654127940059e-05
1.569004952154286266e-05
1.567424954639427663e-05
1.565864246346957545e-05
1.564298364795479974e-05
1.562722186062156734e-05
1.561158276138940412e-05
1.559592641880854457e-05
1.558049775609039712e-05
1.556527244456629771e-05
1.555027733295718571e-05
1.553537759580062792e-05
1.552055347837342391e-05
1.550572052925316277e-05
1.549078740235311345e-05
1.547595585984095528e-05
1.546096063523409058e-05
1.544612406903189436e-05
1.543165611691581842e-05
1.541701359556435288e-05
1.540233877927701711e-05
1.538782474541235910e-05
1.537332140534786233e-05
1.535911533324059089e-05
1.534516950323590976e-05
1.533126597609990531e-05
1.531752004899768641e-05
1.530366287994734984e-05
1.528992389691771298e-05
1.527628614857086961e-05
1.526284331606773533e-05
1.524948256031707123e-05
1.523586767858302798e-05
1.522211679464059160e-05
1.520841362809536811e-05
1.519453207716471758e-05
1.518064905085478650e-05
1.516687949621958625e-05
1.515336899236321176e-05
1.513994304992613426e-05
1.512663817914799259e-05
1.511330906032907912e-05
1.510024591184074041e-05
1.508715542744790799e-05
1.507384246470355010e-05
1.506038029963370987e-05
1.504699428273314715e-05
1.503354598610535638e-05
1.502024205725448108e-05
1.500727913932840580e-05
1.499432515080317244e-05
1.498126680506145203e-05
1.496830335179784859e-05
1.495541961640280906e-05
1.494265515676681009e-05
1.492986463391983788e-05
1.491714548638332128e-05
1.490436507219908441e-05
1.489165496595262501e-05
1.487883126934519514e-05
1.486608770754618150e-05
1.485339121688968896e-05
1.484082205164546442e-05
1.482799510408632640e-05
1.481529725951949268e-05
1.480251421617131840e-05
1.478973040977956478e-05
1.477682522463418854e-05
1.476416966730272556e-05
1.475159209493757298e-05
1.473904490264361404e-05
1.472667763673994654e-05
1.471408971613496606e-05
1.470139836948255709e-05
1.468865657726218126e-05
1.467598273414743203e-05
1.466325392877399713e-05
1.465060606746082410e-05
1.463814548443797269e-05
1.462577709878073181e-05
1.461341803865436104e-05
1.460128776190857184e-05
1.458917334768241717e-05
1.457709145908108666e-05
1.456514234813724177e-05
1.455314591837887230e-05
1.454103447266377980e-05
1.452876919029197137e-05
1.451643845691693878e-05
1.450422872473259497e-05
1.449205890395525011e-05
1.448000216567512547e-05
1.446789446736553913e-05
1.445598274784176477e-05
1.444409710728340717e-05
1.443222942534694044e-05
1.442055774548101643e-05
1.440882693464930802e-05
1.439716407747740049e-05
1.438552128830411859e-05
1.437408187013594353e-05
1.436286028968413115e-05
1.435150208639668828e-05
1.433998818528060396e-05
1.432826127875900678e-05
1.431657471201820954e-05
1.430471760800919449e-05
1.429299004920682681e-05
1.428115731117647804e-05
1.426919683024438959e-05
1.425735583307720731e-05
1.424542122811642165e-05
1.423360571967089210e-05
1.422175793685449173e-05
1.421002419766483182e-05
1.419831833882352641e-05
1.418655549380398341e-05
1.417477792086158980e-05
1.416298451479684467e-05
1.415119966597942259e-05
1.413936865101479638e-05
1.412767266151277945e-05
1.411594088399451832e-05
1.410426062076157715e-05
1.409255054139270525e-05
1.408085225005817120e-05
1.406925532381555715e-05
1.405769783191702028e-05
1.404616215326466615e-05
1.403460562268760411e-05
1.402309573971603204e-05
1.401156868188940241e-05
1.400007236629065505e-05
1.398858522061717738e-05
1.397717216585158609e-05
1.396575627643143747e-05
1.395440700348949341e-05
1.394311036638916090e-05
1.393176364234988665e-05
1.392042340215586394e-05
1.390909586024333580e-05
1.389778977902527253e-05
1.388650452886441010e-05
1.387524681126126162e-05
1.386402069887074486e-05
1.385284161562307281e-05
1.384168413941510557e-05
1.383058275181544284e-05
1.381953318122282851e-05
1.380853847677598492e-05
1.379754960511141012e-05
1.378657573908243117e-05
1.377558280574172057e-05
1.376460042354366709e-05
1.375363791407529108e-05
1.374270063158774855e-05
1.373178948281329577e-05
1.372090565784365570e-05
1.371005301102334862e-05
1.369922692888848538e-05
1.368841890130767958e-05
1.367763731744732390e-05
1.366688083913505434e-05
1.365614930400459231e-05
1.364544334263175331e-05
1.363476240080184487e-05
1.362411069020648223e-05
1.361350302237177412e-05
1.360292681274136144e-05
1.359237347297646211e-05
1.358182516100767267e-05
1.357131145567660201e-05
1.356081852337259306e-05
1.355034916306545387e-05
1.353990128333849919e-05
1.352948081686444762e-05
1.351907138013274004e-05
1.350868690159987018e-05
1.349835272055421093e-05
1.348803908955844553e-05
1.347775088534574485e-05
1.346747907181494164e-05
1.345722292796835383e-05
1.344698754311019346e-05
1.343678555330999229e-05
1.342663076069934947e-05
1.341646249237586673e-05
1.340633334479152827e-05
1.339620914163342625e-05
1.338613237540880336e-05
1.337608742750701185e-05
1.336608329243159524e-05
1.335608269266553773e-05
1.334611010451750264e-05
1.333618139210172839e-05
1.332627179068393183e-05
1.331636757462419340e-05
1.330650388218553991e-05
1.329667538641360234e-05
1.328689108856634112e-05
1.327716004108602542e-05
1.326749373275884851e-05
1.325781794799384358e-05
1.324816851449559684e-05
1.323857210729086213e-05
1.322903843475495302e-05
1.321946111592506405e-05
1.320993372049154663e-05
1.320034848685975324e-05
1.319085243919885130e-05
1.318138634429319297e-05
1.317197613352978690e-05
1.316260317923961860e-05
1.315326146272321631e-05
1.314400105942721419e-05
1.313473659505825859e-05
1.312554180222230440e-05
1.311640139335534110e-05
1.310719426497342466e-05
1.309803310342634229e-05
1.308876432312864505e-05
1.307958414028083182e-05
1.307034725116118573e-05
1.306111911936232065e-05
1.305194137125772223e-05
1.304274049686546017e-05
1.303360853368391850e-05
1.302454225224424019e-05
1.301551617149987189e-05
1.300650494027634919e-05
1.299757005854022267e-05
1.298857737403612417e-05
1.297964866771837948e-05
1.297067746131533729e-05
1.296183553596772665e-05
1.295299261543982049e-05
1.294415869055910141e-05
1.293537932416739216e-05
1.292668428565644958e-05
1.291791649465678292e-05
1.290919077817827863e-05
1.290042979441554383e-05
1.289167824930749577e-05
1.288286577731942606e-05
1.287405729402722152e-05
1.286526580202220383e-05
1.285652663681252664e-05
1.284780286765744873e-05
1.283907762979154687e-05
1.283038916458161865e-05
1.282170656565338892e-05
1.281303287395868640e-05
1.280431944205387338e-05
1.279558843624952058e-05
1.278685983956202248e-05
1.277816531432249177e-05
1.276949039429187313e-05
1.276086202721707388e-05
1.275226144896309995e-05
1.274370756424094569e-05
1.273513032538971398e-05
1.272658294049203699e-05
1.271807561384988045e-05
1.270960459764568378e-05
1.270114602960235502e-05
1.269277525060817352e-05
1.268446691343079333e-05
1.267620789618282330e-05
1.266801123541096416e-05
1.265980894733324125e-05
1.265159497406609642e-05
1.264337319433575274e-05
1.263513917588875680e-05
1.262684435171588558e-05
1.261859884949997744e-05
1.261036103859509222e-05
1.260212581055423932e-05
1.259389946902838779e-05
1.258567840608592161e-05
1.257750635703012594e-05
1.256936355500149028e-05
1.256128673703295040e-05
1.255311062108077181e-05
1.254496183882101804e-05
1.253681456767569087e-05
1.252872591175101210e-05
1.252062629019418516e-05
1.251252072363452165e-05
1.250444921424630372e-05
1.249638534580431623e-05
1.248832304906407339e-05
1.248031397309985792e-05
1.247234373059972900e-05
1.246440718155454754e-05
1.245646389442407697e-05
1.244854782141737130e-05
1.244062308794979959e-05
1.243272802555709347e-05
1.242486268515652099e-05
1.241699176885352934e-05
1.240908742974921710e-05
1.240120169681378539e-05
1.239330526299321921e-05
1.238536051397313524e-05
1.237743706103812828e-05
1.236953480620480765e-05
1.236165128820878098e-05
1.235379032010363176e-05
1.234593667125153699e-05
1.233809269801585822e-05
1.233027361408417107e-05
1.232245353345672109e-05
1.231468437226624244e-05
1.230696786320456530e-05
1.229928258092551737e-05
1.229164411897602964e-05
1.228400605852735021e-05
1.227636348121128801e-05
1.226877502111468665e-05
1.226128875294631928e-05
1.225374934231121487e-05
1.224629577163657742e-05
1.223891327292568050e-05
1.223161030345883745e-05
1.222429752652274186e-05
1.221706719607393444e-05
1.220981425564014527e-05
1.220253245940196432e-05
1.219527605914514378e-05
1.218796529513946739e-05
1.218070284510289180e-05
1.217337865979854283e-05
1.216603726010983658e-05
1.215874313686010937e-05
1.215144070917235977e-05
1.214419528802109491e-05
1.213696165525573570e-05
1.212975511195600099e-05
1.212254308402727318e-05
1.211534348197593478e-05
1.210820764534506095e-05
1.210109735232734413e-05
1.209400002563901790e-05
1.208695906161646052e-05
1.207984940330052444e-05
1.207272810802101441e-05
1.206564157789249457e-05
1.205853133146739032e-05
1.205143392937480538e-05
1.204433823759966516e-05
1.203717337583480709e-05
1.203007297474192445e-05
1.202298839416523914e-05
1.201589668798407183e-05
1.200879597872710466e-05
1.200166735906631980e-05
1.199453118209972196e-05
1.198735230801580478e-05
1.198019442358105261e-05
1.197303951152019029e-05
1.196589830637557744e-05
1.195881459472537950e-05
1.195171736083527077e-05
1.194464288783438610e-05
1.193759278372178180e-05
1.193054821971952829e-05
1.192356561632300359e-05
1.191660445118710843e-05
1.190966285926228516e-05
1.190273097600670438e-05
1.189576279350686507e-05
1.188882520264359357e-05
1.188188738499739112e-05
1.187499152556824590e-05
1.186810625236994857e-05
1.186122541128623530e-05
1.185434769590626856e-05
1.184748268952286143e-05
1.184058860192145858e-05
1.183368580301545597e-05
1.182678528587186529e-05
1.181989546099596522e-05
1.181302256874852464e-05
1.180616965121117025e-05
1.179930956505285710e-05
1.179246082786254345e-05
1.178562719368495927e-05
1.177882201026778587e-05
1.177204471031281254e-05
1.176530362623374558e-05
1.175857633086855591e-05
1.175187916225968388e-05
1.174523451977565620e-05
1.173855733942318367e-05
1.173188107552330069e-05
1.172522903845360020e-05
1.171858370332753301e-05
1.171195757769532978e-05
1.170532859767433463e-05
1.169871863666062530e-05
1.169216015181122169e-05
1.168562363825730994e-05
1.167909110645973756e-05
1.167256308613590642e-05
1.166606318974813526e-05
1.165957847760803063e-05
1.165309143213868525e-05
1.164662356842157376e-05
1.164016498281180758e-05
1.163367339479218327e-05
1.162720731673395246e-05
1.162072201617122496e-05
1.161426553922932692e-05
1.160779582892562465e-05
1.160134310237301475e-05
1.159493148098528354e-05
1.158857864414290921e-05
1.158217704755205807e-05
1.157582816612331538e-05
1.156943902392953769e-05
1.156306936519867669e-05
1.155668359355293455e-05
1.155028892911688816e-05
1.154390605831545823e-05
1.153752689806799560e-05
1.153117858219120524e-05
1.152479858281103776e-05
1.151845368575650666e-05
1.151210505021378325e-05
1.150574975140898686e-05
1.149940484757522079e-05
1.149308052953626430e-05
1.148677525460581500e-05
1.148047363401328094e-05
1.147416835571922823e-05
1.146787012775196756e-05
1.146159032668310956e-05
1.145532479386357876e-05
1.144908289173023989e-05
1.144286053414929077e-05
1.143663240887257580e-05
1.143045769171972477e-05
1.142427431016055025e-05
1.141809572273464982e-05
1.141192627078648339e-05
1.140576764651765643e-05
1.139960371286633175e-05
1.139347227627653685e-05
1.138735554622315074e-05
1.138128922144290035e-05
1.137527238249375767e-05
1.136924813871462079e-05
1.136319257766157039e-05
1.135717309779327897e-05
1.135113478972285234e-05
1.134510152482892088e-05
1.133903754926325014e-05
1.133297806764374410e-05
1.132693503680109535e-05
1.132088718549420804e-05
1.131483772987246303e-05
1.130880204260826922e-05
1.130277176597149298e-05
1.129676332793466914e-05
1.129074623455916029e-05
1.128473661270359551e-05
1.127874172393747230e-05
1.127276530752756550e-05
1.126679357003621366e-05
1.126084363805332066e-05
1.125489597218584392e-05
1.124898049531414109e-05
1.124308348032681515e-05
1.123716803764198888e-05
1.123125791599611610e-05
1.122535507802402611e-05
1.121946765942234207e-05
1.121357963441812946e-05
1.120769219780688680e-05
1.120181417802761118e-05
1.119594829621171810e-05
1.119009414176510246e-05
1.118426679822602381e-05
1.117845134878827841e-05
1.117262248427654123e-05
1.116682351692742033e-05
1.116101212827537412e-05
1.115521132653286096e-05
1.114942276813883710e-05
1.114363247186744567e-05
1.113785302861989173e-05
1.113208288761586662e-05
1.112632658401300658e-05
1.112058471516120098e-05
1.111485196629100549e-05
1.110913768623716222e-05
1.110343723238643065e-05
1.109774891006699801e-05
1.109207764294029473e-05
1.108642416561134661e-05
1.108077528147432265e-05
1.107513892720124013e-05
1.106950967966526192e-05
1.106390920826103312e-05
1.105831557495117525e-05
1.105274372505145574e-05
1.104717087549313347e-05
1.104157939966729404e-05
1.103599566723648772e-05
1.103041601771810210e-05
1.102483396297184245e-05
1.101925776083281866e-05
1.101368037302196776e-05
1.100810979045748233e-05
1.100254961465954547e-05
1.099699756354842638e-05
1.099144899810800135e-05
1.098590915400215918e-05
1.098037438191454663e-05
1.097484544732591599e-05
1.096932351482195793e-05
1.096381026199698977e-05
1.095830553951355655e-05
1.095281211374051832e-05
1.094732343042682653e-05
1.094184360028964268e-05
1.093637199775524166e-05
