9.676814899998737590e-06
1.481082087946777709e-05
1.597280463357261286e-05
1.402017600371530780e-05
1.254901194826377895e-05
1.168696245282230026e-05
1.108461541027899352e-05
1.207527959816474212e-05
1.289234146083203649e-05
1.338428895252213108e-05
1.276545916692312563e-05
1.240009305967441398e-05
1.211921636784011324e-05
1.196952402595369783e-05
1.199236732102000701e-05
1.202751493304675738e-05
1.206171586277803556e-05
1.217624135144478225e-05
1.236049967234093854e-05
1.245038031057028376e-05
1.239164092997485848e-05
1.238495432450520001e-05
1.248741763592411188e-05
1.245502103123941294e-05
1.238075443400685736e-05
1.229616138496197765e-05
1.214694845661362383e-05
1.199622257769481569e-05
1.184171028823125577e-05
1.168725395687919071e-05
1.151734775647838542e-05
1.136421161090834453e-05
1.122983184804493674e-05
1.112883873970789433e-05
1.101929881383733223e-05
1.088057010521900877e-05
1.074552603014620429e-05
1.061060316728849164e-05
1.048725760097273506e-05
1.036818368532419519e-05
1.024614393212456694e-05
1.012982934649468198e-05
1.001716834043298749e-05
9.902972409495030683e-06
9.792543346693193294e-06
9.686181294114598283e-06
9.583528577198999830e-06
9.483196328256641159e-06
9.385932704445047462e-06
9.295259763909611333e-06
9.206046508722272800e-06
9.118339299884512409e-06
9.035094837167598086e-06
8.954056245216672670e-06
8.875883033944300895e-06
8.796793543927639329e-06
8.720282765428118637e-06
8.649754618129327621e-06
8.586605931500733375e-06
8.526389717339985557e-06
8.461713446712233250e-06
8.396491595410782282e-06
8.334308399705319734e-06
8.270006593339928832e-06
8.206170085868426563e-06
8.143944041719864562e-06
8.083046225876788175e-06
8.024505063070713109e-06
7.968738488075465871e-06
7.914181044209017053e-06
7.863813519621841203e-06
7.816560332599873327e-06
7.766290074252871382e-06
7.715909247357340627e-06
7.666577420076678759e-06
7.617769661820758932e-06
7.568966886124630125e-06
7.522094760117903593e-06
7.475825102362430431e-06
7.431185466689410813e-06
7.387533153133962794e-06
7.347771971300916343e-06
7.312454999363980855e-06
7.277824388850135595e-06
7.250993163152069082e-06
7.221109986892510784e-06
7.193104033293454903e-06
7.169948972714534059e-06
7.151839752623528127e-06
7.132569023962974055e-06
7.115401156402430488e-06
7.105666170681051226e-06
7.096746399681992419e-06
7.083220591009518163e-06
7.074360821935160426e-06
7.072758895171999292e-06
7.070286080507339911e-06
7.081679137577323596e-06
7.098122839672334318e-06
7.123563301595033486e-06
7.146521096956900291e-06
7.177072180498026313e-06
7.209618174630582613e-06
7.239082928278788800e-06
7.272050871973758805e-06
7.295996626550415927e-06
7.312923849542813771e-06
7.323347311978522141e-06
7.331801164530762949e-06
7.335273904907269786e-06
7.336004116157323499e-06
7.329753387925170152e-06
7.331491765783347620e-06
7.333057844745827023e-06
7.336806269687654780e-06
7.338294747742863362e-06
7.337313616308583721e-06
7.338253594713257344e-06
7.344548856908845949e-06
7.354470379913840841e-06
7.364643617922493320e-06
7.373327127110650485e-06
7.379820069943161772e-06
7.388596405203294957e-06
7.398833372697732944e-06
7.417911599496169870e-06
7.432519777661100372e-06
7.447616680663621524e-06
7.468455786242650443e-06
7.490552866988530466e-06
7.506747630082135767e-06
7.531673125531375164e-06
7.555329086015002811e-06
7.574399338907807340e-06
7.588723582785341068e-06
7.608000922890708085e-06
7.625288747939858882e-06
7.642662525641338633e-06
7.660808526548871632e-06
7.682842313897127342e-06
7.705241878358899736e-06
7.723922591444212204e-06
7.744723863713824733e-06
7.760769186780374116e-06
7.774534000374803126e-06
7.786566018631136416e-06
7.797962557035103737e-06
7.808161357564922224e-06
7.820659589465971654e-06
7.832757017654690433e-06
7.844718170278547727e-06
7.856918446006269210e-06
7.867034582402914622e-06
7.878931521775414150e-06
7.887287525666056122e-06
7.899307615606584966e-06
7.907330045812280156e-06
7.917484792033051120e-06
7.927196699692006524e-06
7.938021390350597040e-06
7.952579524638670193e-06
7.967949716689629567e-06
7.984765180562255053e-06
7.997221421522098349e-06
8.009004590040559138e-06
8.017374460165171203e-06
8.023426197334122492e-06
8.029487598188944316e-06
8.033230121922706776e-06
8.035005554618692103e-06
8.038574989521000868e-06
8.042952330678392487e-06
8.049733909825017988e-06
8.053701254992565241e-06
8.057823530371786239e-06
8.063376577661388533e-06
8.070522158237079626e-06
8.077977310743535320e-06
8.082465564304215411e-06
8.084335925147664547e-06
8.083219736649506959e-06
8.082174442201921354e-06
8.079560934200538929e-06
8.076762127962217413e-06
8.072883151024199525e-06
8.067212912887321925e-06
8.062114011190616683e-06
8.055036780540046154e-06
8.049054473098150010e-06
8.045047184738756839e-06
8.040330881660191474e-06
8.033858196492585065e-06
8.028058858861911818e-06
8.021166501963834442e-06
8.013132934532889414e-06
8.005612860915581328e-06
7.998520949580449046e-06
7.991484307304008161e-06
7.984889785574147825e-06
7.977139816571194810e-06
7.969080698041456053e-06
7.960293572036385802e-06
7.951051476130387743e-06
7.943375994588152569e-06
7.934052186047964054e-06
7.925314500226867436e-06
7.917721493408216046e-06
7.910822874306075670e-06
7.905075621340616830e-06
7.898683483860274382e-06
7.894012905892072918e-06
7.889971377154641628e-06
7.886858426860702786e-06
7.882955975285762471e-06
7.879182541137941826e-06
7.875250934563768937e-06
7.871864023253473348e-06
7.866976467145345449e-06
7.863091849934078837e-06
7.859116512188583025e-06
7.854679118850191750e-06
7.849095329063847064e-06
7.842606643952496754e-06
7.836098981071576653e-06
7.830326131444291908e-06
7.824258675403603479e-06
7.818594752716913023e-06
7.812992408236422119e-06
7.806437156341675324e-06
7.799335432677469455e-06
7.792078309495683989e-06
7.785954762365890794e-06
7.779958093551109675e-06
7.773896779216378462e-06
7.767967026513498927e-06
7.761999945969007896e-06
7.756811935054019305e-06
7.750830761263968993e-06
7.745263839513514566e-06
7.740739623997256475e-06
7.737673522582075886e-06
7.735689613788257138e-06
7.734346557559195918e-06
7.731112927284124038e-06
7.728325907389892906e-06
7.725595304218527829e-06
7.723986044790042728e-06
7.723025070082989847e-06
7.721482220871016665e-06
7.717507836536067098e-06
7.713180963299421685e-06
7.708335316807721465e-06
7.703929196317005972e-06
7.699842181155162007e-06
7.695539465974294313e-06
7.689818669043687745e-06
7.684408837339723147e-06
7.679271632191893526e-06
7.674236354364158619e-06
7.668366385156944682e-06
7.662250860062012488e-06
7.655766622219138307e-06
7.648554826337944287e-06
7.641547787949332760e-06
7.634901797654932660e-06
7.628550370225955640e-06
7.622024316260799480e-06
7.614574525006405826e-06
7.607406813866232899e-06
7.600290534586326016e-06
7.593615354453242274e-06
7.586526127398762497e-06
7.578741519007442361e-06
7.569852588857960204e-06
7.561311701903704446e-06
7.552614126094772937e-06
7.544085601228880242e-06
7.535035599254352906e-06
7.526321251182705381e-06
7.517688341745902286e-06
7.509121299479680790e-06
7.500220649338573086e-06
7.491813934290907469e-06
7.483483948372261889e-06
7.475501331765343079e-06
7.466935966077896382e-06
7.459234147737852914e-06
7.451321452920155205e-06
7.443585982380197886e-06
7.435993175435406228e-06
7.428771809319303091e-06
7.420715581593869659e-06
7.412480895270953574e-06
7.404114467669050191e-06
7.395796340968090310e-06
7.387171637439330263e-06
7.378335244255507163e-06
7.368962065200147973e-06
7.359731504603641375e-06
7.350787052099637366e-06
7.342232066049771490e-06
7.333838554868737187e-06
7.325584525914092002e-06
7.317449986034911605e-06
7.309567942311225566e-06
7.302068268125946622e-06
7.294934728552325628e-06
7.288166896247100828e-06
7.281474751438797023e-06
7.274477178573464587e-06
7.267533066107647478e-06
7.260247915676811326e-06
7.253068359870867772e-06
7.245199285679391098e-06
7.237655255829293714e-06
7.230193450817897973e-06
7.222599255227781182e-06
7.214970011987494846e-06
7.207255271664164956e-06
7.199931235886348192e-06
7.192567732343004949e-06
7.185002534512931717e-06
7.177446029829536727e-06
7.170044835436727722e-06
7.162297290263667944e-06
7.154736082066926294e-06
7.147478993258740714e-06
7.140186572053041038e-06
7.133389644040750211e-06
7.126625738569689441e-06
7.120352074791759014e-06
7.113820005377620856e-06
7.107688511243261172e-06
7.101458636649829264e-06
7.094975180429224636e-06
7.088212232615703662e-06
7.081737812151472196e-06
7.075335235595502132e-06
7.068979775708156395e-06
7.062728616482999987e-06
7.056533477664903398e-06
7.050110310623256984e-06
7.043417184353769085e-06
7.036660011647843620e-06
7.029727669668425996e-06
7.022891268867232364e-06
7.015784519900125907e-06
7.008514111800292768e-06
7.001506306704792835e-06
6.994326953898268212e-06
6.987429762910500674e-06
6.980521923667248856e-06
6.973757479911568876e-06
6.966789611156364454e-06
6.959917115799159908e-06
6.952561810233806818e-06
6.945201998366444937e-06
6.937509936890802218e-06
6.930048664719028545e-06
6.922598993750550451e-06
6.915111582119609477e-06
6.907687669873830533e-06
6.900371902803591134e-06
6.892878699516239077e-06
6.885512811597806597e-06
6.878098562006411112e-06
6.870678285637602388e-06
6.863159233836430237e-06
6.855905159579089798e-06
6.848607531059774543e-06
6.841163199880065379e-06
6.833720844572114972e-06
6.826200304087159066e-06
6.818810060292900933e-06
6.811277632967335848e-06
6.803663820772988098e-06
6.796018666458430723e-06
6.788283873138406165e-06
6.780473659769459107e-06
6.772780716064521582e-06
6.765297997961608219e-06
6.757936942956937683e-06
6.750737955102793534e-06
6.743839149747009525e-06
6.736801226101056563e-06
6.729814691458470517e-06
6.722718448488951493e-06
6.715622309589006439e-06
6.708520014299325547e-06
6.701478003793670779e-06
6.694540492058116574e-06
6.687704900450962807e-06
6.681003368959997077e-06
6.674163195446947085e-06
6.667495001278682395e-06
6.660831170163234284e-06
6.654182210429328193e-06
6.647544756369723556e-06
6.640933746465714423e-06
6.634309070775901901e-06
6.627780083084748350e-06
6.621369424877124514e-06
6.614898092194685693e-06
6.608422388963072667e-06
6.601726292241782926e-06
6.594997664729659973e-06
6.588290143030446194e-06
6.581600165442018508e-06
6.574887231742508541e-06
6.568185870423737392e-06
6.561539864510283525e-06
6.554954473409915079e-06
6.548309560646161204e-06
6.541381509060648733e-06
6.534486851552800511e-06
6.527517626307241679e-06
6.520549832331807374e-06
6.513623619629295513e-06
6.506738258040198884e-06
6.500070746008729737e-06
6.493420927785909092e-06
6.487044122831713155e-06
6.480730024146359794e-06
6.474511848810559078e-06
6.468254508483092657e-06
6.462188148573623771e-06
6.456143729169616257e-06
6.450149589840670541e-06
6.444164134660423736e-06
6.438133550967918286e-06
6.432055654775001341e-06
6.426047463722498651e-06
6.420141224805393008e-06
6.414245211906798883e-06
6.408097011502115160e-06
6.401964450825886210e-06
6.395825431609874158e-06
6.389519520166373426e-06
6.383357374655629239e-06
6.377182840114144590e-06
6.370949425998283698e-06
6.364690496227509302e-06
6.358334057372837592e-06
6.351977173179944964e-06
6.345686795455447638e-06
6.339469479344188414e-06
6.333235468991323424e-06
6.327060418624646292e-06
6.321007445717998413e-06
6.315013483333417144e-06
6.308954602132384826e-06
6.302918212054061700e-06
6.296951864673668068e-06
6.290982555529677574e-06
6.285135719109932859e-06
6.279332540465254071e-06
6.273578394250971345e-06
6.267775246464382994e-06
6.261957252073496071e-06
6.256007790995812164e-06
6.250060224984213548e-06
6.244165252117802825e-06
6.238133348425063888e-06
6.232108526833938478e-06
6.226217076547182752e-06
6.220409236062419367e-06
6.214585016401497465e-06
6.208719921490197558e-06
6.202937968099866902e-06
6.197220338942743028e-06
6.191543886444880432e-06
6.185915152574430901e-06
6.180309761317923736e-06
6.174833381279146074e-06
6.169435862167626581e-06
6.164041604119791125e-06
6.158820900138640041e-06
6.153626414798820826e-06
6.148276598659259390e-06
6.142828140684233941e-06
6.137396903249609791e-06
6.132010717297130399e-06
6.126558239837679745e-06
6.121174296577118148e-06
6.115806805326725992e-06
6.110561023666117037e-06
6.105489385126679878e-06
6.100401950348890911e-06
6.095491456442498321e-06
6.090545518193110503e-06
6.085705141491719501e-06
6.081028056818692086e-06
6.076314017618746642e-06
6.071843427556976808e-06
6.067350756653036369e-06
6.062746258678930233e-06
6.058108846390253250e-06
6.053401938971165173e-06
6.048725066031137225e-06
6.044201481099267448e-06
6.039807197215184406e-06
6.035401120333371514e-06
6.031166797068068099e-06
6.026873369281734289e-06
6.022554588555882908e-06
6.018237833534959491e-06
6.013837075748174720e-06
6.009419613070708940e-06
6.005059255972312943e-06
6.000591765373204699e-06
5.996047522589432518e-06
5.991752021632191809e-06
5.987499984429082964e-06
5.983366817791569630e-06
5.979206559150608429e-06
5.975148096383777666e-06
5.971059652111110455e-06
5.966942526016934615e-06
5.962815891931720199e-06
5.958832185290765011e-06
5.954823047048791212e-06
5.950818347062275144e-06
5.946902724899061002e-06
5.942931716952054607e-06
5.938983102398405463e-06
5.935050632977884926e-06
5.931171694342984904e-06
5.927285753684969576e-06
5.923370429656598019e-06
5.919493269212347635e-06
5.915615672820234358e-06
5.911776178768451656e-06
5.907933353046645234e-06
5.904381966074509014e-06
5.900827811499844822e-06
5.897253809900852471e-06
5.893736773009827581e-06
5.890075889014875423e-06
5.886198736918239765e-06
5.882392527923682966e-06
5.878531755677879427e-06
5.874627227748548667e-06
5.870757309057566703e-06
5.866870066325663144e-06
5.863023773128661097e-06
5.859093053107003602e-06
5.855291164111983900e-06
5.851392768139915890e-06
5.847594506971295970e-06
5.843765599466373058e-06
5.839906925731859557e-06
5.836133731934318399e-06
5.832324059527171465e-06
5.828522951370485547e-06
5.824793456689258335e-06
5.821042986415982661e-06
5.817304944046754014e-06
5.813628554548900797e-06
5.809958901278170865e-06
5.806219231042508750e-06
5.802441495802694994e-06
5.798724744868191867e-06
5.795067827986067558e-06
5.791313071770040635e-06
5.787470946559393607e-06
5.783815297655071047e-06
5.780212369612420517e-06
5.776589173668926798e-06
5.772775951248762278e-06
5.768910974618250347e-06
5.765018302987601000e-06
5.761214212310610677e-06
5.757452991341892758e-06
5.753615899679472499e-06
5.749875920272718031e-06
5.746166860813073485e-06
5.742427993778844753e-06
5.738774633035924150e-06
5.735108621476947506e-06
5.731429373068412753e-06
5.727858169596101152e-06
5.724270430756338664e-06
5.720605530271090633e-06
5.716979232107181548e-06
5.713376393408425341e-06
5.709786103786287174e-06
5.706189795677962665e-06
5.702602786488617717e-06
5.698903003065023931e-06
5.695298928988225558e-06
5.691681044499117047e-06
5.687981836876706389e-06
5.684338755210048098e-06
5.680633642291649685e-06
5.676999476393128562e-06
5.673471647761892728e-06
5.669985603100033217e-06
5.666552362978881964e-06
5.663220276539992516e-06
5.659921981494825445e-06
5.656703622551196731e-06
5.653494471140243366e-06
5.650389253293723939e-06
5.647289276729552628e-06
5.644230926144298682e-06
5.641208428955259998e-06
5.638193005813157988e-06
5.635182018282352981e-06
5.632063006958442020e-06
5.628934012963357399e-06
5.625807581253869183e-06
5.622696208408608884e-06
5.619501422147737386e-06
5.616241392047738694e-06
5.613107082449985992e-06
5.610155235728446234e-06
5.607165521631599481e-06
5.604159361252328496e-06
5.601180122021548034e-06
5.598030050667329796e-06
5.594785251784702504e-06
5.591578719722566066e-06
5.588289268753481506e-06
5.584856054951066939e-06
5.581312273424173964e-06
5.577752284005154521e-06
5.574161919355170615e-06
5.570600448779580759e-06
5.567181248066930413e-06
5.563721048835779158e-06
5.560289795886914097e-06
5.556946827111838668e-06
5.553642150826227570e-06
5.550223655260984161e-06
5.546811654023394323e-06
5.543391134325293230e-06
5.539990865573876369e-06
5.536592529860470242e-06
5.533075729544839501e-06
5.529567665339873117e-06
5.526088703561140389e-06
5.522569847269496092e-06
5.519050021172633032e-06
5.515556603687086435e-06
5.512014118502331710e-06
5.508398905167441695e-06
5.504856776273916399e-06
5.501321232672667085e-06
5.497820285739642623e-06
5.494306643788185037e-06
5.490844749763982664e-06
5.487416805749884246e-06
5.484109908358722352e-06
5.480846525183337953e-06
5.477650151762233299e-06
5.474492120473443198e-06
5.471303239008109520e-06
5.468122494463491206e-06
5.464985797468839747e-06
5.461974548104435741e-06
5.458957913908270743e-06
5.456039676322404748e-06
5.453197431658364238e-06
5.450439041045406051e-06
5.447733596566125329e-06
5.444961912520721414e-06
5.442301845690021194e-06
5.439590654253070320e-06
5.436852723882500031e-06
5.434119803459538387e-06
5.431330235232682150e-06
5.428513255361204605e-06
5.425664279280340070e-06
5.422885379636035983e-06
5.420115315495330220e-06
5.417341741460423715e-06
5.414574834214833585e-06
5.411820930007895103e-06
5.409069185725889385e-06
5.406381854136037784e-06
5.403659940847843117e-06
5.400879909485200907e-06
5.398090576268509177e-06
5.395321989867423435e-06
5.392633719068780629e-06
5.389953643503505752e-06
5.387383198566987455e-06
5.384819600262695878e-06
5.382250095444515305e-06
5.379678515968020190e-06
5.377075977867048484e-06
5.374432050011021337e-06
5.371817860654867385e-06
5.369150451319090996e-06
5.366563077353506022e-06
5.363977718689055876e-06
5.361338214834030724e-06
5.358728270142333186e-06
5.356107130260834142e-06
5.353492010394450639e-06
5.350886697277001170e-06
5.348267798513356573e-06
5.345618315187860640e-06
5.343012816485624564e-06
5.340440180522328161e-06
5.337796278250685546e-06
5.335286355670210722e-06
5.332748268519349743e-06
5.330236368990178144e-06
5.327694364629835202e-06
5.325238569381969404e-06
5.322815943476437412e-06
5.320330818287021665e-06
5.317945812508497700e-06
5.315590936346551382e-06
5.313280767906418240e-06
5.310936219466774908e-06
5.308714884006925219e-06
5.306427196445179027e-06
5.304122076089206755e-06
5.301738540441071268e-06
5.299309851279379073e-06
5.296915244144112365e-06
5.294478042244073871e-06
5.292064270763345986e-06
5.289694294821116485e-06
5.287333142457411682e-06
5.285019494265200083e-06
5.282631945894591502e-06
5.280166846250149243e-06
5.277721540061265140e-06
5.275270673314440594e-06
5.272892400318479637e-06
5.270527515526587412e-06
5.268137399889753310e-06
5.265807758851304562e-06
5.263428664322773849e-06
5.261086252750702444e-06
5.258737782629321961e-06
5.256422357368987750e-06
5.254145040315720654e-06
5.251868243204736925e-06
5.249613851872460931e-06
5.247364565486808510e-06
5.245089643249342565e-06
5.242724240622837361e-06
5.240355031707671334e-06
5.237954591347628039e-06
5.235567192063097074e-06
5.233269262613484820e-06
5.230996825168431866e-06
5.228764652160543995e-06
5.226512453913076130e-06
5.224296001349474254e-06
5.222056917629413074e-06
5.219823254723490918e-06
5.217546948663727465e-06
5.215220062942875350e-06
5.212937430033556196e-06
5.210674348724142497e-06
5.208498249265573715e-06
5.206394202535660849e-06
5.204294867954005158e-06
5.202168343270603283e-06
5.200028253989769089e-06
5.197871153125166585e-06
5.195720849595379250e-06
5.193590741484861037e-06
5.191476939202028863e-06
5.189341146543697307e-06
5.187227191719541071e-06
5.185070164317117595e-06
5.182911379651972959e-06
5.180800270651475847e-06
5.178664887881547281e-06
5.176466883010320831e-06
5.174294810994112778e-06
5.172207817679922756e-06
5.170205795672832170e-06
5.168124339876923894e-06
5.166043037706927253e-06
5.163872124445060662e-06
5.161739083649831460e-06
5.159643850218310189e-06
5.157651280355335465e-06
5.155694942209694976e-06
5.153777528955242580e-06
5.151930589691641857e-06
5.150040395828166904e-06
5.148159487818112068e-06
5.146253639207149775e-06
5.144341546921991726e-06
5.142414285260233225e-06
5.140455928533982659e-06
5.138421219450716189e-06
5.136415283382176316e-06
5.134339384005729170e-06
5.132237092301865651e-06
5.130158757639772269e-06
5.128083514908886886e-06
5.125994512242004221e-06
5.123945969504750714e-06
5.121931543572972689e-06
5.119878450456225776e-06
5.117841239135589363e-06
5.115791759105158790e-06
5.113767508826616427e-06
5.111824234400813817e-06
5.109774453056109317e-06
5.107775593757305387e-06
5.105788470443405009e-06
5.103784317703297301e-06
5.101770363326330636e-06
5.099779906728498759e-06
5.097814062804059687e-06
5.095803252557330660e-06
5.093837785354683608e-06
5.091941512377587097e-06
5.090157676242999545e-06
5.088465307037765075e-06
5.086795592178941897e-06
5.085174994629374024e-06
5.083478400788016041e-06
5.081856318709543978e-06
5.080251812043195704e-06
5.078674954242290981e-06
5.077213573796523807e-06
5.075736042709453240e-06
5.074235646258380176e-06
5.072746161342557695e-06
5.071279637784503896e-06
5.069785658606547167e-06
5.068315838899032612e-06
5.066825885092485103e-06
5.065267059242174832e-06
5.063686464873102431e-06
5.062029828264973271e-06
5.060369512010794819e-06
5.058725710926199861e-06
5.057086136014613795e-06
5.055324978350971793e-06
5.053591129976896330e-06
5.051821190099752169e-06
5.050008167297706262e-06
5.048072097800128394e-06
5.046169318475166791e-06
5.044262601850872016e-06
5.042369701785524261e-06
5.040439129052819293e-06
5.038513516698308811e-06
5.036669909170059225e-06
5.034777519289880016e-06
5.032866154887795097e-06
5.031028587491578352e-06
5.029175436856587797e-06
5.027353558387914638e-06
5.025535040686080218e-06
5.023702102762128132e-06
5.021861151017804993e-06
5.020059643448609662e-06
5.018240202401865054e-06
5.016403153782032330e-06
5.014595143939921208e-06
5.012774887166489149e-06
5.010952742665596645e-06
5.009121345113857175e-06
5.007231438758527328e-06
5.005308059425563618e-06
5.003407254371316883e-06
5.001531512690072083e-06
4.999605887714592810e-06
4.997671254802757410e-06
4.995745818180586002e-06
4.993834687003242957e-06
4.991952646299688071e-06
4.990054375097342794e-06
4.988230361474160857e-06
4.986339172950657497e-06
4.984483305649044277e-06
4.982652395055733032e-06
4.980828509091750395e-06
4.979034040202057930e-06
4.977177073787513339e-06
4.975339928437849573e-06
4.973507499613557737e-06
4.971681936958375311e-06
4.969877238137123905e-06
4.968016403483867585e-06
4.966205305039901248e-06
4.964453181445191160e-06
4.962670404221924053e-06
4.960852537181433928e-06
4.959053852356367490e-06
4.957240428092880825e-06
4.955454424891824983e-06
4.953777092800215979e-06
4.952114424951684932e-06
4.950467372241089387e-06
4.948800700625310587e-06
4.947169617315138656e-06
4.945465090426811130e-06
4.943786812523691689e-06
4.942112470301969153e-06
4.940478816038106939e-06
4.938892809430107146e-06
4.937270703323225511e-06
4.935666937811809768e-06
4.934061146254360811e-06
4.932474253197838400e-06
4.930857866155485528e-06
4.929212215059642249e-06
4.927608005044194129e-06
4.926066738536663542e-06
4.924583343072998642e-06
4.923117161832044937e-06
4.921652189277587866e-06
4.920204594062494370e-06
4.918785660033098971e-06
4.917373554847121165e-06
4.915909326951073126e-06
4.914380891555811314e-06
4.912791928887068959e-06
4.911189177571410655e-06
4.909590941928280808e-06
4.908025108711480867e-06
4.906429734603069475e-06
4.904784720529613789e-06
4.903176629452186577e-06
4.901575529245074017e-06
4.899964670745865500e-06
4.898332628416220509e-06
4.896712530117962451e-06
4.895125831239273405e-06
4.893513047797104833e-06
4.891898657381212487e-06
4.890283860506138508e-06
4.888653338418206659e-06
4.887046417834776482e-06
4.885484691729444987e-06
4.883914748345027516e-06
4.882354811161559381e-06
4.880786997540342729e-06
4.879206209021339923e-06
4.877613117709499933e-06
4.876006728781202646e-06
4.874408986683950794e-06
4.872780978850429962e-06
4.871169864365014448e-06
4.869534389089490561e-06
4.867904254157318569e-06
4.866306865332599472e-06
4.864658078956143452e-06
4.862998581680269634e-06
4.861382596263255854e-06
4.859766602316364491e-06
4.858113389935119598e-06
4.856474522703164946e-06
4.854854327196949466e-06
4.853215267859807025e-06
4.851521830691285442e-06
4.849787598054995984e-06
4.847985142927639669e-06
4.846194825952987074e-06
4.844423022250811136e-06
4.842617689895310566e-06
4.840782502768976892e-06
4.838942408042802320e-06
4.837084954716468831e-06
4.835252552760104433e-06
4.833390832955210865e-06
4.831587702604737588e-06
4.829797653399874692e-06
4.828049914050914929e-06
4.826322712140328874e-06
4.824634754640919349e-06
4.822903676781072177e-06
4.821147050917105959e-06
4.819392257759762447e-06
4.817627620438708933e-06
4.815860989747313207e-06
4.814093342253311116e-06
4.812340988518349960e-06
4.810590951599833205e-06
4.808836355489057632e-06
4.807083154678120795e-06
4.805342475761128129e-06
4.803603771984262735e-06
4.801826661412851868e-06
4.800064519160176198e-06
4.798296261988437648e-06
4.796565828556183939e-06
4.794847363626648733e-06
4.793118840025953569e-06
4.791398307621670815e-06
4.789670979127275103e-06
4.787933738394506998e-06
4.786165382876933223e-06
4.784406671559144705e-06
4.782655905972945660e-06
4.780907799335992834e-06
