5.009720555000027331e-04
5.021265167330895684e-04
4.205878739094049551e-04
3.642876160161230168e-04
3.270253188149255166e-04
3.011854734840737095e-04
2.796657746400603895e-04
2.626546582594842705e-04
2.551332562029162481e-04
2.470700895923483016e-04
2.377442884105224533e-04
2.287419439828686501e-04
2.199693868470654564e-04
2.121021192100266527e-04
2.049338042493960819e-04
1.988185847734717175e-04
1.929308101726542630e-04
1.875681399497037801e-04
1.830157093211482540e-04
1.784640338537717055e-04
1.741661060091908317e-04
1.701618221721107468e-04
1.664493854621207369e-04
1.630632967770291066e-04
1.598758592014091541e-04
1.571414795711578423e-04
1.546935243337526494e-04
1.520771677818112590e-04
1.495294751393749452e-04
1.470281086982094527e-04
1.446496269941720259e-04
1.424066782286405721e-04
1.402846156810113145e-04
1.382605057170178714e-04
1.362754614807504424e-04
1.344550806004419423e-04
1.326626978742984412e-04
1.309355510279505285e-04
1.293419898786478210e-04
1.277517457393498876e-04
1.262400082019019779e-04
1.247603914945317441e-04
1.233105299767129704e-04
1.219147758292752118e-04
1.205637772745764665e-04
1.192471345215019888e-04
1.179718769705161027e-04
1.167963582760727747e-04
1.157184813331240666e-04
1.146935965962762952e-04
1.137343652232482023e-04
1.127558669280918821e-04
1.119079138689831846e-04
1.110235016545201134e-04
1.101978858398520219e-04
1.094047617751881885e-04
1.086868109991625159e-04
1.079700179935673003e-04
1.075137108344660083e-04
1.069376389395792197e-04
1.064181461948457495e-04
1.060091715916183634e-04
1.055626118408076089e-04
1.050879481556737038e-04
1.048372100962237429e-04
1.045028606536334677e-04
1.041794985318296891e-04
1.039053777566901072e-04
1.037081339663836581e-04
1.035788484163039166e-04
1.034021871088371965e-04
1.032613285485110827e-04
1.030606345644101115e-04
1.028065301425432320e-04
1.025445398469937268e-04
1.023139241546095087e-04
1.020855981577853703e-04
1.018034768853878287e-04
1.014610857878918150e-04
1.011774763642156894e-04
1.008952413719347164e-04
1.006717965491252557e-04
1.005429540978517366e-04
1.004254969433555808e-04
1.002358627287778945e-04
1.001162165692572259e-04
1.000025243435135366e-04
9.988014761507489365e-05
9.968849725475877022e-05
9.940567730537901961e-05
9.907464793286661453e-05
9.870047946336209330e-05
9.831337834861887898e-05
9.791221371673214412e-05
9.756484765693139807e-05
9.714392900491618200e-05
9.678089100840798348e-05
9.641712901582411520e-05
9.608022199616556545e-05
9.572588300679816913e-05
9.539570595133858247e-05
9.505752387204197324e-05
9.469549955802516897e-05
9.432688208789010765e-05
9.394888591828961762e-05
9.360780822948496643e-05
9.327825362155508311e-05
9.294953859578200831e-05
9.262047399328772555e-05
9.235600932236087105e-05
9.209416673987894629e-05
9.183657725936385133e-05
9.161010732920850776e-05
9.135482641730575633e-05
9.111493367777435915e-05
9.087299245269812777e-05
9.063175681311370414e-05
9.038546381296237101e-05
9.014236122786266358e-05
8.989753904276509208e-05
8.963884697139348995e-05
8.936108422577487386e-05
8.905192859280865625e-05
8.875279526407648181e-05
8.843705503397112126e-05
8.811034189517194504e-05
8.777531844649429104e-05
8.744724786937363144e-05
8.711240381631127014e-05
8.678755835842323922e-05
8.646461788343990599e-05
8.614091728181327617e-05
8.582905818645277483e-05
8.551991823199435211e-05
8.522094779739906401e-05
8.492013613908857531e-05
8.462477146065537582e-05
8.433044510471799000e-05
8.404587547095556288e-05
8.377181317488319146e-05
8.350491234072134105e-05
8.323305196040075204e-05
8.296714017696738507e-05
8.270309487315498386e-05
8.244207209370091717e-05
8.218077631862944626e-05
8.192745767037835133e-05
8.166908846694018783e-05
8.141642848645305980e-05
8.116100934866163331e-05
8.091004458828911174e-05
8.067085172748827331e-05
8.043375781100744809e-05
8.019373779937694123e-05
7.995175141923177619e-05
7.971598141410587166e-05
7.948374265526208680e-05
7.926422252003777463e-05
7.904087881584201327e-05
7.881249262030033632e-05
7.858365901802055037e-05
7.835675077421243198e-05
7.813431213929065945e-05
7.791028229133459954e-05
7.768944658966538900e-05
7.746611294965671443e-05
7.724957447802605450e-05
7.703301605055155952e-05
7.681803251335181523e-05
7.660307008879545633e-05
7.639447873934875587e-05
7.618290400899813564e-05
7.597307220627271202e-05
7.575967689768959689e-05
7.554446354823540755e-05
7.532981493440113973e-05
7.511679597855943572e-05
7.490559126857578248e-05
7.469609595980973712e-05
7.448877578942766193e-05
7.428283815522280283e-05
7.407853761602902431e-05
7.387594397428466479e-05
7.367504793916364054e-05
7.347662599137245272e-05
7.327907768279390071e-05
7.308371490428750700e-05
7.288908600633409358e-05
7.269602216397624437e-05
7.250473215053379898e-05
7.231478383853989127e-05
7.212673415377892792e-05
7.194059259628469809e-05
7.175559260110331359e-05
7.157201679797613517e-05
7.138925252111060665e-05
7.120821913182043652e-05
7.102836993159856289e-05
7.085217361155349703e-05
7.067589540280238289e-05
7.050137265813839196e-05
7.032875753607779326e-05
7.015797077020825097e-05
6.998849562006799788e-05
6.982110472943238260e-05
6.965340579628385585e-05
6.948604137514658666e-05
6.931892051897125856e-05
6.915388305798260589e-05
6.898994573476334273e-05
6.882798446714386974e-05
6.866861016683506772e-05
6.850828428464498035e-05
6.834875949637230473e-05
6.818995800897306161e-05
6.803242722540071537e-05
6.787571907368758039e-05
6.772262979126753067e-05
6.756959664032421270e-05
6.741871216800526996e-05
6.726760881696308930e-05
6.711776340802569297e-05
6.696826044942100892e-05
6.681918559662766450e-05
6.667091292949335135e-05
6.652332172976939905e-05
6.637664132810394777e-05
6.623092367591140001e-05
6.608633026244783244e-05
6.594262781987929528e-05
6.579976545198278851e-05
6.565835500297422910e-05
6.551878400742559545e-05
6.538002115644158969e-05
6.524314344143353434e-05
6.510671558971816038e-05
6.497341849896532990e-05
6.484475578710194744e-05
6.472084471788757439e-05
6.459960262773674345e-05
6.448043448140939324e-05
6.436278294714078692e-05
6.424854384890549741e-05
6.413230410753460720e-05
6.401496007301509395e-05
6.389493169337819099e-05
6.377804832547911463e-05
6.366009512747924145e-05
6.354515260096810550e-05
6.343245286145150286e-05
6.332330255098982574e-05
6.321433045608866239e-05
6.310923148698826439e-05
6.300330462908776288e-05
6.289787919296261861e-05
6.278976324127538201e-05
6.268342944474084542e-05
6.257567934891608693e-05
6.246831495846508274e-05
6.236063978100095623e-05
6.225418313226612377e-05
6.214886986056185141e-05
6.204442798881424726e-05
6.193898855886148123e-05
6.183273597960843419e-05
6.173299257449634729e-05
6.163050308016249383e-05
6.153237209235992776e-05
6.143211171543765884e-05
6.132971667286663616e-05
6.122530642356573149e-05
6.112103250754659465e-05
6.101933529795405386e-05
6.092028672252360532e-05
6.081797216971942535e-05
6.071644791104177240e-05
6.061413049476370977e-05
6.051273028529090465e-05
6.041198339636445687e-05
6.031676895028217477e-05
6.021812331300281266e-05
6.012007423615321544e-05
6.002281261354266073e-05
5.992599535134312199e-05
5.983019080851419293e-05
5.973364239897959783e-05
5.963786567155435599e-05
5.954121206434381895e-05
5.944383341689452445e-05
5.934499221718151767e-05
5.924663642222837508e-05
5.914729333450215003e-05
5.904787172203189227e-05
5.894884585736932781e-05
5.885006954453348983e-05
5.875157679894123822e-05
5.865346604769285121e-05
5.855548258045206430e-05
5.845793047049127784e-05
5.836055979891589839e-05
5.826357153557762099e-05
5.816704283855955710e-05
5.807098369141781635e-05
5.797540211632230220e-05
5.788028525056882677e-05
5.778573350781288927e-05
5.769159025985000388e-05
5.759795028174191124e-05
5.750467698615515391e-05
5.741185321105349499e-05
5.731950037218398562e-05
5.722784088795586409e-05
5.713659267984225957e-05
5.704556944307992943e-05
5.695495523470693052e-05
5.686483042717179365e-05
5.677509372985720668e-05
5.668579057552164998e-05
5.659690369676943290e-05
5.650840242372264286e-05
5.642061008284265526e-05
5.633311145357362192e-05
5.624616977196067344e-05
5.615982558987968619e-05
5.607400613088638574e-05
5.598885873565589418e-05
5.590393969987791185e-05
5.581986682680138673e-05
5.573709162878088229e-05
5.565363426735700335e-05
5.557103979471538169e-05
5.548934721605711811e-05
5.540818632145833191e-05
5.532668621375421412e-05
5.524574892567715435e-05
5.516580937501012653e-05
5.508597423512850906e-05
5.500697956833278817e-05
5.492892937089604379e-05
5.485026376274308366e-05
5.477301285383264152e-05
5.469568246855388246e-05
5.461962509722499264e-05
5.454352175527373383e-05
5.446944773157179153e-05
5.439460498614549165e-05
5.432099170344638779e-05
5.424910765131570642e-05
5.417865234308935244e-05
5.410816748445857090e-05
5.403621181810609400e-05
5.396498693862164156e-05
5.389268715745703926e-05
5.381954937169331334e-05
5.374764629704639697e-05
5.367551732783672745e-05
5.360408856948593024e-05
5.353172017542116965e-05
5.345935993908522145e-05
5.338846805992218507e-05
5.331686696966448481e-05
5.324628330826540213e-05
5.317558178830181817e-05
5.310573310721225244e-05
5.303536205677108209e-05
5.296584312892486349e-05
5.289620586361883206e-05
5.282590901772906008e-05
5.275657173379352219e-05
5.268636363037819225e-05
5.261636868645329395e-05
5.254645383662672115e-05
5.247676178187161614e-05
5.240709190137723652e-05
5.233754645821813692e-05
5.226800362947468608e-05
5.219873165329230432e-05
5.212969974802676997e-05
5.206091929401397245e-05
5.199238211292718932e-05
5.192412338984270866e-05
5.185617391970899698e-05
5.178855059255034558e-05
5.172108762147125787e-05
5.165393485834878217e-05
5.158710028466183348e-05
5.152077143341550079e-05
5.145455172215520468e-05
5.138867303508077509e-05
5.132298465848334472e-05
5.125758360991012805e-05
5.119239357930781026e-05
5.112760076371513572e-05
5.106298046308692639e-05
5.099850375399375522e-05
5.093419360097807384e-05
5.087000552535020283e-05
5.080624882881021873e-05
5.074288052677032888e-05
5.067990682355397202e-05
5.061679068422058274e-05
5.055394469946044564e-05
5.049122107416680738e-05
5.042881568611584555e-05
5.036673360135120729e-05
5.030476825180514041e-05
5.024322301080926179e-05
5.018180958681076406e-05
5.012095200934549619e-05
5.005998595767257117e-05
4.999916341321121948e-05
4.993845718836788147e-05
4.987799638326999611e-05
4.981777078213066101e-05
4.975771416513500022e-05
4.969790849118640254e-05
4.963828311524309025e-05
4.957897582564634698e-05
4.952004150019717951e-05
4.946144013764424633e-05
4.940285795799812240e-05
4.934469934085159348e-05
4.928700809407416197e-05
4.922952309772473539e-05
4.917231483673856462e-05
4.911561880229960966e-05
4.905879920401189271e-05
4.900211055729005089e-05
4.894601817134490359e-05
4.888988253458811240e-05
4.883371707486688359e-05
4.877774186169788384e-05
4.872175089895963278e-05
4.866636208035918953e-05
4.861100655418159450e-05
4.855593240688029383e-05
4.850080885443161413e-05
4.844593209430962140e-05
4.839102583968196139e-05
4.833666541281396006e-05
4.828262461216244390e-05
4.822893905304230939e-05
4.817567676565941484e-05
4.812253271091759154e-05
4.806972095193228530e-05
4.801770056264937308e-05
4.796549444749167041e-05
4.791328800940890432e-05
4.786133183181444194e-05
4.781038670915810173e-05
4.775963476612268192e-05
4.770901089063962720e-05
4.765843513417405752e-05
4.760756699290247826e-05
4.755693473734164356e-05
4.750573839888456458e-05
4.745428608907975712e-05
4.740261138767986069e-05
4.735103014542063220e-05
4.729967785844307150e-05
4.724845016098060037e-05
4.719747926083768313e-05
4.714655296850519232e-05
4.709585857797124692e-05
4.704545891549706240e-05
4.699554177279548293e-05
4.694553446750953469e-05
4.689552695870279249e-05
4.684607287435290604e-05
4.679652029780315007e-05
4.674707684171156041e-05
4.669810576399249986e-05
4.664906678361513035e-05
4.660033258942509067e-05
4.655177890184056331e-05
4.650355426254896212e-05
4.645561612041549803e-05
4.640796938083796173e-05
4.636040731127008318e-05
4.631327952582683737e-05
4.626653702734617697e-05
4.621964206008443321e-05
4.617296145477460491e-05
4.612680042144457030e-05
4.608055188783682812e-05
4.603415540077097326e-05
4.598785192855616848e-05
4.594189144907392090e-05
4.589601164008002909e-05
4.585040460118996395e-05
4.580430087334871376e-05
4.575849412463463284e-05
4.571288811862229663e-05
4.566757721718653221e-05
4.562232664063574768e-05
4.557767777233006176e-05
4.553319637736578398e-05
4.548907652935770484e-05
4.544534751437673427e-05
4.540129294545122322e-05
4.535766256002948436e-05
4.531405721077284214e-05
4.527077299271422894e-05
4.522761235331051365e-05
4.518488477504026745e-05
4.514207732933376188e-05
4.509987233170301667e-05
4.505848412684351442e-05
4.501695197674834403e-05
4.497544712334616254e-05
4.493456781475468133e-05
4.489353731240769343e-05
4.485354864887824056e-05
4.481361061165334140e-05
4.477543258124316226e-05
4.473828146098042877e-05
4.470131411470311807e-05
4.466358451329656534e-05
4.462685151144383042e-05
4.458911923174398769e-05
4.455163881339518802e-05
4.451383827084031417e-05
4.447633460414200706e-05
4.443859585646827565e-05
4.440005326140417964e-05
4.436150420828047165e-05
4.432404377612046914e-05
4.428597594321250923e-05
4.424876630171847814e-05
4.421178410319726167e-05
4.417420193704752894e-05
4.413760304715408421e-05
4.410070871509874776e-05
4.406409243013277192e-05
4.402763406387623661e-05
4.399107191522643178e-05
4.395464038543799604e-05
4.391780481538992324e-05
4.388111098914853128e-05
4.384435221305756357e-05
4.380761988333171323e-05
4.377022578829281650e-05
4.373284596309034446e-05
4.369511604321787567e-05
4.365748928489656712e-05
4.361954925044267748e-05
4.358152783708669668e-05
4.354417975617624090e-05
4.350617564047414281e-05
4.346804287048034333e-05
4.343020386255841528e-05
4.339206496513307295e-05
4.335411794646167803e-05
4.331647095523432066e-05
4.327841479374443809e-05
4.324098892399155076e-05
4.320381288598016669e-05
4.316646177666535393e-05
4.312913014070369442e-05
4.309238206179757063e-05
4.305560020282208825e-05
4.301898597062814761e-05
4.298259305338506968e-05
4.294626287955360006e-05
4.290993194698537483e-05
4.287370327800048644e-05
4.283681056281521963e-05
4.279995601943088480e-05
4.276323687582743514e-05
4.272636458115962495e-05
4.268943057410839488e-05
4.265262170465427416e-05
4.261605829382248035e-05
4.257987981391243225e-05
4.254373421750166597e-05
4.250750067406208976e-05
4.247173022919668417e-05
4.243642388844714807e-05
4.240077835300874178e-05
4.236523271397332735e-05
4.233004895642825620e-05
4.229468601733399579e-05
4.225961936569632045e-05
4.222493033067546735e-05
4.219006181004581819e-05
4.215516146046272179e-05
4.212141636232805700e-05
4.208733848363224842e-05
4.205369845909415601e-05
4.201942013653715163e-05
4.198586377498456811e-05
4.195217271098213377e-05
4.191822244218276376e-05
4.188440775123411806e-05
4.185001909918370185e-05
4.181590302830244933e-05
4.178203667557511429e-05
4.174890326935742343e-05
4.171604420394672152e-05
4.168392943913059949e-05
4.165229061288673547e-05
4.162077482237648416e-05
4.158910464291312709e-05
4.155734590532325336e-05
4.152592915656502207e-05
4.149466758174618963e-05
4.146367961937906315e-05
4.143294099242181966e-05
4.140238779564788966e-05
4.137222832217705201e-05
4.134199847088441894e-05
4.131184535111258132e-05
4.128160629060380170e-05
4.125138283485257305e-05
4.122099228994423168e-05
4.119174826038057613e-05
4.116274081793420189e-05
4.113330667784254545e-05
4.110394826020861888e-05
4.107509590885485525e-05
4.104652397444031301e-05
4.101804784504227874e-05
4.099094957020263911e-05
4.096315794824781110e-05
4.093593702943162010e-05
4.090821803072304205e-05
4.088039668105618887e-05
4.085225426142450429e-05
4.082482770698424502e-05
4.079758636588107104e-05
4.077043079482534706e-05
4.074383233697982215e-05
4.071755946004129912e-05
4.069166709550524683e-05
4.066504936117669710e-05
4.063808334634761143e-05
4.061000172176494166e-05
4.058159231481711090e-05
4.055359753434760678e-05
4.052605921878021380e-05
4.049832166254246517e-05
4.047080771261091713e-05
4.044374951689970232e-05
4.041718023761299783e-05
4.039158514730035798e-05
4.036696125142234511e-05
4.034138269302141587e-05
4.031562017477716332e-05
4.029041113897142149e-05
4.026451768765812168e-05
4.023971428605443610e-05
4.021533341407578790e-05
4.019189674126790005e-05
4.016806888354510033e-05
4.014566743595526826e-05
4.012308104620977077e-05
4.010062417771695766e-05
4.007882315760003043e-05
4.005665679854698413e-05
4.003396985978749324e-05
4.001183032264398138e-05
3.998891874257188585e-05
3.996629794790482936e-05
3.994410192881877458e-05
3.992114554486842702e-05
3.989915730862777897e-05
3.987678094993457145e-05
3.985480967111039891e-05
3.983217620862429851e-05
3.980966133524820630e-05
3.978621079492254117e-05
3.976327010580215754e-05
3.974027494869539185e-05
3.971748449195449624e-05
3.969429276068877542e-05
3.967193793584522250e-05
3.964925849529646990e-05
3.962631933299607751e-05
3.960283777808672954e-05
3.957945521582129767e-05
3.955584654509543323e-05
3.953318497708265135e-05
3.951022751274715314e-05
3.948792807514358780e-05
3.946531723858968211e-05
3.944371962582118759e-05
3.942286639498567848e-05
3.940291387497455572e-05
3.938298516849976055e-05
3.936329806406179728e-05
3.934297246413676123e-05
3.932299041097294778e-05
3.930192229653560026e-05
3.928077857870925210e-05
3.926094386364560769e-05
3.924134212247336941e-05
3.922088680877781300e-05
3.920016714130304685e-05
3.917901298283734491e-05
3.915824368469108510e-05
3.913694601432407978e-05
3.911650313630951446e-05
3.909609631685035557e-05
3.907576281385618345e-05
3.905550961797243990e-05
3.903480140533074785e-05
3.901436487249757511e-05
3.899402027280534576e-05
3.897443394221303768e-05
3.895466919902990333e-05
3.893586286853122324e-05
3.891735943199947705e-05
3.889808982580738179e-05
3.887821165526618553e-05
3.885859543638089215e-05
3.883787125691869654e-05
3.881777406315640468e-05
3.879822213363305839e-05
3.877727758290313355e-05
3.875614337618060398e-05
3.873427512371256811e-05
3.871271292134819504e-05
3.869069242112595371e-05
3.866860881150261845e-05
3.864670716250163409e-05
3.862542617253202819e-05
3.860399132476589684e-05
3.858240562375031774e-05
3.856097225226554347e-05
3.853976394324873297e-05
3.851818568016172960e-05
3.849716360309109740e-05
3.847587772720927361e-05
3.845543958646424490e-05
3.843475376699829972e-05
3.841402422428537381e-05
3.839288823864018619e-05
3.837202351948515829e-05
3.835117995931137475e-05
3.833059165106786061e-05
3.830984238661425535e-05
3.828919168537709008e-05
3.826817355230325261e-05
3.824741554059726069e-05
3.822625724699520649e-05
3.820483672283800413e-05
3.818306849931076680e-05
3.816090687037421972e-05
3.813874677581571176e-05
3.811585272097286987e-05
3.809292148756053981e-05
3.807024176025116817e-05
3.804787768574393106e-05
3.802581091982535114e-05
3.800405465268843228e-05
3.798251998922927712e-05
3.796089501023870120e-05
3.793891436400560763e-05
3.791711600137567670e-05
3.789527221224479246e-05
3.787338221602442977e-05
3.785165178117559496e-05
3.782978226586987175e-05
3.780773763785938923e-05
3.778616414169119948e-05
3.776420112857404091e-05
3.774247186883295348e-05
3.772062489031344923e-05
3.769902383582376281e-05
3.767723505568299874e-05
3.765555065387987958e-05
3.763351658185136857e-05
3.761162962755627197e-05
3.759032005133460078e-05
3.756846489284558418e-05
3.754676471930790647e-05
3.752474863593899571e-05
3.750242942866175284e-05
3.748011128496921612e-05
3.745770888874128400e-05
3.743540774753221383e-05
3.741293519888124006e-05
3.739091923742912887e-05
3.736886483899076462e-05
3.734661240230600834e-05
3.732462523076233589e-05
3.730230116397517670e-05
3.727993334661738699e-05
3.725741173279088639e-05
3.723505406821991107e-05
3.721265601938023238e-05
3.719039846154475310e-05
3.716813363691565488e-05
3.714579861131483908e-05
3.712376903341658182e-05
3.710159062021068006e-05
3.707948984817668523e-05
3.705747474290567363e-05
3.703548461999573799e-05
3.701339629556262234e-05
3.699135252411548844e-05
3.696908470905206726e-05
3.694674387382990599e-05
3.692450889253762105e-05
3.690215680234487145e-05
3.687976641228589333e-05
3.685734584040200750e-05
3.683495479394185355e-05
3.681269357255154286e-05
3.679044451090348011e-05
3.676808208086988989e-05
3.674607037629470702e-05
3.672402721658741891e-05
3.670178942326249733e-05
3.667958928761969024e-05
3.665728187520328463e-05
3.663494764786370621e-05
3.661272060727522053e-05
3.659055431896648117e-05
3.656846049397459648e-05
3.654632659544240726e-05
3.652430335988952041e-05
3.650231426985136413e-05
3.648049362642337705e-05
3.645872812493071256e-05
3.643709350422211641e-05
3.641536506553904684e-05
3.639361411902950307e-05
3.637190658186736502e-05
3.635012888283131017e-05
3.632848079945209270e-05
3.630681490394840563e-05
3.628515025338743897e-05
3.626359211799207681e-05
3.624199439563868797e-05
3.622039889873792295e-05
3.619885549240446404e-05
3.617733947725155607e-05
3.615582159977238268e-05
3.613434377461403744e-05
3.611289328904238890e-05
3.609152060213159836e-05
3.607016868752663962e-05
3.604900398752625151e-05
3.602789180538190097e-05
3.600681936893498599e-05
3.598579033125894224e-05
3.596476222084721985e-05
3.594387854166333931e-05
3.592297895765624428e-05
3.590222975227699360e-05
3.588151768915774756e-05
3.586093301890552916e-05
3.584041371321875560e-05
3.581997234108827145e-05
3.579962391534360471e-05
3.577928384952391356e-05
3.575899813251028373e-05
3.573857205887370981e-05
3.571816671317066562e-05
3.569777104306349011e-05
3.567731652102024056e-05
3.565692455678842043e-05
3.563661750142752308e-05
3.561636759985643071e-05
3.559605838036024799e-05
3.557573069734346299e-05
3.555544554381876560e-05
3.553518582259077192e-05
3.551486405829456513e-05
3.549460268544008370e-05
3.547436088066455064e-05
3.545436276003043915e-05
3.543439975587572025e-05
3.541455504465519915e-05
3.539460469148092929e-05
3.537475287222122789e-05
3.535477697074974272e-05
3.533488585920311503e-05
3.531500536834222825e-05
3.529512167432706049e-05
3.527523210892945162e-05
3.525534475624263805e-05
3.523547824993482304e-05
3.521563009087225345e-05
3.519580906309792098e-05
3.517602945258762286e-05
3.515625616291583066e-05
3.513652760057680397e-05
3.511686703749149316e-05
3.509722051789733802e-05
3.507756049920294166e-05
3.505794878737774478e-05
3.503840012499482903e-05
3.501883950564059798e-05
3.499931484370911587e-05
3.497980910837896135e-05
3.496032861071734956e-05
3.494087954142474607e-05
3.492146353717226226e-05
3.490210549824470802e-05
3.488283523399005298e-05
3.486358848952011665e-05
3.484439795516879837e-05
3.482518443632678592e-05
3.480601592120962094e-05
3.478690422355154588e-05
3.476779216175174351e-05
3.474867450112211718e-05
3.472960855594877614e-05
3.471056279599115052e-05
3.469158636769124264e-05
3.467261354880046592e-05
3.465365828586894581e-05
3.463472625927386465e-05
3.461581703778580910e-05
3.459693986720808020e-05
3.457811642625261089e-05
3.455933251987012428e-05
3.454060868293757405e-05
3.452192975549685960e-05
3.450323809293759597e-05
3.448457719772970650e-05
3.446595661931246737e-05
3.444734713860639108e-05
3.442877497681309280e-05
3.441027838306770070e-05
3.439179663881223242e-05
3.437341313454148089e-05
3.435503714674122117e-05
3.433672349567018479e-05
3.431842887112673493e-05
3.430019143710095363e-05
3.428196997121438422e-05
3.426372751708183612e-05
3.424554829724528839e-05
3.422734076907008949e-05
3.420914602309184268e-05
3.419104181074227185e-05
3.417300060186733080e-05
3.415500944811627424e-05
3.413693695069055595e-05
3.411891258304372045e-05
3.410088393015142053e-05
3.408288167074889744e-05
3.406492161001367110e-05
3.404702824866289758e-05
3.402919022463357337e-05
3.401138966188973340e-05
3.399357956171158133e-05
3.397578339329559950e-05
3.395798706732932107e-05
3.394019120427756652e-05
3.392240014247427463e-05
3.390463726172477320e-05
3.388690611864094928e-05
3.386922223940103279e-05
3.385159728298323638e-05
3.383401681969189472e-05
3.381643582187702357e-05
3.379891561467832534e-05
3.378140616171478955e-05
3.376388586903135788e-05
3.374638935535739516e-05
3.372893309055223190e-05
3.371150835650455900e-05
3.369412837217874496e-05
3.367676408489420650e-05
3.365945597807051164e-05
3.364217334395124757e-05
3.362498466981483734e-05
3.360790751997581286e-05
3.359075649667797879e-05
3.357365455742017271e-05
3.355656015839886822e-05
3.353955376069690976e-05
3.352258134901888023e-05
3.350558535059546022e-05
3.348858900694698452e-05
3.347169289482134489e-05
3.345485446752534229e-05
3.343800051190291226e-05
3.342114297868813117e-05
3.340421347343772580e-05
3.338737680845644363e-05
3.337056683984466885e-05
3.335391169526753607e-05
3.333725533653735760e-05
3.332071382000144577e-05
3.330428833778659474e-05
3.328781074338298649e-05
3.327145689605110423e-05
3.325506648788264938e-05
3.323874411668811715e-05
3.322239445808815642e-05
3.320598416600869623e-05
3.318964402156742924e-05
3.317330205230228734e-05
3.315702381641501430e-05
3.314087375826976864e-05
