1.100542015818964381e-02
8.859429084339972768e-03
8.350618352490365645e-03
8.684453045795226950e-03
9.003403520629010490e-03
9.058695604414196065e-03
9.076673998827234843e-03
9.045933853296691043e-03
8.942476458338765796e-03
8.859447019810682070e-03
8.741766162698854162e-03
8.626238167717731678e-03
8.539299168114274433e-03
8.416845822263053709e-03
8.240814190060875843e-03
8.074387308165599519e-03
7.934310115185094076e-03
7.836956008595595546e-03
7.744882662191073484e-03
7.648090915717767856e-03
7.571085779583691840e-03
7.506663177634967724e-03
7.440729474162793323e-03
7.384351638133680382e-03
7.334376456079051351e-03
7.279761082266862637e-03
7.240483971558219975e-03
7.201162413127924766e-03
7.161754840422097576e-03
7.136361723745634524e-03
7.117812389952411778e-03
7.114941857066718438e-03
7.107139732124202573e-03
7.104693319837359321e-03
7.109645777552873157e-03
7.108854421711608730e-03
7.100607312670534528e-03
7.092507185157584208e-03
7.092599805941594490e-03
7.098068065320929133e-03
7.101957952194039650e-03
7.104970360042497067e-03
7.117638100602045707e-03
7.127201327876676873e-03
7.134955758053176771e-03
7.143515687923252672e-03
7.144756769279899701e-03
7.135907982091379068e-03
7.128578488934651444e-03
7.118917004894805695e-03
7.109182517876890157e-03
7.101805652078053109e-03
7.097128181120671703e-03
7.092481593727530988e-03
7.083389718875652413e-03
7.075856310642762541e-03
7.067078540380452266e-03
7.053901493006027069e-03
7.035156791135749668e-03
7.018304659192495243e-03
7.001438634896239334e-03
6.985565003388831753e-03
6.968153837762155155e-03
6.951549026277336653e-03
6.935489191396640267e-03
6.916274853425499573e-03
6.892463407782817644e-03
6.869872473073428479e-03
6.847022309717538426e-03
6.823354777501783666e-03
6.799921006966705428e-03
6.777664024913220876e-03
6.755229666545287462e-03
6.732797964231240426e-03
6.709396721291061884e-03
6.686221970830597341e-03
6.663183431738529082e-03
6.640054031600872361e-03
6.617825462355675370e-03
6.595411990872416044e-03
6.573260269554263499e-03
6.551632478314258802e-03
6.529712757365271208e-03
6.508193841925432807e-03
6.485952100577343886e-03
6.464373908897991412e-03
6.442095694495367578e-03
6.420525697257846789e-03
6.398614457313251021e-03
6.376749342778512304e-03
6.354035359698357970e-03
6.331870961207274225e-03
6.310134543378594953e-03
6.288324274953261198e-03
6.267763113275270220e-03
6.248979562542392001e-03
6.229411901323414144e-03
6.209140516217613072e-03
6.188701615963216641e-03
6.169053241444275026e-03
6.150323416238321662e-03
6.132098418530234664e-03
6.114086296218906522e-03
6.097371109012738807e-03
6.081198530219537879e-03
6.065453992795771972e-03
6.048385655306654299e-03
6.030549267176267721e-03
6.011928967523606088e-03
5.992688543960280820e-03
5.973075591359050703e-03
5.953699969954703158e-03
5.934274297296701813e-03
5.915403959530746159e-03
5.897332860172700350e-03
5.879744792328526690e-03
5.861986718532406770e-03
5.844821392413793344e-03
5.827967400211803671e-03
5.811590665197982793e-03
5.796402831935699128e-03
5.781508777056479365e-03
5.767174417195075273e-03
5.752844582736265505e-03
5.738022638183577773e-03
5.723672698067788431e-03
5.709640514644903284e-03
5.695341294259115804e-03
5.681351242587748783e-03
5.667100590484110828e-03
5.652277221931405367e-03
5.637316062179165317e-03
5.622998337063364778e-03
5.608143111639989249e-03
5.593058942460806156e-03
5.577571514149964708e-03
5.562163033506052276e-03
5.546429719073250886e-03
5.530552851587781406e-03
5.515068009912754352e-03
5.499738575657017389e-03
5.484545755669869085e-03
5.469521272352903009e-03
5.454535441094722319e-03
5.440019404991233189e-03
5.425620933422131177e-03
5.411572576126832783e-03
5.398063610451577995e-03
5.385108123916957854e-03
5.372760754248625224e-03
5.360610936532140929e-03
5.348842687614514292e-03
5.337333505884391330e-03
5.325786075684451649e-03
5.314200814762345959e-03
5.302921882364958379e-03
5.291601947849063937e-03
5.279934314484703919e-03
5.268482727014927973e-03
5.257155194696014854e-03
5.245756956604122161e-03
5.234512091979284625e-03
5.223250037111878269e-03
5.211980582404744829e-03
5.200802368332370709e-03
5.189876110318219354e-03
5.179183754537245582e-03
5.168541463550258529e-03
5.157885553675928964e-03
5.147281506530355932e-03
5.136609739692492467e-03
5.125784406404009820e-03
5.114654390324956980e-03
5.103643351334246139e-03
5.092599033109965895e-03
5.081745814916796729e-03
5.070991658271034423e-03
5.060230979290529507e-03
5.049506137918480936e-03
5.038778511703376553e-03
5.028023432456520635e-03
5.017246622016018065e-03
5.006462667412229367e-03
4.995879774707810868e-03
4.985116886826456394e-03
4.974215062664866932e-03
4.963307869444195594e-03
4.952192646079429765e-03
4.941157934915301267e-03
4.930062782549897958e-03
4.918867326752442322e-03
4.907610663020961668e-03
4.896247563646209840e-03
4.884940858123833218e-03
4.873580432872467658e-03
4.862251109020418287e-03
4.851018453908287169e-03
4.840055896743781019e-03
4.829144845881734073e-03
4.818293978055420909e-03
4.807573767798790573e-03
4.796861598058927388e-03
4.786124204664806044e-03
4.775443697749862972e-03
4.764870993675266245e-03
4.754400524233684880e-03
4.744021096085748040e-03
4.733729993023254659e-03
4.723601950143604435e-03
4.713482394255999984e-03
4.703307642360363139e-03
4.693131740135456954e-03
4.683058423820920559e-03
4.673104706030400783e-03
4.663218805325941574e-03
4.653380204311618334e-03
4.643565157638270165e-03
4.633820030927976626e-03
4.624215429395677097e-03
4.614592973194693928e-03
4.605155366743471194e-03
4.595765919478093410e-03
4.586472604331964104e-03
4.577183191228984330e-03
4.567965424382673320e-03
4.558791776777200259e-03
4.549649371908924891e-03
4.540534884929422858e-03
4.531498438491382216e-03
4.522524745979130019e-03
4.513652163888178144e-03
4.504750064530072332e-03
4.495965810849311510e-03
4.487409960103190890e-03
4.478909163037067022e-03
4.470548926423120913e-03
4.462323478525530643e-03
4.454106088684588530e-03
4.445910203929623154e-03
4.437813215075814451e-03
4.429729044014607368e-03
4.421716572812484959e-03
4.413691155059466971e-03
4.405708541943652648e-03
4.397714965312667090e-03
4.389695495563453002e-03
4.381722058487856272e-03
4.373737114238951569e-03
4.365775334773483798e-03
4.357792892261603233e-03
4.349802066844708423e-03
4.341886288453678140e-03
4.333968192446115142e-03
4.326037210369281481e-03
4.318109591359034320e-03
4.310244126657999594e-03
4.302452107523104148e-03
4.294720346441970732e-03
4.287041163446015518e-03
4.279426304035924278e-03
4.271833603551317485e-03
4.264307700411212702e-03
4.256857788971449980e-03
4.249506896142125900e-03
4.242161275233918491e-03
4.234820364690821196e-03
4.227481290614741420e-03
4.220213890627649324e-03
4.212970282037500902e-03
4.205773493321590499e-03
4.198611450256282442e-03
4.191497568938093443e-03
4.184385666975469313e-03
4.177362577775831955e-03
4.170373540528549659e-03
4.163410110109590917e-03
4.156451769471927390e-03
4.149517050188401314e-03
4.142631110191297844e-03
4.135821816784499873e-03
4.129042909185093833e-03
4.122288084682525743e-03
4.115494708241917293e-03
4.108786690382303097e-03
4.102145707831818949e-03
4.095598613114107868e-03
4.089090823181705178e-03
4.082572862207155089e-03
4.076089006955633740e-03
4.069629309207531929e-03
4.063213289723113970e-03
4.056819603158865438e-03
4.050429848422706577e-03
4.043999980686229651e-03
4.037583334647406978e-03
4.031151381743996835e-03
4.024720235043284175e-03
4.018335908658745952e-03
4.011923003147778617e-03
4.005562509429498423e-03
3.999209735908140079e-03
3.992790402097312445e-03
3.986383113732491768e-03
3.979964832251076112e-03
3.973582754217827757e-03
3.967225478005815924e-03
3.960865648058800245e-03
3.954545306391587731e-03
3.948234383579272630e-03
3.941950065892701506e-03
3.935698132222846014e-03
3.929481637995680017e-03
3.923297823223528477e-03
3.917138418413758198e-03
3.910987318480262445e-03
3.904848423292177611e-03
3.898728098372917193e-03
3.892630414713393189e-03
3.886563897985923031e-03
3.880520007755757124e-03
3.874494937732695776e-03
3.868493814145064925e-03
3.862518594230970968e-03
3.856569288191825234e-03
3.850648835647927943e-03
3.844753008962070902e-03
3.838879024678175204e-03
3.833035985897941238e-03
3.827220045286711548e-03
3.821433208582337981e-03
3.815671748552978797e-03
3.809935243217332963e-03
3.804222294835490990e-03
3.798532143371442620e-03
3.792878908024210471e-03
3.787251031740669713e-03
3.781656002347976841e-03
3.776084997234895654e-03
3.770549354582037119e-03
3.765048340984878793e-03
3.759583734753371362e-03
3.754154116265153752e-03
3.748744575754463237e-03
3.743366231789330492e-03
3.738019277042921133e-03
3.732692574677278982e-03
3.727382735379452215e-03
3.722093900319100191e-03
3.716818587550807691e-03
3.711554150332869138e-03
3.706308887081324367e-03
3.701083649487387894e-03
3.695877338278427161e-03
3.690691905942959389e-03
3.685531412528977695e-03
3.680398280853160262e-03
3.675292890636348668e-03
3.670207363721509925e-03
3.665133643189089768e-03
3.660081015453352498e-03
3.655041091804317986e-03
3.650024309738215955e-03
3.645021417450086242e-03
3.640031711541209369e-03
3.635057468275316658e-03
3.630108048880445644e-03
3.625180115803234172e-03
3.620276655557023993e-03
3.615398613065734165e-03
3.610538466232848711e-03
3.605704239380291571e-03
3.600890533623731828e-03
3.596113585923355147e-03
3.591359048761305888e-03
3.586622656209965520e-03
3.581899022970614493e-03
3.577191616156057564e-03
3.572493390864753260e-03
3.567828895310102416e-03
3.563188854839125820e-03
3.558573537683695515e-03
3.553972225492933647e-03
3.549380397051630706e-03
3.544804325915882747e-03
3.540254834260018763e-03
3.535732850387017078e-03
3.531232122359610325e-03
3.526741213416450648e-03
3.522266334410604702e-03
3.517802279286856224e-03
3.513346981808101056e-03
3.508898974961456932e-03
3.504465981422652792e-03
3.500048889020599286e-03
3.495647663493893238e-03
3.491257042060360184e-03
3.486886186565229216e-03
3.482525439892246964e-03
3.478183528351982967e-03
3.473855031023484214e-03
3.469540457542125839e-03
3.465234941574674328e-03
3.460941301670324936e-03
3.456663519474902340e-03
3.452405964618163528e-03
3.448166512975382996e-03
3.443945481634665216e-03
3.439740767117824283e-03
3.435554661606205970e-03
3.431386498140507387e-03
3.427241473851130784e-03
3.423114863724980531e-03
3.419008116913727253e-03
3.414924127597870809e-03
3.410858452564294319e-03
3.406807917182219040e-03
3.402768496169776297e-03
3.398742291254894070e-03
3.394730349428122605e-03
3.390737668591779601e-03
3.386769766000279243e-03
3.382821745568575893e-03
3.378877093286841542e-03
3.374952950414668480e-03
3.371042439492837398e-03
3.367146348301900457e-03
3.363260823209096237e-03
3.359371495325917320e-03
3.355485069138546515e-03
3.351599066196070571e-03
3.347727711828569607e-03
3.343871329623216305e-03
3.340026283885886866e-03
3.336193322692201403e-03
3.332372530802050863e-03
3.328568470173996589e-03
3.324781112552538213e-03
3.321015132035240458e-03
3.317261621059041602e-03
3.313525873677706027e-03
3.309808036751600048e-03
3.306105656255874450e-03
3.302416328706153734e-03
3.298735669818842874e-03
3.295071225359801678e-03
3.291425424432151050e-03
3.287798348381225106e-03
3.284182168807347514e-03
3.280571259228020915e-03
3.276972835554409040e-03
3.273375160592946302e-03
3.269783884318335204e-03
3.266203062427267424e-03
3.262635138442400613e-03
3.259082700155690755e-03
3.255540434051201575e-03
3.252009093952604527e-03
3.248488064432859118e-03
3.244982399111388457e-03
3.241498658267677555e-03
3.238021655961652399e-03
3.234559693234301259e-03
3.231103099381900205e-03
3.227659718770438477e-03
3.224226464483281440e-03
3.220814885970690704e-03
3.217421810284911907e-03
3.214044611025406589e-03
3.210683997684247049e-03
3.207337940024710191e-03
3.204003391945296937e-03
3.200672309636512936e-03
3.197349281421207022e-03
3.194029687754455522e-03
3.190716325693472750e-03
3.187414830001673686e-03
3.184119592579825932e-03
3.180842960324095983e-03
3.177575774784861893e-03
3.174330305312781514e-03
3.171085778509628861e-03
3.167843684079803268e-03
3.164608933950301389e-03
3.161386423952528002e-03
3.158176466613822619e-03
3.154985342819618521e-03
3.151803870878758327e-03
3.148632883710418811e-03
3.145471890790786998e-03
3.142322439109823066e-03
3.139186760574673527e-03
3.136062065213295058e-03
3.132944322008120175e-03
3.129834735901517850e-03
3.126742143484008158e-03
3.123654304559671333e-03
3.120578160724252637e-03
3.117518237329875916e-03
3.114468406297297900e-03
3.111435373134939248e-03
3.108411432258415853e-03
3.105400514738138745e-03
3.102407903198692654e-03
3.099421685787005082e-03
3.096447925830477389e-03
3.093479822540662425e-03
3.090520292097494875e-03
3.087580782093543932e-03
3.084651526046739475e-03
3.081735052720544019e-03
3.078827053797319590e-03
3.075934836681364169e-03
3.073051347624648506e-03
3.070168771509442125e-03
3.067290883090950920e-03
3.064419219817853240e-03
3.061560339600304971e-03
3.058709983399326114e-03
3.055876064982741315e-03
3.053054339415293104e-03
3.050262264170376745e-03
3.047485918032434311e-03
3.044692995334864760e-03
3.041903583627667777e-03
3.039127752905912937e-03
3.036368426797036307e-03
3.033608038078115018e-03
3.030865350878314025e-03
3.028123291382259219e-03
3.025387433614329814e-03
3.022658378603133768e-03
3.019929875604813237e-03
3.017218721319286315e-03
3.014527147821457684e-03
3.011842853593342962e-03
3.009166724487041290e-03
3.006498151201299988e-03
3.003820813441508090e-03
3.001163129463758558e-03
2.998503886514589187e-03
2.995847451994107340e-03
2.993198233712071697e-03
2.990551443190422876e-03
2.987904787797503008e-03
2.985263745010790625e-03
2.982627236409203259e-03
2.979983573006463743e-03
2.977342345735117194e-03
2.974701885661622334e-03
2.972056257231875821e-03
2.969410269910383125e-03
2.966764778384701085e-03
2.964123352500635383e-03
2.961485126136660824e-03
2.958851533269817816e-03
2.956225521017311585e-03
2.953608596643125458e-03
2.950998257583094427e-03
2.948392495181211773e-03
2.945791137619270701e-03
2.943190052372990535e-03
2.940595611614562656e-03
2.938009259339143149e-03
2.935432181314256983e-03
2.932860875335357390e-03
2.930302148579046282e-03
2.927753589043112416e-03
2.925219749872700128e-03
2.922700521936233246e-03
2.920185566297445624e-03
2.917678645805306739e-03
2.915179045889283640e-03
2.912696807403274656e-03
2.910222823789397010e-03
2.907756843551811791e-03
2.905298918828180376e-03
2.902847828997768501e-03
2.900408425217099965e-03
2.897980773370778095e-03
2.895563763841405795e-03
2.893160346286636608e-03
2.890756409051017852e-03
2.888364946014532805e-03
2.885983690669534103e-03
2.883614603923697998e-03
2.881243657453893322e-03
2.878875492452684891e-03
2.876517294412960467e-03
2.874157792911024179e-03
2.871812664367907973e-03
2.869475834681701597e-03
2.867139100779695238e-03
2.864815814255290520e-03
2.862508347044291461e-03
2.860213465279478912e-03
2.857921310561780531e-03
2.855627529632202583e-03
2.853348007081791225e-03
2.851076017503224695e-03
2.848811205537868114e-03
2.846555830705536222e-03
2.844317002327969267e-03
2.842076474140537833e-03
2.839846697021728133e-03
2.837619112194212680e-03
2.835387701586196667e-03
2.833167651111360725e-03
2.830951203092545339e-03
2.828745703949996949e-03
2.826548101041567816e-03
2.824363006255067952e-03
2.822189022857684183e-03
2.820022007915387249e-03
2.817859715454024399e-03
2.815711869803850294e-03
2.813565738146150182e-03
2.811432585698536105e-03
2.809300745221465084e-03
2.807178665206886119e-03
2.805061513304187102e-03
2.802954517121519079e-03
2.800861198697151156e-03
2.798775145041310433e-03
2.796684332077314667e-03
2.794603237067959985e-03
2.792535254717255604e-03
2.790478252908919817e-03
2.788419821980340878e-03
2.786371970168757990e-03
2.784316345438211243e-03
2.782267685976755594e-03
2.780229935830174585e-03
2.778209368969721763e-03
2.776204539371012261e-03
2.774213109070933474e-03
2.772229521175280636e-03
2.770260006212397867e-03
2.768285086260783342e-03
2.766310643573354888e-03
2.764345966433946408e-03
2.762384841271166985e-03
2.760425428593709946e-03
2.758456902870559408e-03
2.756501429224635178e-03
2.754560068905328139e-03
2.752626589603833409e-03
2.750709229715681426e-03
2.748797852635245700e-03
2.746889468400972711e-03
2.744983438190514140e-03
2.743080335182652204e-03
2.741177276159059619e-03
2.739272894058201666e-03
2.737372601259578219e-03
2.735487826683127757e-03
2.733627648515884415e-03
2.731781462432777800e-03
2.729940049485801018e-03
2.728104571027570140e-03
2.726269030247252534e-03
2.724450876568673772e-03
2.722641043591701466e-03
2.720839317418996539e-03
2.719045182928163298e-03
2.717252550140645141e-03
2.715469252997576317e-03
2.713684753792908796e-03
2.711898413297896254e-03
2.710107528889573424e-03
2.708315880766363690e-03
2.706516558807204893e-03
2.704713392865163660e-03
2.702906646728206724e-03
2.701112257154255659e-03
2.699330813200154135e-03
2.697562444970486809e-03
2.695795190547723829e-03
2.694024419198270872e-03
2.692251254558244381e-03
2.690476715227980813e-03
2.688703275940502405e-03
2.686921125713945431e-03
2.685124066279942576e-03
2.683322081721818252e-03
2.681523003216863734e-03
2.679716510810478073e-03
2.677904609849458308e-03
2.676084334385560488e-03
2.674265188410689283e-03
2.672445759974066606e-03
2.670632435705518146e-03
2.668820045039143989e-03
2.667020046101346679e-03
2.665233680847692820e-03
2.663457403007466525e-03
2.661695547220249095e-03
2.659942272810693516e-03
2.658188678376488361e-03
2.656437641140106058e-03
2.654685810840717863e-03
2.652934866447513584e-03
2.651180103643472220e-03
2.649428628156688236e-03
2.647678312857441006e-03
2.645935260984704201e-03
2.644199688235091602e-03
2.642466922822771323e-03
2.640733774465945510e-03
2.638994233139277390e-03
2.637257910165178958e-03
2.635519074884763117e-03
2.633782210247517623e-03
2.632059271021306487e-03
2.630347193131721880e-03
2.628632051979948661e-03
2.626922359115038338e-03
2.625205750410667446e-03
2.623495468464155048e-03
2.621787224303279932e-03
2.620078016539908843e-03
2.618364292860002936e-03
2.616652888131646478e-03
2.614945963565615348e-03
2.613245437215038630e-03
2.611551324775701708e-03
2.609860896409016331e-03
2.608164800371000000e-03
2.606469912647342829e-03
2.604769976280978203e-03
2.603077631509507529e-03
2.601389205860920283e-03
2.599702780013777702e-03
2.598014784368470834e-03
2.596322999718370887e-03
2.594634585943067246e-03
2.592956752322695020e-03
2.591285197708658068e-03
2.589612276467817640e-03
2.587943621793673508e-03
2.586277430190642764e-03
2.584617899863065997e-03
2.582960079289598788e-03
2.581301208695993468e-03
2.579641755070055231e-03
2.577984769922759840e-03
2.576328425025486285e-03
2.574669027349031809e-03
2.573008214104840954e-03
2.571345977602685056e-03
2.569690316948142986e-03
2.568041183451451586e-03
2.566394503645054101e-03
2.564756232914611276e-03
2.563122442512685058e-03
2.561490673714333487e-03
2.559868738640766039e-03
2.558252203305773267e-03
2.556641303841050098e-03
2.555034340317873572e-03
2.553438157973794524e-03
2.551844017299125401e-03
2.550254119574248135e-03
2.548664934981591246e-03
2.547083311083361661e-03
2.545508489382514693e-03
2.543941960138888184e-03
2.542377669454704524e-03
2.540816863097154939e-03
2.539256749507875621e-03
2.537700714432648396e-03
2.536148046733487527e-03
2.534603202710272035e-03
2.533063944720651429e-03
2.531521099942775962e-03
2.529977365304822076e-03
2.528434808039947430e-03
2.526894814780346939e-03
2.525354293140041374e-03
2.523819552233545413e-03
2.522291298056713281e-03
2.520771054790475318e-03
2.519261664449372762e-03
2.517756436856275013e-03
2.516255574638239997e-03
2.514755892577350167e-03
2.513263483007141617e-03
2.511766035414343245e-03
2.510270451531261375e-03
2.508782633777163762e-03
2.507298007734479108e-03
2.505814536854924536e-03
2.504338622059386690e-03
2.502867332801466272e-03
2.501394826939425456e-03
2.499921180699100649e-03
2.498449563056042572e-03
2.496982979967157356e-03
2.495525018221610158e-03
2.494061195181025096e-03
2.492600301218839565e-03
2.491142506864394215e-03
2.489683153661349183e-03
2.488228792574971246e-03
2.486775429279637541e-03
2.485329272751465608e-03
2.483894231080069522e-03
2.482470106794174274e-03
2.481056709135631005e-03
2.479646247783586464e-03
2.478239626487104517e-03
2.476834804932611257e-03
2.475439533321512672e-03
2.474044468134942165e-03
2.472639969075562417e-03
2.471234563680544619e-03
2.469832397720225607e-03
2.468427026360188806e-03
2.467014139005104315e-03
2.465597160465575217e-03
2.464182638192621237e-03
2.462764315375767267e-03
2.461346770807022917e-03
2.459932387141683038e-03
2.458523466156269620e-03
2.457113842509195140e-03
2.455708016585689876e-03
2.454304615035761503e-03
2.452902360036801448e-03
2.451502313864115622e-03
2.450107734294578246e-03
2.448709172758817970e-03
2.447318134603029653e-03
2.445930008994265208e-03
2.444544089874012630e-03
2.443162631021861524e-03
2.441780561901440039e-03
2.440391219808054658e-03
2.438998449797991335e-03
2.437607231575650204e-03
2.436214617956201749e-03
2.434822249732307431e-03
2.433427740472018930e-03
2.432033168068399587e-03
2.430640156907131789e-03
2.429248163558541014e-03
2.427858978782167915e-03
2.426474901654397057e-03
2.425091829530853175e-03
2.423706996692925972e-03
2.422321545955284303e-03
2.420936178698387519e-03
2.419553029427667836e-03
2.418171996940742408e-03
2.416795088668495517e-03
2.415424416185125208e-03
2.414054829138133264e-03
2.412689386720531879e-03
2.411326398200029034e-03
2.409969845410497771e-03
2.408616298479956171e-03
2.407264808672008368e-03
2.405915569308974752e-03
2.404566705329310057e-03
2.403220957176003571e-03
2.401877220423757984e-03
2.400535233750958342e-03
2.399192139661845968e-03
2.397852089359991425e-03
2.396514383783880740e-03
2.395175397359085127e-03
2.393835323776611831e-03
2.392495396675685046e-03
2.391155424520649379e-03
2.389816643896334591e-03
2.388481657294303211e-03
2.387149643000866829e-03
2.385821942571292494e-03
2.384493159774474149e-03
2.383169809715978815e-03
2.381846781208126797e-03
2.380526391385228910e-03
2.379206691744437802e-03
2.377885956344066593e-03
2.376566083766910604e-03
2.375248281191339687e-03
2.373931688968599317e-03
2.372619047639314659e-03
2.371307274014485163e-03
2.369997961544490720e-03
2.368689606980706359e-03
2.367383530102777894e-03
2.366081135530873330e-03
2.364778781318251522e-03
2.363475919824265664e-03
2.362174456370826851e-03
2.360874525979896141e-03
2.359574852377138623e-03
2.358276801281410009e-03
2.356979863763969136e-03
2.355685005491699267e-03
2.354392203495450815e-03
2.353100753420602279e-03
2.351811367473392086e-03
2.350522581514424142e-03
2.349233261776400954e-03
2.347945189533128061e-03
2.346659451637519989e-03
2.345375889097175027e-03
2.344094010948761554e-03
2.342813705716872107e-03
2.341535259779275839e-03
2.340256337124014662e-03
2.338979028892295385e-03
2.337703076776665324e-03
2.336428855723304051e-03
2.335156330388872634e-03
2.333885003316209673e-03
2.332615394578479388e-03
2.331347441556956470e-03
2.330081700590153938e-03
2.328818266170521248e-03
2.327557027439379825e-03
2.326297994444562027e-03
2.325042053739950244e-03
2.323788038126031654e-03
2.322535870975099039e-03
2.321286159634945116e-03
2.320038706563810026e-03
2.318793194980530836e-03
2.317549822246930177e-03
2.316308777953752195e-03
2.315070051265138203e-03
2.313832782021023066e-03
2.312596734904172335e-03
2.311362695920225491e-03
2.310130515229304182e-03
2.308899870173274690e-03
2.307670831137494712e-03
2.306444019044676802e-03
2.305219663884981989e-03
2.303997254829740545e-03
2.302777270052629340e-03
2.301558693820727856e-03
2.300342077751624074e-03
2.299128176141627868e-03
2.297916248064363429e-03
2.296705730453625985e-03
2.295498322154059488e-03
2.294292621775672475e-03
2.293089463564011721e-03
2.291887687861181907e-03
2.290687534210870870e-03
2.289489385873373639e-03
2.288293052607062207e-03
2.287097757531570980e-03
2.285903777672670771e-03
2.284711050488102448e-03
2.283520268170959652e-03
2.282331208957421535e-03
2.281143758796042725e-03
2.279958810563706331e-03
2.278775889314355041e-03
2.277594407934375922e-03
2.276414335254264062e-03
2.275235718436966186e-03
2.274059209655979793e-03
2.272884573369856123e-03
2.271711866148564372e-03
2.270541031067164518e-03
2.269372266234823219e-03
2.268205626522781706e-03
2.267040428927765815e-03
2.265876485451323672e-03
2.264714232003698507e-03
2.263554380975566719e-03
2.262395969756793041e-03
2.261239322537351819e-03
2.260084275186149787e-03
2.258930999709485472e-03
2.257779555825381070e-03
2.256629691477474251e-03
2.255482163675540629e-03
2.254336083951829443e-03
2.253191222746211107e-03
2.252047724243798690e-03
2.250905773189873331e-03
2.249765318988170872e-03
2.248626489853263518e-03
2.247489393112011777e-03
2.246354143928853096e-03
2.245220646756457879e-03
2.244088854997936151e-03
2.242958666021737518e-03
2.241830136520643092e-03
2.240703324732975458e-03
2.239578191186135814e-03
2.238454752945012293e-03
2.237333001700992415e-03
2.236212937425650134e-03
2.235094572852176689e-03
