1.631045691485807220e-03
1.799286161958183394e-03
1.824198000577845463e-03
1.625506668402315353e-03
1.462803902635729332e-03
1.342362996789153978e-03
1.250039359902802103e-03
1.170249311811598185e-03
1.104314073569215727e-03
1.047672429600927891e-03
9.991732227998886828e-04
9.569311468799156228e-04
9.197171277066483333e-04
8.912769420441052489e-04
8.647454370644539531e-04
8.400416937142992507e-04
8.181628387149360348e-04
7.992523736679163493e-04
7.797497467783240117e-04
7.619497609704711447e-04
7.451731779155050441e-04
7.296825266873172922e-04
7.151123963125033834e-04
7.009517252759079123e-04
6.877386384354893922e-04
6.746859305582391438e-04
6.628847510656833654e-04
6.514307472125919736e-04
6.404440280986907963e-04
6.297962301290274461e-04
6.201668914675734917e-04
6.110244089238268169e-04
6.020581846500249129e-04
5.934612553695084057e-04
5.852274517711842771e-04
5.772766032083371688e-04
5.694572084127746611e-04
5.619490406030710995e-04
5.547649941414046311e-04
5.478221892784752725e-04
5.413246822101703366e-04
5.349677257102140523e-04
5.288231194300964432e-04
5.228663833286418096e-04
5.172415378423192824e-04
5.118152822453964253e-04
5.065940130593023054e-04
5.014578388789981333e-04
4.964715621061582341e-04
4.917505251665199714e-04
4.870604150698427427e-04
4.825170030605151813e-04
4.781296851278836685e-04
4.738042287286343729e-04
4.695608194266109804e-04
4.654035908906264431e-04
4.613228803380146296e-04
4.573527753038435402e-04
4.534605253053326378e-04
4.496778099779162249e-04
4.459937498992848099e-04
4.424285511971225854e-04
4.389352101820202237e-04
4.355223753178705682e-04
4.321930075829222870e-04
4.289309024267353365e-04
4.257425471432889591e-04
4.226259107511998658e-04
4.195819125656460218e-04
4.166295355816670271e-04
4.137376389426303171e-04
4.109070657269975357e-04
4.081269064736762066e-04
4.053691438751815044e-04
4.026681857140473452e-04
4.000122884358317966e-04
3.974127093041651356e-04
3.948582746038598263e-04
3.923559413071098343e-04
3.899000050393798739e-04
3.874865215288070481e-04
3.851165610702929993e-04
3.827896028871649115e-04
3.805213254534011379e-04
3.783016640589271454e-04
3.761590266340320986e-04
3.740187861162173649e-04
3.719791311330151833e-04
3.699720302949966962e-04
3.679835915031933261e-04
3.660533078463758597e-04
3.641298166652490263e-04
3.622284437016840930e-04
3.603383386391825370e-04
3.584995147845317044e-04
3.566810192152528383e-04
3.548999267545085751e-04
3.531246481003714002e-04
3.513613439832989432e-04
3.496194405614827636e-04
3.479190445515634210e-04
3.462700092831757668e-04
3.447177270277286282e-04
3.431787161604196766e-04
3.416842005790232022e-04
3.401505933304050451e-04
3.386046797688782302e-04
3.370625189528450041e-04
3.355329155298291256e-04
3.340228821504399978e-04
3.325307331975959420e-04
3.310447523919003666e-04
3.295768475619621730e-04
3.281313633844088330e-04
3.267065862432784354e-04
3.252957393689695541e-04
3.239027876659601149e-04
3.225274675787710276e-04
3.211698758072552783e-04
3.198309297768415159e-04
3.185068182812924730e-04
3.171991592899653834e-04
3.159096256083129437e-04
3.146492115641311388e-04
3.133944521121094571e-04
3.121548613305897310e-04
3.109328061958819005e-04
3.097323386158669627e-04
3.085512622638964257e-04
3.073724539691728925e-04
3.062150896537011108e-04
3.050754864271441988e-04
3.039399294495611303e-04
3.028302610918574703e-04
3.017438684430233191e-04
3.006598957623057974e-04
2.995812954565280485e-04
2.985196702999301640e-04
2.974867102815719659e-04
2.964383178280661081e-04
2.953885385653871637e-04
2.943466699080469129e-04
2.933156826911778874e-04
2.922959586244906934e-04
2.912925669118097754e-04
2.903010878288087579e-04
2.893184894687440703e-04
2.883426619464791551e-04
2.873748065623380941e-04
2.864153146581347137e-04
2.854679645537791023e-04
2.845318872905921049e-04
2.836177811526157961e-04
2.827162179162305469e-04
2.818296222053317873e-04
2.809480572984612173e-04
2.800907160575222873e-04
2.792635873344147452e-04
2.784605124358136312e-04
2.776694602093395230e-04
2.769065085521014665e-04
2.761627133805852254e-04
2.754394479547181223e-04
2.747406022984279174e-04
2.741037131777589154e-04
2.734428940167165484e-04
2.727991925544661885e-04
2.721633907590638489e-04
2.715124667922260327e-04
2.708430279968682196e-04
2.701545163558894042e-04
2.694491095482354475e-04
2.687711144247725056e-04
2.680776327151582900e-04
2.673845497805425568e-04
2.666898188349704985e-04
2.660013906633838343e-04
2.653399362934216071e-04
2.646959214273244816e-04
2.640710246726126940e-04
2.634306579583261588e-04
2.627953502420908301e-04
2.621588433804211303e-04
2.615166869122943468e-04
2.608709965222742733e-04
2.602306032743166445e-04
2.596071610935998548e-04
2.589862303426135846e-04
2.583486192437550559e-04
2.577016661547824774e-04
2.570505297297704522e-04
2.564175067752119046e-04
2.557863702819464691e-04
2.551568864433693723e-04
2.545387978675646683e-04
2.539174229413040376e-04
2.533111648722815592e-04
2.526918451476795253e-04
2.520883491611645836e-04
2.515012590293720109e-04
2.509251988198220838e-04
2.503574840948065471e-04
2.498010406878590768e-04
2.492511934834912486e-04
2.486884387561428557e-04
2.481141309611304660e-04
2.475443289951986380e-04
2.469773941054161114e-04
2.464083769080810697e-04
2.458402884174053465e-04
2.452734756950176185e-04
2.447068657924443276e-04
2.441469629733966510e-04
2.435828296334637346e-04
2.430181929294478454e-04
2.424550613442925831e-04
2.418957816386472809e-04
2.413409207502588232e-04
2.407893575560440596e-04
2.402414898059197063e-04
2.396975075265575701e-04
2.391573675492516279e-04
2.386205377766433011e-04
2.380875411021912105e-04
2.375596362416447982e-04
2.370341120642429299e-04
2.365115756207869697e-04
2.359932002391727248e-04
2.354773732482823745e-04
2.349650309473366911e-04
2.344565652913846855e-04
2.339542773179037244e-04
2.334577122292111665e-04
2.329662383613540703e-04
2.324809740845528154e-04
2.320022771461362600e-04
2.315214713750560888e-04
2.310437136509012898e-04
2.305711257366681191e-04
2.301025258788116478e-04
2.296355928512376447e-04
2.291703491831623683e-04
2.287050294861944105e-04
2.282439251304875874e-04
2.277846319394489572e-04
2.273256672486584080e-04
2.268710203681693536e-04
2.264163937300276753e-04
2.259646547535240429e-04
2.255149792447757988e-04
2.250664747021311493e-04
2.246211670090014257e-04
2.241804936663842861e-04
2.237401436274417228e-04
2.233036652742529499e-04
2.228702842940611512e-04
2.224384615943151666e-04
2.220080374304120882e-04
2.215796273128383808e-04
2.211532234690565478e-04
2.207293409076578638e-04
2.203078400992097244e-04
2.198889956701964164e-04
2.194724625593641725e-04
2.190591059922851436e-04
2.186492034532206471e-04
2.182427124991857380e-04
2.178360691783847879e-04
2.174311807759945689e-04
2.170283313729199585e-04
2.166292721753805973e-04
2.162338664781011032e-04
2.158403152125482494e-04
2.154492969851046300e-04
2.150603315999301225e-04
2.146748597643847523e-04
2.142887599106442899e-04
2.139031753703806403e-04
2.135195808399586905e-04
2.131379820180881468e-04
2.127589710598192907e-04
2.123819388597878040e-04
2.120066082508668720e-04
2.116330543405796414e-04
2.112614447310440062e-04
2.108932498724879368e-04
2.105271978381129832e-04
2.101643568085679778e-04
2.098080100084850018e-04
2.094551776523075168e-04
2.091057755204440982e-04
2.087555021475284765e-04
2.084089202818400870e-04
2.080702967428991654e-04
2.077350961062450756e-04
2.074028053065033979e-04
2.070773233175522655e-04
2.067495200840202248e-04
2.064269595859065084e-04
2.061050576186921452e-04
2.057875156210893638e-04
2.054723505339354291e-04
2.051579889205534389e-04
2.048477539251625332e-04
2.045377812502871160e-04
2.042292931983936228e-04
2.039216934229746948e-04
2.036167828204005670e-04
2.033074181973566915e-04
2.029951701396768735e-04
2.026922268928183391e-04
2.023937168082265295e-04
2.020985886645708396e-04
2.018005745048509448e-04
2.015038724554981851e-04
2.012073695150140052e-04
2.009126303506297969e-04
2.006151771148275136e-04
2.003114042336816302e-04
2.000035312856995732e-04
1.996967031496687736e-04
1.993932599019387767e-04
1.990902687925681115e-04
1.987882203256514761e-04
1.984876846072537119e-04
1.981895366763421022e-04
1.978963820169017858e-04
1.976050050995022578e-04
1.973205172771123536e-04
1.970420839208534495e-04
1.967653134683267936e-04
1.964887271258989405e-04
1.962067852190999310e-04
1.959238099422008468e-04
1.956372293649601005e-04
1.953533598935874231e-04
1.950732878374367542e-04
1.947943056043454648e-04
1.945198570578750947e-04
1.942491722979287623e-04
1.939815463365530089e-04
1.937166580794190017e-04
1.934565328751556483e-04
1.932013432979587950e-04
1.929404392003321420e-04
1.926748919053452257e-04
1.924106563162611948e-04
1.921502814956300910e-04
1.918941228490671713e-04
1.916371759140953379e-04
1.913844363583971789e-04
1.911336280728289218e-04
1.908855177936660840e-04
1.906337209078377956e-04
1.903831202808347136e-04
1.901310886302374397e-04
1.898789615666939587e-04
1.896278026346173446e-04
1.893774870390491864e-04
1.891217102020536546e-04
1.888657021558197901e-04
1.886087114131519877e-04
1.883526595854103530e-04
1.881006407470983829e-04
1.878507290311571512e-04
1.875989108096274823e-04
1.873497196253370877e-04
1.871010270634083277e-04
1.868549968770988508e-04
1.866083721786304976e-04
1.863600850781315223e-04
1.861140845504888168e-04
1.858675683177371237e-04
1.856209867873680197e-04
1.853750615835721919e-04
1.851296394045287769e-04
1.848860722450425948e-04
1.846438182838637510e-04
1.844006286853682602e-04
1.841587566790110016e-04
1.839179193841603769e-04
1.836778683515452202e-04
1.834398666396338119e-04
1.832033957623242803e-04
1.829680899167804699e-04
1.827325973950995189e-04
1.824967137050806669e-04
1.822619528318446432e-04
1.820278042036785825e-04
1.817951884371178824e-04
1.815632164131401579e-04
1.813324503082680550e-04
1.811030312574909030e-04
1.808741783369331420e-04
1.806460089550693975e-04
1.804180232258739485e-04
1.801906590900418422e-04
1.799641494213742403e-04
1.797384890542426926e-04
1.795137004443191780e-04
1.792900641939898856e-04
1.790674471107772604e-04
1.788451638049915295e-04
1.786236935467944446e-04
1.784030866493786641e-04
1.781832937581716216e-04
1.779644281972378862e-04
1.777469354074276246e-04
1.775299944341043987e-04
1.773143633212270298e-04
1.770996438984479948e-04
1.768866226616409843e-04
1.766746950393582166e-04
1.764644393428494102e-04
1.762541031997286124e-04
1.760443236799220143e-04
1.758358296072458826e-04
1.756273504014281193e-04
1.754200143182820719e-04
1.752128401671954744e-04
1.750060570840556470e-04
1.747990873049178029e-04
1.745923618940642473e-04
1.743863539164744762e-04
1.741811854786242720e-04
1.739768159456727380e-04
1.737735629879395296e-04
1.735709724309613636e-04
1.733699846452593026e-04
1.731708926934673754e-04
1.729724327904650564e-04
1.727742228378340375e-04
1.725760225620739225e-04
1.723785840285784506e-04
1.721821394300866704e-04
1.719859743221771251e-04
1.717912388858276729e-04
1.715973433293551298e-04
1.714033509654527571e-04
1.712095337960624396e-04
1.710160865907240019e-04
1.708236530095349961e-04
1.706319250509964421e-04
1.704410125302072490e-04
1.702504288848572260e-04
1.700600445490038984e-04
1.698705114982879507e-04
1.696813367085278710e-04
1.694925441586305728e-04
1.693041147058994052e-04
1.691163254419559073e-04
1.689294398582598768e-04
1.687434849434932195e-04
1.685588896646150845e-04
1.683755303936705118e-04
1.681932462421687391e-04
1.680113700576215102e-04
1.678313716592840638e-04
1.676534623451443227e-04
1.674761548146665190e-04
1.672985450504966762e-04
1.671211615728173284e-04
1.669447121119859486e-04
1.667696951285494637e-04
1.665941713426210787e-04
1.664189315314924507e-04
1.662447760604710836e-04
1.660711587565857341e-04
1.658973843962711079e-04
1.657232685932122590e-04
1.655492612423068637e-04
1.653753872566674020e-04
1.652023512479110820e-04
1.650305449239518113e-04
1.648586558552632051e-04
1.646867735138905688e-04
1.645155546321598399e-04
1.643454863812359725e-04
1.641762473002455298e-04
1.640072646972733810e-04
1.638401260644260185e-04
1.636747539508664117e-04
1.635088459517124420e-04
1.633423125567997735e-04
1.631764332161076921e-04
1.630116858878642879e-04
1.628480371877646102e-04
1.626854737656136321e-04
1.625215894419463139e-04
1.623587142451129030e-04
1.621969512881669766e-04
1.620363008122622573e-04
1.618770758659404511e-04
1.617184356489485689e-04
1.615612608267114460e-04
1.614036300356981048e-04
1.612478063801978004e-04
1.610927486006669921e-04
1.609355542642951762e-04
1.607778723037789283e-04
1.606195719022086160e-04
1.604605621779719722e-04
1.603015919925041802e-04
1.601433260830167503e-04
1.599855619219603723e-04
1.598280569563570994e-04
1.596708947152473870e-04
1.595145221619736575e-04
1.593593051480455885e-04
1.592048186911011341e-04
1.590510143797507867e-04
1.588971651205168352e-04
1.587438196760262261e-04
1.585908622146709824e-04
1.584384163168460447e-04
1.582860524038733638e-04
1.581334021058731197e-04
1.579812714897539541e-04
1.578291714334403427e-04
1.576773506028354753e-04
1.575260292776318148e-04
1.573751725013845587e-04
1.572246467552436237e-04
1.570745524055295705e-04
1.569248945978129735e-04
1.567759187572271467e-04
1.566274429520839509e-04
1.564796824217848565e-04
1.563324529862196270e-04
1.561855547139555248e-04
1.560386697699292144e-04
1.558920488003087148e-04
1.557459893899618521e-04
1.556005664927788076e-04
1.554558606119765482e-04
1.553115760997046072e-04
1.551673293575641440e-04
1.550236452655391985e-04
1.548798374266343767e-04
1.547364505730763169e-04
1.545934801719397414e-04
1.544508005960597567e-04
1.543085279976188801e-04
1.541666736333748987e-04
1.540252850357089198e-04
1.538843180206380279e-04
1.537436935267170611e-04
1.536037332923995255e-04
1.534642533058925033e-04
1.533258796547086662e-04
1.531883458262125130e-04
1.530506193919406032e-04
1.529135891724457393e-04
1.527765321040144982e-04
1.526392463903570782e-04
1.525025093132626234e-04
1.523663028641597474e-04
1.522302575740900384e-04
1.520953654345013034e-04
1.519604773931617064e-04
1.518260659981532379e-04
1.516932536659803643e-04
1.515610987274394533e-04
1.514305963779439147e-04
1.513002064013812208e-04
1.511719343372720954e-04
1.510445707206681796e-04
1.509174632796712228e-04
1.507921517110915948e-04
1.506672791099697276e-04
1.505449389423076263e-04
1.504215454375343330e-04
1.502988024329552773e-04
1.501749259963461596e-04
1.500514911977200618e-04
1.499298879641361470e-04
1.498092511904686142e-04
1.496901339513146518e-04
1.495723483164669750e-04
1.494547067175161417e-04
1.493412519929346761e-04
1.492313499154129916e-04
1.491221315498366296e-04
1.490127736330365820e-04
1.489046707339584420e-04
1.487970100493354604e-04
1.486905371356915442e-04
1.485839892547134212e-04
1.484760569703989449e-04
1.483696947952745928e-04
1.482649409221683883e-04
1.481617416563038147e-04
1.480591640272626924e-04
1.479555205951874714e-04
1.478513782997630205e-04
1.477457789919389231e-04
1.476393502804670130e-04
1.475335554724437699e-04
1.474271947116217410e-04
1.473202837911001767e-04
1.472142094278543212e-04
1.471076940375470508e-04
1.469995045967012080e-04
1.468918886929593238e-04
1.467855062632803735e-04
1.466799005175172812e-04
1.465742838035631525e-04
1.464679044406269712e-04
1.463609418914530987e-04
1.462557002974332169e-04
1.461519259521661151e-04
1.460476090955637330e-04
1.459431567207117070e-04
1.458376960655104128e-04
1.457344091399168085e-04
1.456297501501767149e-04
1.455259990210038348e-04
1.454273177998044865e-04
1.453279727078595439e-04
1.452311000488645169e-04
1.451366151200213532e-04
1.450436110935303521e-04
1.449505920429554318e-04
1.448557959869222573e-04
1.447609611342529318e-04
1.446673054594975558e-04
1.445728008845862539e-04
1.444776459520584499e-04
1.443817613810068111e-04
1.442863671003683944e-04
1.441925566165603158e-04
1.440967840207912660e-04
1.440014472521148118e-04
1.439065492398767382e-04
1.438114710277084104e-04
1.437189691870122024e-04
1.436269382897179458e-04
1.435367417425307483e-04
1.434490262264238121e-04
1.433641711397863887e-04
1.432812338005470506e-04
1.431988036552620013e-04
1.431182139804086358e-04
1.430389636595492204e-04
1.429605633568698886e-04
1.428797076773121485e-04
1.427977313370747028e-04
1.427143466057196328e-04
1.426324832916228799e-04
1.425501749095994678e-04
1.424648222339549913e-04
1.423765571372473274e-04
1.422865958777131247e-04
1.421952717280294712e-04
1.421030195027773546e-04
1.420109017869027783e-04
1.419192753802119141e-04
1.418275437110778654e-04
1.417353889687532407e-04
1.416410047618150687e-04
1.415453683220804369e-04
1.414496115677480565e-04
1.413552766802472261e-04
1.412612243093093012e-04
1.411682647817328088e-04
1.410750751525349659e-04
1.409809913570714886e-04
1.408860396484075015e-04
1.407910001288242797e-04
1.406940053847971733e-04
1.405964826497546833e-04
1.404989582758840684e-04
1.404013928047704403e-04
1.403049348766186955e-04
1.402101606196958351e-04
1.401143507079524459e-04
1.400176671866161060e-04
1.399207952222388093e-04
1.398255926520489882e-04
1.397304225702017497e-04
1.396348457035150015e-04
1.395393220735348275e-04
1.394450701471955649e-04
1.393521871194790675e-04
1.392600087031653229e-04
1.391693084211391277e-04
1.390785268875690823e-04
1.389873568593653300e-04
1.388977833821673172e-04
1.388078595519375892e-04
1.387201476814903006e-04
1.386322404598200483e-04
1.385454166184790098e-04
1.384608526984059697e-04
1.383767518152065302e-04
1.382923377323927894e-04
1.382080224127202415e-04
1.381223548986142027e-04
1.380362889294947681e-04
1.379520835316142935e-04
1.378701829308843141e-04
1.377890411833496771e-04
1.377087701368340559e-04
1.376282508969378464e-04
1.375467286307443637e-04
1.374643183172284352e-04
1.373821897973088850e-04
1.373002413413668436e-04
1.372175840730956045e-04
1.371345106514326707e-04
1.370522389292473198e-04
1.369718385654419932e-04
1.368928893558926988e-04
1.368159669551562011e-04
1.367400637927592105e-04
1.366625731465044189e-04
1.365853785997431572e-04
1.365085888606071957e-04
1.364301208574104170e-04
1.363514427573974189e-04
1.362716057580777964e-04
1.361910761019625386e-04
1.361094600350479863e-04
1.360258075794604032e-04
1.359420098853340950e-04
1.358568374042079692e-04
1.357728774083408749e-04
1.356882615027405696e-04
1.356021157262192640e-04
1.355175820242482247e-04
1.354323672635077190e-04
1.353485333451255840e-04
1.352650030375118924e-04
1.351815926951111218e-04
1.350984751811701550e-04
1.350149512497929977e-04
1.349308151319479534e-04
1.348468419222135486e-04
1.347627354645851970e-04
1.346790813573534604e-04
1.345956025575001196e-04
1.345121022491204278e-04
1.344280817185880810e-04
1.343428860828952852e-04
1.342576260950989009e-04
1.341735640603749775e-04
1.340895643630708397e-04
1.340056340868393521e-04
1.339225986312784957e-04
1.338380809767111509e-04
1.337549208286779639e-04
1.336713533019774104e-04
1.335883586316157195e-04
1.335061055661977973e-04
1.334234207879316252e-04
1.333421651521259413e-04
1.332617658216872308e-04
1.331815622249940025e-04
1.331011971802670670e-04
1.330205024184403985e-04
1.329401061523371216e-04
1.328604999566590787e-04
1.327821716310264384e-04
1.327025326227040567e-04
1.326222187248418595e-04
1.325417349077665495e-04
1.324605907287618482e-04
1.323808253884108880e-04
1.323015449190189578e-04
1.322221275419897010e-04
1.321428349232213765e-04
1.320634458860753756e-04
1.319850068735786827e-04
1.319072583373529027e-04
1.318311753185473099e-04
1.317555589725689707e-04
1.316796253471368367e-04
1.316052772083971581e-04
1.315307986515789349e-04
1.314558371602814397e-04
1.313800636233515475e-04
1.313040303073454481e-04
1.312288406649493263e-04
1.311535816331411552e-04
1.310782956915609930e-04
1.310019309109093405e-04
1.309249616665747777e-04
1.308482166758647553e-04
1.307721141508444039e-04
1.306955997165673491e-04
1.306186275215313083e-04
1.305421668996482475e-04
1.304643480956115562e-04
1.303864243524763570e-04
1.303090445491482808e-04
1.302327815537076660e-04
1.301576688632955544e-04
1.300825999064856317e-04
1.300071380990756767e-04
1.299325341212597556e-04
1.298577796843758327e-04
1.297823121764765620e-04
1.297073194116874580e-04
1.296326074312474132e-04
1.295573086804529227e-04
1.294819936230136770e-04
1.294066078253176258e-04
1.293311601388106853e-04
1.292557823979068466e-04
1.291801524036280543e-04
1.291046606329626168e-04
1.290284467687459393e-04
1.289523280815226913e-04
1.288765967386858266e-04
1.288004452785145948e-04
1.287238223209769038e-04
1.286467378980356172e-04
1.285699163367609815e-04
1.284923874431334460e-04
1.284147180276439687e-04
1.283371780411375119e-04
1.282595355197881884e-04
1.281818339168010353e-04
1.281042422817692240e-04
1.280267773885594739e-04
1.279495979973019359e-04
1.278724666085320977e-04
1.277955139703813023e-04
1.277189864811928476e-04
1.276426410089915144e-04
1.275663400002016495e-04
1.274901461041376730e-04
1.274141350868159028e-04
1.273380479340847134e-04
1.272620470075687654e-04
1.271863181911666370e-04
1.271107834392511029e-04
1.270353812742754497e-04
1.269599924772914603e-04
1.268846953642185579e-04
1.268096716342636111e-04
1.267350580749501210e-04
1.266602588236012336e-04
1.265854907024242457e-04
1.265110589599439375e-04
1.264368839461523658e-04
1.263634160332195353e-04
1.262900764296367203e-04
1.262173224560008398e-04
1.261444668477155594e-04
1.260718364701695845e-04
1.259988701246944056e-04
1.259260267556493998e-04
1.258533908591577999e-04
1.257815901705566515e-04
1.257101641790077243e-04
1.256388169519342078e-04
1.255676267316121499e-04
1.254962692141245505e-04
1.254251324616840362e-04
1.253538803035798182e-04
1.252825763117092358e-04
1.252112849769112005e-04
1.251398996385521265e-04
1.250686144195036810e-04
1.249976409680186070e-04
1.249274565608325888e-04
1.248576865705121406e-04
1.247885781623462036e-04
1.247195884124318395e-04
1.246505154588991638e-04
1.245809220841795492e-04
1.245114154725700587e-04
1.244413072976653515e-04
1.243708979885471320e-04
1.243006112477704835e-04
1.242303416416924158e-04
1.241602811398040678e-04
1.240902257533481030e-04
1.240207399622179592e-04
1.239514774187295155e-04
1.238823178518465588e-04
1.238131243926711195e-04
1.237441566671803814e-04
1.236754264213010314e-04
1.236065860374544400e-04
1.235378934452641489e-04
1.234695361954527774e-04
1.234011374900375094e-04
1.233327620882046667e-04
1.232646996777775393e-04
1.231963823839049533e-04
1.231278953001322372e-04
1.230594255458610160e-04
1.229909568628819111e-04
1.229227878652107886e-04
1.228547636732974099e-04
1.227870111132980957e-04
1.227193211634166638e-04
1.226522926052448067e-04
1.225851443670159880e-04
1.225181324049287720e-04
1.224512696491406732e-04
1.223844330250343539e-04
1.223175295853418760e-04
1.222508558501193886e-04
1.221847050402001392e-04
1.221184272978052918e-04
1.220524069665847295e-04
1.219863034210938538e-04
1.219205653061346516e-04
1.218547036619178664e-04
1.217887040941431035e-04
1.217229279693269478e-04
1.216571065317817321e-04
1.215913025273924417e-04
1.215256052645980709e-04
1.214599498833760611e-04
1.213944585742468232e-04
1.213289601677353466e-04
1.212634816501334946e-04
1.211980463648635280e-04
1.211325447175868919e-04
1.210672120883190866e-04
1.210020301614902940e-04
1.209369031989434337e-04
1.208718167942581401e-04
1.208068301806717470e-04
1.207418903377250019e-04
1.206770202144462432e-04
1.206124899873515182e-04
1.205480756519507803e-04
1.204836503630203197e-04
1.204193664037592893e-04
1.203552588052347796e-04
1.202912431316142651e-04
1.202273416315477304e-04
1.201634624515521851e-04
1.200996674130962009e-04
1.200360400611300189e-04
1.199727715707988251e-04
1.199096686470393686e-04
1.198471388832629558e-04
1.197844372234269550e-04
1.197222774173009672e-04
1.196598713529964576e-04
1.195974501860660652e-04
1.195352048625396112e-04
1.194730850360484876e-04
1.194110893937621671e-04
1.193490997280327695e-04
1.192872297095041290e-04
1.192253869956346325e-04
1.191639209428448629e-04
1.191024136169192512e-04
1.190413304517229116e-04
1.189802219446563680e-04
1.189193242877469557e-04
1.188586147526631557e-04
1.187986355440246036e-04
1.187391819147943747e-04
1.186798417779563064e-04
1.186203425645464445e-04
1.185607823791844724e-04
1.185015677808093435e-04
1.184420700871981186e-04
1.183829190978647703e-04
1.183235920759953671e-04
1.182640440844255272e-04
1.182043787821535736e-04
1.181447031020169960e-04
1.180848465296037561e-04
1.180251173045057450e-04
1.179656041607362232e-04
1.179062023185658371e-04
1.178469009065002759e-04
1.177876867184037967e-04
1.177284540594853319e-04
1.176691234867313938e-04
1.176098671548163148e-04
1.175504674890377537e-04
1.174910735319536012e-04
1.174315750412625669e-04
1.173720661992549134e-04
1.173126265970656472e-04
1.172533708852995199e-04
1.171943536773976610e-04
1.171354500824930267e-04
1.170768270134706199e-04
1.170181967818785084e-04
1.169594607919813972e-04
1.169005966144811756e-04
1.168417662187595709e-04
1.167829908319460935e-04
1.167242917385547440e-04
1.166656831730926636e-04
1.166071723587816018e-04
1.165487477380797561e-04
1.164904263575117596e-04
1.164321851560493867e-04
