1.691847793209778274e+03
1.894578728720951858e+03
1.894578728720951858e+03
1.824020743782712998e+03
2.023764745655499155e+03
1.387241202191494040e+03
1.858124311272816158e+03
1.729337210660150276e+03
1.684725813478001783e+03
1.881642502339995190e+03
1.646771007515705605e+03
1.681631435437629989e+03
1.985280925413710065e+03
1.771859387317523215e+03
1.697432525844708380e+03
1.966163893266620335e+03
2.353308073753850294e+03
1.886243130651397678e+03
1.995771876631704572e+03
2.246724288776897538e+03
1.911800220122825067e+03
1.966297785191223284e+03
2.214790563085823123e+03
2.090485774402694915e+03
1.783303576009172048e+03
1.868461201750025339e+03
1.793903683814816304e+03
2.219314685845407894e+03
1.722263419656217593e+03
2.082282103526676565e+03
1.722062150812451591e+03
2.256972301770482318e+03
1.607914029971206901e+03
2.075786415827856217e+03
1.874358048738521120e+03
1.477772705455500500e+03
1.820784967006333773e+03
1.886261660626213825e+03
2.018443461750492588e+03
1.748984248482703833e+03
1.615987463962872653e+03
2.226583819687692539e+03
1.823356658317218944e+03
2.117104359053991175e+03
1.715498739137934990e+03
1.821570057901461496e+03
1.716593937901413028e+03
1.952741138781602103e+03
2.048203778972497730e+03
1.714965410524365552e+03
1.819026737258183857e+03
1.926637964021356083e+03
1.959540948014652258e+03
1.667953193734043907e+03
1.668052451631110671e+03
1.688696427736640771e+03
1.760096374563508789e+03
1.827771466113290217e+03
1.909270226116222830e+03
2.012486478295367078e+03
1.603889533190882958e+03
1.713441580900204599e+03
2.054566770051062122e+03
1.995073962395795206e+03
1.976829915885557739e+03
1.625576406492172282e+03
1.808263216533694049e+03
2.004149457661293127e+03
1.899337926160719462e+03
2.186770790307028165e+03
1.795790143389679542e+03
1.785662156194544423e+03
2.152868039471974043e+03
2.000848865998479596e+03
1.944667118385882304e+03
1.983213506213108303e+03
1.975550453294433964e+03
1.705291820725916978e+03
1.782753131366278012e+03
2.015981047594234497e+03
2.073429760989006809e+03
2.087735303181113522e+03
2.127625465557373900e+03
1.861742720221134505e+03
1.760528965009959620e+03
1.746218429965091445e+03
1.898493435412465033e+03
1.577891304469552324e+03
1.607263409577039283e+03
1.744207475798956466e+03
1.861917607715206259e+03
1.616638285688151427e+03
1.862679787665261301e+03
2.160687940424183125e+03
1.930938509721368973e+03
2.085976024108718320e+03
1.831999676572331282e+03
1.745768429471363334e+03
1.490031241994097172e+03
1.466405516465430765e+03
