8.685472345434117145e-05
1.100701035308619110e-04
1.160491497367987655e-04
1.090214876048260757e-04
9.995071252420430110e-05
9.287780266237405152e-05
8.679928330673051281e-05
8.141099994932524120e-05
7.877618254148979662e-05
7.500571913776199874e-05
7.151548817089670043e-05
6.856367907070999676e-05
6.595883059465858429e-05
6.358186320350213958e-05
6.171096467412801761e-05
6.028176285531736193e-05
5.876575938363135253e-05
5.722469605151792304e-05
5.570874510669941276e-05
5.430957757240105699e-05
5.300169497104643257e-05
5.178951184803975722e-05
5.069441599928162538e-05
4.963086138658353262e-05
4.865492328454697321e-05
4.787365353268655237e-05
4.727313759964031994e-05
4.668111033417187544e-05
4.613454834761213157e-05
4.577422991133465953e-05
4.539126991461758630e-05
4.500299562984416766e-05
4.485331150303223678e-05
4.443071862419054291e-05
4.403342674683904831e-05
4.366309012354768841e-05
4.326062867195510671e-05
4.289148402780567639e-05
4.252903385330147472e-05
4.222341798647146984e-05
4.192284753123422247e-05
4.160271804217468173e-05
4.141642837113402697e-05
4.124186139158130096e-05
4.106163127181753974e-05
4.088994456271055318e-05
4.070804811561063439e-05
4.054426019893069667e-05
4.035626175355136068e-05
4.008562682895182181e-05
3.985072096487683551e-05
3.959098979030504757e-05
3.940907523823594476e-05
3.918443352744835210e-05
3.898873072865788753e-05
3.879379735481273641e-05
3.857485686468203938e-05
3.834248900070035817e-05
3.813402568283103596e-05
3.795134799757165985e-05
3.776471077912818796e-05
3.753160729189516074e-05
3.730329795513416942e-05
3.707670495655069004e-05
3.687114915408972056e-05
3.662901707027243944e-05
3.640781972355791124e-05
3.619471897652614837e-05
3.601795183008732031e-05
3.588229261945428147e-05
3.571882830819395180e-05
3.554711100416969990e-05
3.532506040558466642e-05
3.509682520724307096e-05
3.488921209219040609e-05
3.469330299306480956e-05
3.449931545657264375e-05
3.430167103395124681e-05
3.409861621475692610e-05
3.389840932433545986e-05
3.371389524501441952e-05
3.352686936002415886e-05
3.335690538545252678e-05
3.318978511214829138e-05
3.303503162052552508e-05
3.289112891438457977e-05
3.275679504914662444e-05
3.261794570112306664e-05
3.249562087440996936e-05
3.236370092170172370e-05
3.222434472076161514e-05
3.207262696066421248e-05
3.192491507887729803e-05
3.177758287761163920e-05
3.162659615711699057e-05
3.147585126022469016e-05
3.133696709629742551e-05
3.120240155447190150e-05
3.106916796452524685e-05
3.094367067262781764e-05
3.082569221861161776e-05
3.070679022329168964e-05
3.058376248356213056e-05
3.045485149053637133e-05
3.032720494707336002e-05
3.019928039790397198e-05
3.007807546221083009e-05
2.995139721549890815e-05
2.982223095293431815e-05
2.970044239815423974e-05
2.957789597590992141e-05
2.946021115934831683e-05
2.934220582773223977e-05
2.922996880115554436e-05
2.911885999123460211e-05
2.901007757714274004e-05
2.891454813274897914e-05
2.881082031187152747e-05
2.871470810689071622e-05
2.862297730419891727e-05
2.853319446977851644e-05
2.844787446028896030e-05
2.836727583175178532e-05
2.828071791560260380e-05
2.819499797204616593e-05
2.810454404019469698e-05
2.802036958762591092e-05
2.793514761254710019e-05
2.785304818444944781e-05
2.777307822511759973e-05
2.769301719767180834e-05
2.760390934314117139e-05
2.752285025531002509e-05
2.743853167467217430e-05
2.735353198773893971e-05
2.726721367153786904e-05
2.719181961145988589e-05
2.711693591547631997e-05
2.703995332348543338e-05
2.695925788653687349e-05
2.687968970541555663e-05
2.680186801197945564e-05
2.672678095156790054e-05
2.665624850653810503e-05
2.658507287326889566e-05
2.651362654842829786e-05
2.643642483287595248e-05
2.635995517898039815e-05
2.628895940692619804e-05
2.621952479240853882e-05
2.615103802640238436e-05
2.608045886836307038e-05
2.601390826729835010e-05
2.594385014564257254e-05
2.587432253506992074e-05
2.580487903346087117e-05
2.573992016982162750e-05
2.567359102345008310e-05
2.560905310923809186e-05
2.554743782438263566e-05
2.548286855617134573e-05
2.542650754473300774e-05
2.536660403871883788e-05
2.530479140618051873e-05
2.523918355040631275e-05
2.517353149652077317e-05
2.510567307840650127e-05
2.503788197980587094e-05
2.497165655899016064e-05
2.490087782751345701e-05
2.483145888699018778e-05
2.476107007216145448e-05
2.469233569438553127e-05
2.462402096597097396e-05
2.455915986488527939e-05
2.449498844442919425e-05
2.443116258691811467e-05
2.436799395095513358e-05
2.430510139455564281e-05
2.424511318621978847e-05
2.418596814532905889e-05
2.412716393343132477e-05
2.407056939947764955e-05
2.401459728823058092e-05
2.395881497905541911e-05
2.390507979923987394e-05
2.385246699271535619e-05
2.380038702911314017e-05
2.374802438357915743e-05
2.369509348023170290e-05
2.364093894167031880e-05
2.358761240700035821e-05
2.353651723507875525e-05
2.348572537665333178e-05
2.343852578147064661e-05
2.339331756443401280e-05
2.334922176538609039e-05
2.330020888705658505e-05
2.325181321547902430e-05
2.320339329212494611e-05
2.315304911475845039e-05
2.310592540394966376e-05
2.305826068182276201e-05
2.301066766577590896e-05
2.296279630541588494e-05
2.291524900712675340e-05
2.286974688751891452e-05
2.282278816261081185e-05
2.277708242337178339e-05
2.273034489563657384e-05
2.268681858333674426e-05
2.264313151340041996e-05
2.260138234325441412e-05
2.256056854776389918e-05
2.252157160224163370e-05
2.248275162862110765e-05
2.244652113954916266e-05
2.241061741312262216e-05
2.237319963601668601e-05
2.233646769765789935e-05
2.230137556757921514e-05
2.226338485099397204e-05
2.222612990320979847e-05
2.219111532302293576e-05
2.215604163405350048e-05
2.212133599530292067e-05
2.208639041182479837e-05
2.205055643088588209e-05
2.201529493780667574e-05
2.198024179429402191e-05
2.194416075837786738e-05
2.190932121892161602e-05
2.187744501260936755e-05
2.184864255058617549e-05
2.182135655896438444e-05
2.179478032327200005e-05
2.176896015250731148e-05
2.174522393662054500e-05
2.171873857691976456e-05
2.169272099345703365e-05
2.166404284882217509e-05
2.163736548447823594e-05
2.161035608385334319e-05
2.158223564262200014e-05
2.155437405778853183e-05
2.152512592594970253e-05
2.149436160172471665e-05
2.146543638835608650e-05
2.143680385003051488e-05
2.140732130791724044e-05
2.137869637749129675e-05
2.135153779594898822e-05
2.132413807386519168e-05
2.129619381363499585e-05
2.126762605380040617e-05
2.123838181751552736e-05
2.120918663624790914e-05
2.117994703895642643e-05
2.115087083173888206e-05
2.112219363922933108e-05
2.109360735281958350e-05
2.106635157858069605e-05
2.104024854666040054e-05
2.101518346665856042e-05
2.099038461172314336e-05
2.096756724785478509e-05
2.094507235831776304e-05
2.092194608128104737e-05
2.090090363071432566e-05
2.087846250045411554e-05
2.085599852952365604e-05
2.083384904305603423e-05
2.081109520223193611e-05
2.078899224024871359e-05
2.076856248192843391e-05
2.074676169590542295e-05
2.072630665346567285e-05
2.070643980591460918e-05
2.068422370628370216e-05
2.066097783576200631e-05
2.063704035534503453e-05
2.061274353029008015e-05
2.058968093738923046e-05
2.056781056287126637e-05
2.054406786841865394e-05
2.052065965319398321e-05
2.049682622673706356e-05
2.047334765426614918e-05
2.044761659076130045e-05
2.042221040758358035e-05
2.039628168678397444e-05
2.036962770515168220e-05
2.034339395801592360e-05
2.031745123079258078e-05
2.029076069052957273e-05
2.026291311047423926e-05
2.023641613296555699e-05
2.020999691426899657e-05
2.018305357701786942e-05
2.015721097537749506e-05
2.013206241247664528e-05
2.010607988466008510e-05
2.008111700357027071e-05
2.005567781207845439e-05
2.003020896886034959e-05
2.000444370301976730e-05
1.997859540458598023e-05
1.995372222063587588e-05
1.992859660875467804e-05
1.990400260575000147e-05
1.988054304337262846e-05
1.985809954467883731e-05
1.983575964696932697e-05
1.981222538932990356e-05
1.978961560197031898e-05
1.976802888537187197e-05
1.974635230493278586e-05
1.972531083000787948e-05
1.970359679176340837e-05
1.968276711804629308e-05
1.966071435732763653e-05
1.963883656022525780e-05
1.961631966016238413e-05
1.959492322156707549e-05
1.957430796441581231e-05
1.955379725860833471e-05
1.953439135501861925e-05
1.951557487887358881e-05
1.949802784724449122e-05
1.948165597553701067e-05
1.946524164711342913e-05
1.944871592042182322e-05
1.943330938438007902e-05
1.941743662274359654e-05
1.940158852214278557e-05
1.938594865977170777e-05
1.936931837190604153e-05
1.935334867590951467e-05
1.933663843377188550e-05
1.932105087469735530e-05
1.930617043466926447e-05
1.929231118164359145e-05
1.928052987744084947e-05
1.926853245925999459e-05
1.925755470188831307e-05
1.924788938925183171e-05
1.923715064885083860e-05
1.922760383975197085e-05
1.921861247483171715e-05
1.921179284032926361e-05
1.920584474778448613e-05
1.919980479869615796e-05
1.919402415895340178e-05
1.918774664762162014e-05
1.918180357321632462e-05
1.917365078284747625e-05
1.916669578094583781e-05
1.915949538506867721e-05
1.915347260908949214e-05
1.914593524207051516e-05
1.913896529462759524e-05
1.913122195178869483e-05
1.912256849111051391e-05
1.911405525247937022e-05
1.910384891984131045e-05
1.909459104749854192e-05
1.908532996634147255e-05
1.907676357549888604e-05
1.906810771947226594e-05
1.905968002320279904e-05
1.905175542312787491e-05
1.904367894783725592e-05
1.903634878095739508e-05
1.902767959616920505e-05
1.901889227887019196e-05
1.901027255289387840e-05
1.900124971153067873e-05
1.899201227599409161e-05
1.898115631011235868e-05
1.897020393566248867e-05
1.896012988826582430e-05
1.894985694060547578e-05
1.893967277173398594e-05
1.892903964679968590e-05
1.891842228294404971e-05
1.890736482293897932e-05
1.889577079403751523e-05
1.888415956502406351e-05
1.887265757213194697e-05
1.886047182808042659e-05
1.884945481721850613e-05
1.883783068476145150e-05
1.882615021289215575e-05
1.881453566745898759e-05
1.880245633695651786e-05
1.878962965595057781e-05
1.877594550159945779e-05
1.876225018282764165e-05
1.874923290261105562e-05
1.873554142321888648e-05
1.872216022680069390e-05
1.870960489906581411e-05
1.869798040319814358e-05
1.868868962994807198e-05
1.867874281485868142e-05
1.866935813856345638e-05
1.865991953272548454e-05
1.865046837840429798e-05
1.863942192999428203e-05
1.862842009108485529e-05
1.861779099652074296e-05
1.860701194791698022e-05
1.859719035923844473e-05
1.858755565339612479e-05
1.857891856822136499e-05
1.857105672350254527e-05
1.856293312856039919e-05
1.855614172425676389e-05
1.854935325248610210e-05
1.854309042210511144e-05
1.853608513678301308e-05
1.852914095074560400e-05
1.852179233219662598e-05
1.851408819727629767e-05
1.850649680807572563e-05
1.849867001457236248e-05
1.849089244324161877e-05
1.848282637842386467e-05
1.847470502828149651e-05
1.846591960665597520e-05
1.845732745470047691e-05
1.844874896727033769e-05
1.844086001738530262e-05
1.843271772541931473e-05
1.842511025775732817e-05
1.841882855998689555e-05
1.841106663829564764e-05
1.840338688175738045e-05
1.839592969983073410e-05
1.838882398832770117e-05
1.838244194418845389e-05
1.837538510466525167e-05
1.836894917607621527e-05
1.836308749947440544e-05
1.835594063194471320e-05
1.834853315091068232e-05
1.833996922473274101e-05
1.833191339550225684e-05
1.832328816760257705e-05
1.831411627465456851e-05
1.830546627727635368e-05
1.829595703250184142e-05
1.828594125368331435e-05
1.827618894196312478e-05
1.826547286062007395e-05
1.825396844300320945e-05
1.824282661501392834e-05
1.823131335832619388e-05
1.822054610590336925e-05
1.821047486336666992e-05
1.820109289192556714e-05
1.819164637379748237e-05
1.818330444272206833e-05
1.817499212980719210e-05
1.816684868272032746e-05
1.815924990203641871e-05
1.815036179619066014e-05
1.814140787994548100e-05
1.813209076971749903e-05
1.812265925815988377e-05
1.811318781666059456e-05
1.810437240129828348e-05
1.809658832730698443e-05
1.808839285957436705e-05
1.807940103762198933e-05
1.807048504321424014e-05
1.806149486962020908e-05
1.805221993761307688e-05
1.804269576677581882e-05
1.803314748216172512e-05
1.802372125478692678e-05
1.801345704551768570e-05
1.800337675644279943e-05
1.799344557170957283e-05
1.798346008553872885e-05
1.797347137744948967e-05
1.796339601532402936e-05
1.795312672308298780e-05
1.794300053825686870e-05
1.793302511184394234e-05
1.792364156453635419e-05
1.791420302639271000e-05
1.790568496772788817e-05
1.789645852987114576e-05
1.788781373671755542e-05
1.787948891694764744e-05
1.787176486919734520e-05
1.786367881919367418e-05
1.785611866506545137e-05
1.784849087753287872e-05
1.784063023244108595e-05
1.783091972330097400e-05
1.782119463332981944e-05
1.781092275001439930e-05
1.780020690502178083e-05
1.778998992981571065e-05
1.777849329473033525e-05
1.776686212865014939e-05
1.775569464853116267e-05
1.774503388542150766e-05
1.773489947964398955e-05
1.772441630784963169e-05
1.771403380090656236e-05
1.770356672751863267e-05
1.769313548933248620e-05
1.768196854302943799e-05
1.767065743391392412e-05
1.765893109224373389e-05
1.764733713964523724e-05
1.763578441623445448e-05
1.762362970860577923e-05
1.761190417831106142e-05
1.760025314892007403e-05
1.758869643284164457e-05
1.757744446965062030e-05
1.756619125973248551e-05
1.755527327400946020e-05
1.754440091119628689e-05
1.753323126866969774e-05
1.752212811145811388e-05
1.751152728473692570e-05
1.750109712458782919e-05
1.749088724867695722e-05
1.748153166356653589e-05
1.747181802224724605e-05
1.746213081443462556e-05
1.745266574737492065e-05
1.744373719443987055e-05
1.743465165415125328e-05
1.742548055145474545e-05
1.741681106776912314e-05
1.740800249506840497e-05
1.739938233078938714e-05
1.739058033544153150e-05
1.738072509170805003e-05
1.737041564475787103e-05
1.735979737548950003e-05
1.734963985290451940e-05
1.733948162339074361e-05
1.732940307201766040e-05
1.731900472646846523e-05
1.730835645342987056e-05
1.729774360810044646e-05
1.728722707473476382e-05
1.727738397578556541e-05
1.726728706816432686e-05
1.725722514254815363e-05
1.724634001475781840e-05
1.723546730604491749e-05
1.722460374149295298e-05
1.721378540489534542e-05
1.720285147212788441e-05
1.719227723854804084e-05
1.718123165297415393e-05
1.717011230875717325e-05
1.715916163666306515e-05
1.714835146453252550e-05
1.713715012961931645e-05
1.712609273879232133e-05
1.711527890314421633e-05
1.710461879113399190e-05
1.709395390944720431e-05
1.708311199117309198e-05
1.707258029724702088e-05
1.706170986053716059e-05
1.705081622552160052e-05
1.704031823380553818e-05
1.702952387078320197e-05
1.701902144146610633e-05
1.700840260324773076e-05
1.699801024490358767e-05
1.698746725382169575e-05
1.697699387687020571e-05
1.696637364653754172e-05
1.695549696169864294e-05
1.694482090107404112e-05
1.693425999923207863e-05
1.692367069939819439e-05
1.691285801609665202e-05
1.690203442975197253e-05
1.689091741977923994e-05
1.687993861763952317e-05
1.686855786165434405e-05
1.685761551026241240e-05
1.684671518858244996e-05
1.683587956349299659e-05
1.682512978139389954e-05
1.681415437689985263e-05
1.680316376170121247e-05
1.679201889836887021e-05
1.678124929615045215e-05
1.677022285507302564e-05
1.675912065877611210e-05
1.674809790385209176e-05
1.673721039525974958e-05
1.672645950943880567e-05
1.671584853989147010e-05
1.670554529757052907e-05
1.669540155275026110e-05
1.668487231720022204e-05
1.667439490099965356e-05
1.666368636347170671e-05
1.665273788557910788e-05
1.664164148463296249e-05
1.663070724233682316e-05
1.661999929402225695e-05
1.660921035437772526e-05
1.659841799691772783e-05
1.658787138933983079e-05
1.657721004086090509e-05
1.656640699292975870e-05
1.655570200980475216e-05
1.654484037588109299e-05
1.653405231051897182e-05
1.652299412723032986e-05
1.651200038863465444e-05
1.650124033274781983e-05
1.649038163305753248e-05
1.647958876991336322e-05
1.646859130775542049e-05
1.645779681521940884e-05
1.644699162521438726e-05
1.643596488058228722e-05
1.642486560140931016e-05
1.641375934266409880e-05
1.640274724876255832e-05
1.639172300602352627e-05
1.638084461340741764e-05
1.636982030326636223e-05
1.635893402475208135e-05
1.634817462666369827e-05
1.633750790607500260e-05
1.632692991584717155e-05
1.631664698535415406e-05
1.630642815381942498e-05
1.629603467671900002e-05
1.628574421688529605e-05
1.627550865894194143e-05
1.626526520970877879e-05
1.625504486828363823e-05
1.624475232394730623e-05
1.623466826659009953e-05
1.622461833317863413e-05
1.621465197876924570e-05
1.620472772054890680e-05
1.619501672370179279e-05
1.618534006905835405e-05
1.617564076794598667e-05
1.616575118087522201e-05
1.615598655675662057e-05
1.614618006934335508e-05
1.613668576537651795e-05
1.612716236581155423e-05
1.611761891775753076e-05
1.610801924700010061e-05
1.609842837506637013e-05
1.608881630245318642e-05
1.607928923724311388e-05
1.606987531370444405e-05
1.606044709559220971e-05
1.605114000719543539e-05
1.604200281823977189e-05
1.603285302276884027e-05
1.602373619378271593e-05
1.601466653460322987e-05
1.600564501236322290e-05
1.599684705861126568e-05
1.598796319125018564e-05
1.597902244332018271e-05
1.597022919451825777e-05
1.596133472824077309e-05
1.595214324224686952e-05
1.594288257917586424e-05
1.593367762346414043e-05
1.592462237424024059e-05
1.591550594587045784e-05
1.590623305299177087e-05
1.589719520532200666e-05
1.588795042644068300e-05
1.587866423938044452e-05
1.586942554262254609e-05
1.586022021660415203e-05
1.585092592276725001e-05
1.584166566393573587e-05
1.583241260244900285e-05
1.582325207871782802e-05
1.581426591421745216e-05
1.580541646587500559e-05
1.579660913325525219e-05
1.578775192625190099e-05
1.577881061028352117e-05
1.576980641597022231e-05
1.576095327095685972e-05
1.575209127541801429e-05
1.574310823730965344e-05
1.573431516916759112e-05
1.572537064121902996e-05
1.571625421574583562e-05
1.570747384119663387e-05
1.569881782628046999e-05
1.569019246045097506e-05
1.568140680303930118e-05
1.567263353447275151e-05
1.566390797380044707e-05
1.565533925931830573e-05
1.564668290689349194e-05
1.563807583930211840e-05
1.562967473400425685e-05
1.562140333362300223e-05
1.561325538560551031e-05
1.560522466650006497e-05
1.559722922373931424e-05
1.558960289013987976e-05
1.558196255721913047e-05
1.557404138482730097e-05
1.556614603885772023e-05
1.555823412894756866e-05
1.555042811743885078e-05
1.554250274718646643e-05
1.553476605442519339e-05
1.552716199020529595e-05
1.551955211461298522e-05
1.551206623571854622e-05
1.550459682982934859e-05
1.549696734101451310e-05
1.548939926165522493e-05
1.548183820827669967e-05
1.547441848362332884e-05
1.546703691980379878e-05
1.545979629075312884e-05
1.545282571873732948e-05
1.544586080222109731e-05
1.543893387641778986e-05
1.543220536990696701e-05
1.542539806856686402e-05
1.541860766747382857e-05
1.541179594535059243e-05
1.540495111379752293e-05
1.539807694944039120e-05
1.539102792906306636e-05
1.538381478793170274e-05
1.537638627229753052e-05
1.536913598460365162e-05
1.536152794233203029e-05
1.535387678534017651e-05
1.534607404432970735e-05
1.533835925989226968e-05
1.533052849313370323e-05
1.532265327888944302e-05
1.531485354328445509e-05
1.530711018951756589e-05
1.529935312906122367e-05
1.529175626834795694e-05
1.528431148058685541e-05
1.527661669319835296e-05
1.526871272000072718e-05
1.526099166439677090e-05
1.525349907077317841e-05
1.524615016942132076e-05
1.523869261252918064e-05
1.523134869413915904e-05
1.522403367176087372e-05
1.521677097233726977e-05
1.520961108936717261e-05
1.520253397750141263e-05
1.519558750218510425e-05
1.518878657877740384e-05
1.518217875263790315e-05
1.517544239232308467e-05
1.516853143272484697e-05
1.516181914868182409e-05
1.515496245541797818e-05
1.514818678742594630e-05
1.514126512463214100e-05
1.513468283355840647e-05
1.512782142447641117e-05
1.512118629752387369e-05
1.511478029578643949e-05
1.510867394890282597e-05
1.510265074899551603e-05
1.509697803724474964e-05
1.509131320940369314e-05
1.508569000218345229e-05
1.507990751181097990e-05
1.507411320774244933e-05
1.506818129010673345e-05
1.506216791656910159e-05
1.505619690674496754e-05
1.505021752359346226e-05
1.504398780826118103e-05
1.503776799105867892e-05
1.503152412929014919e-05
1.502549996771885310e-05
1.501958075116653038e-05
1.501353715877421927e-05
1.500749490622499211e-05
1.500133393703894787e-05
1.499533842903410979e-05
1.498927603608411005e-05
1.498327061905245803e-05
1.497748088497578012e-05
1.497182253783488593e-05
1.496614182529086111e-05
1.496032379899524664e-05
1.495456034154922375e-05
1.494883009091294780e-05
1.494315193954606411e-05
1.493771538540559193e-05
1.493205991462807557e-05
1.492651734757101675e-05
1.492101289487161250e-05
1.491537909593341044e-05
1.490985229776271276e-05
1.490432639258433477e-05
1.489896682453782349e-05
1.489361948612897577e-05
1.488819438797816391e-05
1.488285292675730418e-05
1.487739932640798819e-05
1.487192079407034239e-05
1.486620411526168475e-05
1.486039617316206582e-05
1.485461927842186803e-05
1.484850941264639801e-05
1.484251429805016105e-05
1.483644937270622463e-05
1.483044075241421091e-05
1.482432468597879587e-05
1.481841102692566159e-05
1.481230530507595738e-05
1.480622520618397298e-05
1.480023731224577933e-05
1.479426851396834287e-05
1.478835939989910127e-05
1.478228600346820260e-05
1.477613538897708375e-05
1.477002947662165339e-05
1.476409255593847694e-05
1.475800299602987173e-05
1.475192902133164843e-05
1.474585229214781390e-05
1.473968130834720140e-05
1.473370208900410083e-05
1.472778469246574593e-05
1.472189629901009732e-05
1.471607910858691891e-05
1.471031372727062611e-05
1.470450108308440535e-05
1.469877339350017394e-05
1.469314025247954674e-05
1.468731066154238611e-05
1.468153379147315454e-05
1.467575469594411122e-05
1.466984159244513342e-05
1.466373304925324827e-05
1.465751615371517734e-05
1.465124987180182232e-05
1.464483328756682778e-05
1.463841207588099915e-05
1.463205128985940372e-05
1.462576380794976651e-05
1.461937161869127070e-05
1.461285564322147076e-05
1.460628906863637159e-05
1.459974992013810532e-05
1.459322510710088672e-05
1.458674289784163788e-05
1.458030228746272850e-05
1.457393268218472189e-05
1.456764767067736843e-05
1.456132816010456739e-05
1.455488996036177812e-05
1.454843371949401369e-05
1.454216371430262174e-05
1.453592796001574615e-05
1.452962191134561078e-05
1.452315037726327564e-05
1.451672822253310851e-05
1.451041421342585409e-05
1.450410376128409925e-05
1.449776055872741558e-05
1.449133401270720283e-05
1.448502866878256912e-05
1.447876751329463149e-05
1.447245733528298593e-05
1.446620223587365883e-05
1.446001274752121602e-05
1.445386006646840794e-05
1.444764052072930975e-05
1.444137776768970997e-05
1.443513168686267768e-05
1.442893577811880147e-05
1.442278514058194731e-05
1.441680871035065832e-05
1.441089793258723870e-05
1.440501229554584620e-05
1.439930476043874681e-05
1.439343513244331934e-05
1.438765045058075623e-05
1.438195381449556771e-05
1.437616680680201290e-05
1.437049222072044561e-05
1.436476893187866470e-05
1.435912611469499218e-05
1.435363138549680422e-05
1.434816473773203509e-05
1.434281851733843907e-05
1.433750954223876211e-05
1.433211623561737615e-05
1.432671138016897775e-05
1.432127938670673292e-05
1.431571812886753338e-05
1.431015342019183076e-05
1.430479298306391148e-05
1.429929321350849282e-05
1.429371280967363707e-05
1.428814311249455983e-05
1.428261795343862973e-05
1.427715764803951575e-05
1.427158459443576763e-05
1.426605274611502198e-05
1.426062951655297468e-05
1.425535891183068230e-05
1.425009030261596312e-05
1.424491260289782565e-05
1.423962316778412791e-05
1.423420301259938798e-05
1.422864862837571441e-05
1.422289907131866431e-05
1.421715930266239160e-05
1.421131152457401017e-05
1.420558378233464644e-05
1.419990899191919453e-05
1.419436586879591393e-05
1.418899146811658644e-05
1.418350323841095065e-05
1.417802232689436549e-05
1.417248579889000101e-05
1.416674366147627913e-05
1.416095698998907462e-05
1.415515209810067590e-05
1.414930948447003329e-05
1.414353138661195877e-05
1.413782067509975858e-05
1.413198116499929669e-05
1.412620627429320390e-05
1.412047259819750656e-05
1.411477938868851849e-05
1.410915873464467929e-05
1.410332444862127314e-05
1.409757681081237985e-05
1.409186166381359302e-05
1.408630793032347076e-05
1.408080431903107683e-05
1.407525994979909430e-05
1.406948347349047719e-05
1.406388976401408348e-05
1.405816252608220216e-05
1.405256306152800273e-05
1.404687045327674642e-05
1.404121646317732341e-05
1.403551285424472217e-05
1.402979775993986515e-05
1.402402824118426287e-05
1.401820311451780475e-05
1.401226151698310988e-05
1.400635081216748735e-05
1.400037567677561208e-05
1.399435275757923061e-05
1.398834417354234801e-05
1.398230157606950048e-05
1.397632030156112563e-05
1.397034658509183849e-05
1.396433019322773075e-05
1.395839042855027628e-05
1.395246500464389362e-05
1.394646961846269843e-05
1.394050544867114999e-05
1.393444385638071061e-05
1.392831922099693572e-05
1.392212703269200462e-05
1.391590592869293091e-05
1.390971601623454053e-05
1.390343004408937794e-05
1.389715326913533501e-05
1.389096398728814407e-05
1.388487744443862982e-05
1.387877059281904872e-05
1.387259837901320621e-05
1.386643272116205469e-05
