2.814320621077524842e-02
2.346152532706087188e-02
1.953447601079712562e-02
1.708734136199972775e-02
1.533414279442122351e-02
1.401500201303439511e-02
1.305378510212132880e-02
1.222773127702636055e-02
1.153978456727638643e-02
1.096443069797574388e-02
1.050382931787182707e-02
1.008893508503665333e-02
9.762225286333726937e-03
9.485035516218529028e-03
9.217984952989224240e-03
8.962164428900465385e-03
8.722562273057244894e-03
8.492949817373690938e-03
8.281191390166375149e-03
8.088676574673292832e-03
7.905767164036131209e-03
7.740752086918619053e-03
7.589618148953716781e-03
7.446432628085427642e-03
7.309551633633194594e-03
7.173694656980427083e-03
7.045655281680284626e-03
6.924238722491060996e-03
6.805817783800311577e-03
6.693971596489180047e-03
6.588869618384958493e-03
6.488703046279069298e-03
6.391087443759234377e-03
6.297362050210212649e-03
6.207971834290357781e-03
6.122003266471357126e-03
6.038819963860611074e-03
5.958850540485569405e-03
5.882236944746036499e-03
5.809417427149953309e-03
5.739290740422875112e-03
5.672171139664318462e-03
5.606523787165117352e-03
5.542856311758211779e-03
5.481217477499662240e-03
5.421393953374372549e-03
5.363548385455587687e-03
5.307436559385899158e-03
5.253090172227985535e-03
5.200296092937885771e-03
5.149107061611524032e-03
5.099515174814292159e-03
5.051816708971504540e-03
5.005050582022982364e-03
4.959872688375356435e-03
4.916093304727768912e-03
4.873119569339748498e-03
4.831386467894662265e-03
4.790761311656773457e-03
4.750714805387531471e-03
4.711647360334537613e-03
4.673496035900100674e-03
4.636266355084923269e-03
4.599922037004105721e-03
4.564428210043386912e-03
4.529731164100994460e-03
4.495878198750546430e-03
4.462881569264501996e-03
4.430558331580079605e-03
4.398903371129188160e-03
4.367820975128665004e-03
4.337385264980907901e-03
4.307594657394937625e-03
4.278468968692888605e-03
4.249865129528903468e-03
4.221849704440286226e-03
4.194379770582836071e-03
4.167509066291269146e-03
4.141052660933460840e-03
4.115098719537284115e-03
4.089647804435535619e-03
4.064644355053722603e-03
4.040085099665515107e-03
4.015982821641205132e-03
3.992311994481394927e-03
3.969093119865252199e-03
3.946218438910689512e-03
3.923804805416757947e-03
3.901731592319148886e-03
3.880037634674433911e-03
3.858672989555000498e-03
3.837649938405066161e-03
3.816977313818708476e-03
3.796800462489017050e-03
3.776979014380335217e-03
3.757491995764493387e-03
3.738280165818721676e-03
3.719357368499850384e-03
3.700711942708277517e-03
3.682216596323068056e-03
3.663957940334426015e-03
3.645980419069621073e-03
3.628277506258582863e-03
3.610791818732753383e-03
3.593600759218129517e-03
3.576663490102756880e-03
3.559912827451796897e-03
3.543413508390044070e-03
3.527122625763996332e-03
3.511061453305223436e-03
3.495258679152163980e-03
3.479637336880571884e-03
3.464272026831431185e-03
3.449063500937261766e-03
3.434045264820993412e-03
3.419212792253627752e-03
3.404573046720449706e-03
3.390116359549438709e-03
3.375880750922586205e-03
3.361785217708068100e-03
3.347888522204860769e-03
3.334141692392360995e-03
3.320560683243452011e-03
3.307148035108996211e-03
3.293893676103904194e-03
3.280799489095185401e-03
3.267859882186104677e-03
3.255080779656858211e-03
3.242447578886383571e-03
3.229957611224642394e-03
3.217672214221148179e-03
3.205510364856139615e-03
3.193649198585585269e-03
3.181836104163740953e-03
3.170118841660565876e-03
3.158575143144126164e-03
3.147172259632289790e-03
3.135894183027839160e-03
3.124647633622385390e-03
3.113482891280148525e-03
3.102472859260322399e-03
3.091605900308865527e-03
3.080906168984217253e-03
3.070290490916921956e-03
3.059830185312054258e-03
3.049470862666015750e-03
3.039202452558969862e-03
3.029030774964510363e-03
3.019028623407275878e-03
3.009016922811157992e-03
2.999056259301855973e-03
2.989217530211204545e-03
2.979475245890357213e-03
2.969817512231169403e-03
2.960248000821778368e-03
2.950786471729453190e-03
2.941456719813688968e-03
2.932272876607597365e-03
2.923152600514726095e-03
2.914151608065699162e-03
2.905265440092598839e-03
2.896533486119023254e-03
2.887917460901552429e-03
2.879467989790909527e-03
2.871122004203809867e-03
2.862884069277170807e-03
2.854691633401971844e-03
2.846682013057478828e-03
2.838651074286566676e-03
2.830771561744937180e-03
2.822956416878929977e-03
2.815234997449077119e-03
2.807567668472615765e-03
2.799976166374806754e-03
2.792497207257348991e-03
2.785071272216551458e-03
2.777641656854837413e-03
2.770255183324564843e-03
2.762909928883808871e-03
2.755688414633125204e-03
2.748474688900242290e-03
2.741311977958291353e-03
2.734132974630521049e-03
2.726974306168108726e-03
2.719823739963119109e-03
2.712719196926557247e-03
2.705638801874563071e-03
2.698680978748007296e-03
2.691811968441493348e-03
2.684983039167864859e-03
2.678269411707700099e-03
2.671527742683935981e-03
2.664937944738707438e-03
2.658330858069905475e-03
2.651858673380406983e-03
2.645329373497903262e-03
2.638810302263116993e-03
2.632306865454197946e-03
2.625870877633010303e-03
2.619472709991721524e-03
2.613041101702439414e-03
2.606694833465506792e-03
2.600356938628986016e-03
2.594042943888102189e-03
2.587766341917347758e-03
2.581560810815402771e-03
2.575373003875140385e-03
2.569216399597939408e-03
2.563100881462372291e-03
2.557004565582620109e-03
2.550940609126085314e-03
2.544917280316860708e-03
2.538938731044498073e-03
2.533003890364391841e-03
2.527107819965673709e-03
2.521259434041777867e-03
2.515460452471158376e-03
2.509709360521807011e-03
2.504009081905469135e-03
2.498342838413753538e-03
2.492722868833891284e-03
2.487131643386841263e-03
2.481597453965649677e-03
2.476127094689957540e-03
2.470720760862648961e-03
2.465299709215971764e-03
2.459920130248744070e-03
2.454563433396048534e-03
2.449287752710847723e-03
2.444011284420793181e-03
2.438788391456612244e-03
2.433600893917079854e-03
2.428477917306659517e-03
2.423381000352450767e-03
2.418282844181730059e-03
2.413187137311085910e-03
2.408108650697350986e-03
2.403074964511160878e-03
2.398059461262965885e-03
2.393071276386138455e-03
2.388140387207748037e-03
2.383220505397556400e-03
2.378337409725107907e-03
2.373480226129086237e-03
2.368678096318277502e-03
2.363907185241880156e-03
2.359169174079046687e-03
2.354455306975332830e-03
2.349753068005627169e-03
2.345065936144268351e-03
2.340403922836830405e-03
2.335769222642356934e-03
2.331162784910550956e-03
2.326581621733020411e-03
2.322021880145225866e-03
2.317489049161441678e-03
2.312985243126512887e-03
2.308506701027161767e-03
2.304053627632190061e-03
2.299624031889701062e-03
2.295217597776355763e-03
2.290835230686139208e-03
2.286476012238052545e-03
2.282141798766787206e-03
2.277831891412283091e-03
2.273548237094196508e-03
2.269294567702102167e-03
2.265062579448979228e-03
2.260851436764295657e-03
2.256663477784360584e-03
2.252496967416097850e-03
2.248352591662724793e-03
2.244230951929464344e-03
2.240135164622395880e-03
2.236071833684470048e-03
2.232020245810097461e-03
2.227991116597268645e-03
2.223980597219287446e-03
2.219991850911059647e-03
2.216024389788863111e-03
2.212078072003498350e-03
2.208153523592462381e-03
2.204252041316237185e-03
2.200371305764636277e-03
2.196513239697286089e-03
2.192670606495945775e-03
2.188849561398426968e-03
2.185046346668890159e-03
2.181265435392486327e-03
2.177501387515461649e-03
2.173757004964018899e-03
2.170033102826396301e-03
2.166326899890877195e-03
2.162640347143657098e-03
2.158971895042987189e-03
2.155321916097988240e-03
2.151694215045317927e-03
2.148084742913022090e-03
2.144501664975548196e-03
2.140932963935112190e-03
2.137387958041140918e-03
2.133859026714491399e-03
2.130337173531952639e-03
2.126831784260459126e-03
2.123343380496968327e-03
2.119872604714447429e-03
2.116418327917866157e-03
2.112979953657366256e-03
2.109559162944148192e-03
2.106160363223028627e-03
2.102775400453786320e-03
2.099413961859087231e-03
2.096065290200020519e-03
2.092741790141937515e-03
2.089439480102882156e-03
2.086155132727036520e-03
2.082895214311799182e-03
2.079649797566856563e-03
2.076413777487143286e-03
2.073193514491809917e-03
2.069970493369688389e-03
2.066762905345766003e-03
2.063570160559159532e-03
2.060385595108292587e-03
2.057218332037147757e-03
2.054073756211919049e-03
2.050935025986432014e-03
2.047812955009531508e-03
2.044701873511385517e-03
2.041603672849398501e-03
2.038518922522306390e-03
2.035449752651114549e-03
2.032391341707242075e-03
2.029346894448843565e-03
2.026316082025466942e-03
2.023298513302566881e-03
2.020295659389540876e-03
2.017306317161035242e-03
2.014333999835649699e-03
2.011375451342918477e-03
2.008431722499734711e-03
2.005494718848641229e-03
2.002571427027003467e-03
1.999668202954448838e-03
1.996776903315462381e-03
1.993906678053397434e-03
1.991054366234323164e-03
1.988215408248968693e-03
1.985392985698410367e-03
1.982580895338040532e-03
1.979774644930759088e-03
1.976972790251062522e-03
1.974175813895939248e-03
1.971393318116390105e-03
1.968627435228046448e-03
1.965883776948367488e-03
1.963170311338215384e-03
1.960483165456603991e-03
1.957815019337980772e-03
1.955165110417959092e-03
1.952564926540545625e-03
1.949954490962023043e-03
1.947353917231854463e-03
1.944742014300719635e-03
1.942146030608262299e-03
1.939539561170881572e-03
1.936962174199124715e-03
1.934395294436932079e-03
1.931839675839789380e-03
1.929284009222224407e-03
1.926751199449254623e-03
1.924235005894748282e-03
1.921725139076633235e-03
1.919227981533886849e-03
1.916742113140787246e-03
1.914274002608806063e-03
1.911790478484946343e-03
1.909333096204399302e-03
1.906869037650633968e-03
1.904405451351012845e-03
1.901949324329283266e-03
1.899518267693299598e-03
1.897090387494489551e-03
1.894666933476936953e-03
1.892237920846292620e-03
1.889823355562789608e-03
1.887419930041205497e-03
1.885021850944352271e-03
1.882646181117845303e-03
1.880305308036230071e-03
1.877978620285101910e-03
1.875672636554207668e-03
1.873381424952146089e-03
1.871116039979097865e-03
1.868832807800988819e-03
1.866568075226772167e-03
1.864331983602220393e-03
1.862097044324929418e-03
1.859878632231165346e-03
1.857645253588200351e-03
1.855410323674473337e-03
1.853178547589663097e-03
1.850954655795036471e-03
1.848723429649346082e-03
1.846493307980849857e-03
1.844281986493877170e-03
1.842086111007401128e-03
1.839886062704815728e-03
1.837690928386721996e-03
1.835498233015683649e-03
1.833301940495636086e-03
1.831113724068882858e-03
1.828943015495146157e-03
1.826778734996013526e-03
1.824611295932180742e-03
1.822463706029682278e-03
1.820324232968943733e-03
1.818213732402546110e-03
1.816106982953813453e-03
1.814006209796847598e-03
1.811930798424917551e-03
1.809866549441774882e-03
1.807825497757817703e-03
1.805776096858399378e-03
1.803736705747011407e-03
1.801700684999375628e-03
1.799667753447690326e-03
1.797630862977375689e-03
1.795608441084349570e-03
1.793618872963019441e-03
1.791634688605694015e-03
1.789644393060884795e-03
1.787668059740097053e-03
1.785689920310764688e-03
1.783728649459079881e-03
1.781772217132452903e-03
1.779814680847093119e-03
1.777851401301238114e-03
1.775916200932060049e-03
1.774005661395360945e-03
1.772080254580713594e-03
1.770155708098287073e-03
1.768227252969726149e-03
1.766321129926201258e-03
1.764413370246270974e-03
1.762514655452413013e-03
1.760624365434827060e-03
1.758754801512417160e-03
1.756888600380056720e-03
1.755036214342994057e-03
1.753186474512811099e-03
1.751336898654170431e-03
1.749497878973740395e-03
1.747673635933419574e-03
1.745842263372703474e-03
1.743997339097376866e-03
1.742159667780760228e-03
1.740339037099391086e-03
1.738527192354879115e-03
1.736709476816364079e-03
1.734911977285693565e-03
1.733116519042382899e-03
1.731329662309573272e-03
1.729535561924041729e-03
1.727752292678542143e-03
1.725976950816630233e-03
1.724203106184057964e-03
1.722442800589038233e-03
1.720673204568562865e-03
1.718920233613772507e-03
1.717175512503923886e-03
1.715445430483649933e-03
1.713722076958414239e-03
1.712028884791097364e-03
1.710323269332892065e-03
1.708619391042511069e-03
1.706919739724436320e-03
1.705213564821313980e-03
1.703518958084576304e-03
1.701828535455808446e-03
1.700146001377989555e-03
1.698477691835029472e-03
1.696814995197537925e-03
1.695156218971852549e-03
1.693509819967588563e-03
1.691866188693687397e-03
1.690226977941924891e-03
1.688578022219957685e-03
1.686941662388622212e-03
1.685300392089704707e-03
1.683668082097006203e-03
1.682049468334993747e-03
1.680437731205036960e-03
1.678848419368872240e-03
1.677272971577549367e-03
1.675696810977974618e-03
1.674116005677296322e-03
1.672544056079409980e-03
1.671006336714778075e-03
1.669473844815107504e-03
1.667962340622693943e-03
1.666443156305900388e-03
1.664948899325582616e-03
1.663467274532575129e-03
1.661987022979734838e-03
1.660487178978052852e-03
1.658977563140722920e-03
1.657476459415163422e-03
1.655995005994068472e-03
1.654514191651157125e-03
1.653034651578350576e-03
1.651555761243133497e-03
1.650085318054601239e-03
1.648620252540296998e-03
1.647165398378817912e-03
1.645711003142846232e-03
1.644241080699005699e-03
1.642775922443421742e-03
1.641309828785982418e-03
1.639843516625255800e-03
1.638368279512683037e-03
1.636886688665343658e-03
1.635406494911129495e-03
1.633950214850678380e-03
1.632497877181020643e-03
1.631053219701807458e-03
1.629614267442189204e-03
1.628181499341433466e-03
1.626751586161713633e-03
1.625318308715362247e-03
1.623896999399402968e-03
1.622490152248458935e-03
1.621071299622818280e-03
1.619647347246505305e-03
1.618227391563476164e-03
1.616816267041052552e-03
1.615419787163483150e-03
1.614016443026536265e-03
1.612627881581599762e-03
1.611229501777521706e-03
1.609836692119129276e-03
1.608436539587226660e-03
1.607039894285561613e-03
1.605639791996348997e-03
1.604240124990739163e-03
1.602839394547326017e-03
1.601432369902050902e-03
1.600035454136547464e-03
1.598630466151673658e-03
1.597226020795266101e-03
1.595828269612911080e-03
1.594432783447942599e-03
1.593043681527539198e-03
1.591661933652411751e-03
1.590284871704247815e-03
1.588908112883026915e-03
1.587528861152624196e-03
1.586152242983631441e-03
1.584791420732348374e-03
1.583435085899281402e-03
1.582087745304584575e-03
1.580744510494394833e-03
1.579403462375814776e-03
1.578061488911901592e-03
1.576723275336478370e-03
1.575383231580247245e-03
1.574039641607093143e-03
1.572705635173834299e-03
1.571379714669951392e-03
1.570066220326873018e-03
1.568746718494495006e-03
1.567439513709286162e-03
1.566128964653176314e-03
1.564832757875836682e-03
1.563532690754769862e-03
1.562234449031914317e-03
1.560944913039406107e-03
1.559643940395948926e-03
1.558349501828894300e-03
1.557058462996004219e-03
1.555761235574034361e-03
1.554465890513015858e-03
1.553168218537386925e-03
1.551875082152990443e-03
1.550579235709538973e-03
1.549288093989842829e-03
1.547998624064696052e-03
1.546715024555850564e-03
1.545432892921396340e-03
1.544155570602171379e-03
1.542879047270264781e-03
1.541600627114436944e-03
1.540327319410860363e-03
1.539056317986373795e-03
1.537776756240021589e-03
1.536498426873467637e-03
1.535221010112919641e-03
1.533946207489305692e-03
1.532673825785845542e-03
1.531410212046934024e-03
1.530153443000915490e-03
1.528899955682018995e-03
1.527647792260087211e-03
1.526405125936601851e-03
1.525160384037447907e-03
1.523916538466146831e-03
1.522672514864265025e-03
1.521432673643444275e-03
1.520198141950034358e-03
1.518961840991905335e-03
1.517727867229921954e-03
1.516497561256883748e-03
1.515268074557419220e-03
1.514040364280310911e-03
1.512815850979363618e-03
1.511596076337628526e-03
1.510377145293189186e-03
1.509162305082604669e-03
1.507952859889596280e-03
1.506742271988139193e-03
1.505538180711620639e-03
1.504336596621725329e-03
1.503136250503125590e-03
1.501940118825137015e-03
1.500746345082230220e-03
1.499560081329746799e-03
1.498382110498111671e-03
1.497212312447103498e-03
1.496044991236132864e-03
1.494871582455798917e-03
1.493701281692619374e-03
1.492530717479769982e-03
1.491364282515897626e-03
1.490199566146865060e-03
1.489038483482808947e-03
1.487883182123554042e-03
1.486732523516451701e-03
1.485585880865030644e-03
1.484445402677380408e-03
1.483312651667133535e-03
1.482182425639849612e-03
1.481057742684434818e-03
1.479933238839564345e-03
1.478812086110914761e-03
1.477691915820828839e-03
1.476571197752441032e-03
1.475453382709358613e-03
1.474334361694245622e-03
1.473214493357291252e-03
1.472100549070998144e-03
1.470992405667276856e-03
1.469883581101971834e-03
1.468776702852417088e-03
1.467673367195188820e-03
1.466568019632538125e-03
1.465465909209377488e-03
1.464362383550150710e-03
1.463266218003169295e-03
1.462171519408171812e-03
1.461083485356945129e-03
1.459996813953108553e-03
1.458914729337134697e-03
1.457835181788785404e-03
1.456756013161819097e-03
1.455679655746240815e-03
1.454608115545865873e-03
1.453541422930219743e-03
1.452480030520749256e-03
1.451421390875507356e-03
1.450368023302099673e-03
1.449317508875074554e-03
1.448269059143140764e-03
1.447224428454375704e-03
1.446181158898888564e-03
1.445138143503111412e-03
1.444091062183804975e-03
1.443044059430621763e-03
1.441999354983731010e-03
1.440952493173593661e-03
1.439910216591998218e-03
1.438872905093099104e-03
1.437843670490602990e-03
1.436815176347533505e-03
1.435798118103042819e-03
1.434772506702600408e-03
1.433748294297758786e-03
1.432725892926184526e-03
1.431702317255332873e-03
1.430685067089908615e-03
1.429669121996726905e-03
1.428652318783413169e-03
1.427639568866087344e-03
1.426626910857145200e-03
1.425615785814847740e-03
1.424601925940904412e-03
1.423591774078626594e-03
1.422585415835497412e-03
1.421577288490197483e-03
1.420570840535037311e-03
1.419565313804568938e-03
1.418567966701166951e-03
1.417572710856114830e-03
1.416579926353593501e-03
1.415585931687988498e-03
1.414593746917477968e-03
1.413605545633715146e-03
1.412623718524352650e-03
1.411648833538291280e-03
1.410682300640373615e-03
1.409718261702650995e-03
1.408756187497777227e-03
1.407793528165729099e-03
1.406833198870264569e-03
1.405876056545448576e-03
1.404914084038652936e-03
1.403956248124962024e-03
1.403000882937046993e-03
1.402045290836342840e-03
1.401088861221330348e-03
1.400130576911106641e-03
1.399170790273122043e-03
1.398212669312652199e-03
1.397253652963456085e-03
1.396298208149016279e-03
1.395344084086075527e-03
1.394394686553500221e-03
1.393447439329860817e-03
1.392501930539022988e-03
1.391554994930437874e-03
1.390612014666605225e-03
1.389669866686783382e-03
1.388729314142925653e-03
1.387787202898861476e-03
1.386847463497044861e-03
1.385912096658689944e-03
1.384978046697973213e-03
1.384048064607330038e-03
1.383118374007443092e-03
1.382189311744243948e-03
1.381262865746328864e-03
1.380335307672308966e-03
1.379409732602520592e-03
1.378485820657782438e-03
1.377563388042189795e-03
1.376645400314901145e-03
1.375729866861049753e-03
1.374818083957481465e-03
1.373907397347069476e-03
1.372998143172499304e-03
1.372093122408348659e-03
1.371190489048416342e-03
1.370293187675678025e-03
1.369395142449170979e-03
1.368501496303539114e-03
1.367608082105504445e-03
1.366718462264715061e-03
1.365828139336772292e-03
1.364937149995696731e-03
1.364046472223225418e-03
1.363157411665500991e-03
1.362272258917261421e-03
1.361388834971928022e-03
1.360505727816881984e-03
1.359627737770643377e-03
1.358750101782042795e-03
1.357872318673308647e-03
1.356995883315840340e-03
1.356121948397641299e-03
1.355250295653436529e-03
1.354378257006127366e-03
1.353506193561157750e-03
1.352637361539205541e-03
1.351768765828623327e-03
1.350904578419531883e-03
1.350038768526178696e-03
1.349173621273117973e-03
1.348308819452614157e-03
1.347444909466327060e-03
1.346582083160895301e-03
1.345719767689554282e-03
1.344859235597878995e-03
1.344000744474873167e-03
1.343143450010867530e-03
1.342286926976885269e-03
1.341432074843478027e-03
1.340581348042344705e-03
1.339731892722824088e-03
1.338884994359726757e-03
1.338038278572935497e-03
1.337192222397068928e-03
1.336348517682709640e-03
1.335505865183193169e-03
1.334665255606681290e-03
1.333826475028769987e-03
1.332988468170411087e-03
1.332152227415521603e-03
1.331316754160360603e-03
1.330482454351807498e-03
1.329649610192054892e-03
1.328818392645549160e-03
1.327988714841336730e-03
1.327160552032480680e-03
1.326333949471525343e-03
1.325508950309742121e-03
1.324685399036238656e-03
1.323863380682074615e-03
1.323042892423924441e-03
1.322223952740091005e-03
1.321406573594691072e-03
1.320590864243334408e-03
1.319777122376789751e-03
1.318964337852214031e-03
1.318153102285678701e-03
1.317343188012214637e-03
1.316534774215358554e-03
1.315727915647652794e-03
1.314922592115108299e-03
1.314119324626007376e-03
1.313317274413362086e-03
1.312516620640780422e-03
1.311717936187765986e-03
1.310920885742403392e-03
1.310125367254069044e-03
1.309331786141638065e-03
1.308540320398212699e-03
1.307749574624518735e-03
1.306961761299809798e-03
1.306174387733534305e-03
1.305388711416232556e-03
1.304604021420619408e-03
1.303821835389893258e-03
1.303038943869593014e-03
1.302257582801831341e-03
1.301476962721119382e-03
1.300697450383570463e-03
1.299919340324426700e-03
1.299142639079657558e-03
1.298367489576917775e-03
1.297593579305061917e-03
1.296821526603430218e-03
1.296050987622113845e-03
1.295281818790016597e-03
1.294514567281018031e-03
1.293749491938671944e-03
1.292985626504035250e-03
1.292222633297425123e-03
1.291461102416472696e-03
1.290699611371550577e-03
1.289939726154042642e-03
1.289181440750806649e-03
1.288424931125817761e-03
1.287669662301333100e-03
1.286916405639546403e-03
1.286163674968345645e-03
1.285412763432384033e-03
1.284664135760121709e-03
1.283916749333131966e-03
1.283169298304938713e-03
1.282422957385901102e-03
1.281678336065262495e-03
1.280934693299045626e-03
1.280192280058577332e-03
1.279450728240061688e-03
1.278710113084725571e-03
1.277970945786890446e-03
1.277232987043776030e-03
1.276496193127832964e-03
1.275760673309700877e-03
1.275026452372334321e-03
1.274293678777140525e-03
1.273562536308486554e-03
1.272833860559440455e-03
1.272105613341461541e-03
1.271379603939145654e-03
1.270653754266432359e-03
1.269928846254828395e-03
1.269205095061910846e-03
1.268482648414968016e-03
1.267760922783951185e-03
1.267040399764928502e-03
1.266321106943306147e-03
1.265603081159531046e-03
1.264886291406952393e-03
1.264170733539772334e-03
1.263456320935447096e-03
1.262743190373242759e-03
1.262031185981203358e-03
1.261320433494232066e-03
1.260611001627323299e-03
1.259903037159370567e-03
1.259195830733269997e-03
1.258489822353794658e-03
1.257785021717259481e-03
1.257081411775794405e-03
1.256378964113280582e-03
1.255677674870734131e-03
1.254977706510545599e-03
1.254278749972904256e-03
1.253580977484652914e-03
1.252884356279069730e-03
1.252188974485179181e-03
1.251494722792780403e-03
1.250801612577544415e-03
1.250109685741009015e-03
1.249418827966392032e-03
1.248729142020924823e-03
1.248040595447248106e-03
1.247353159916729038e-03
1.246666896245913429e-03
1.245981875503495394e-03
1.245298096695214704e-03
1.244615653624318429e-03
1.243934077211226487e-03
1.243253525613907153e-03
1.242574138259278354e-03
1.241895966875660937e-03
1.241219226449970323e-03
1.240543509058219607e-03
1.239868958274081704e-03
1.239196079050696245e-03
1.238523604728178178e-03
1.237852028546241765e-03
1.237181764015999079e-03
1.236512551366649110e-03
1.235844561826795205e-03
1.235177853026403916e-03
1.234512605594716411e-03
1.233848619443722290e-03
1.233186061117467688e-03
1.232525430653488505e-03
1.231866157856588775e-03
1.231207948226114820e-03
1.230552308698653653e-03
1.229897430357128384e-03
1.229242846134262664e-03
1.228589424544544468e-03
1.227937706697679234e-03
1.227286838907244628e-03
1.226636507111857196e-03
1.225987794683354925e-03
1.225339459966271654e-03
1.224692612791906943e-03
1.224047389031154972e-03
1.223402879762467690e-03
1.222760520199724695e-03
1.222117962892443725e-03
1.221477986382893009e-03
1.220840355139692990e-03
1.220203217690786620e-03
1.219566625368504647e-03
1.218932409754443311e-03
1.218300549395014143e-03
1.217667418640029945e-03
1.217034695023995906e-03
1.216402823317044640e-03
1.215771063301113522e-03
1.215139563517261129e-03
1.214509237889735589e-03
1.213879579104321961e-03
1.213251587533748909e-03
1.212626246788278033e-03
1.212000594398814860e-03
1.211375371328147913e-03
1.210751457293255274e-03
1.210128726780243394e-03
1.209508844906728546e-03
1.208890548587141867e-03
1.208272315019293672e-03
1.207653966212814123e-03
1.207035467974764374e-03
1.206417943168137550e-03
1.205800741064062039e-03
1.205183749096774923e-03
1.204567869778674569e-03
1.203952793552426782e-03
1.203339667099383430e-03
1.202727595322888431e-03
1.202117091079652443e-03
1.201507735359502119e-03
1.200898312750836670e-03
1.200290458248026021e-03
1.199685176562706977e-03
1.199080196020540015e-03
1.198475638465431627e-03
1.197872645030860972e-03
1.197271095865733506e-03
1.196670877765186646e-03
1.196069849943822696e-03
1.195470965998991645e-03
1.194873335857144772e-03
1.194277537533578728e-03
1.193683233520525253e-03
1.193089184191959903e-03
1.192496493269107338e-03
1.191906636423629246e-03
1.191318114447258766e-03
1.190731062036821638e-03
1.190143184889398556e-03
1.189558004426975344e-03
1.188975251809489811e-03
