4.371945065500107419e-03
5.879826547110246319e-03
5.253250413354771525e-03
4.857641139653403640e-03
4.565599773599244605e-03
4.240821887986661286e-03
3.948117178472699412e-03
3.707931916665452993e-03
3.499952646922291962e-03
3.326882143499400920e-03
3.175201971988572854e-03
3.040062337849023990e-03
2.920842784055717803e-03
2.815299601390827168e-03
2.723927072591607757e-03
2.638223011808407421e-03
2.559528620780036033e-03
2.488761126163735200e-03
2.422736953020921281e-03
2.361487441330122842e-03
2.304955385414268233e-03
2.252553718228285460e-03
2.203042558460653697e-03
2.157025265769510047e-03
2.114636053590637603e-03
2.074358735927443222e-03
2.036937503886508856e-03
2.003579836599762246e-03
1.971413434216354264e-03
1.940633489060738723e-03
1.911107304210431365e-03
1.882039373152512860e-03
1.854227732629537074e-03
1.827276971544640818e-03
1.802191323968764004e-03
1.778107066209470974e-03
1.754640688756414334e-03
1.732652438155926579e-03
1.710999421892746373e-03
1.690278960955348634e-03
1.670259739775427008e-03
1.651239120799070925e-03
1.633373444677111569e-03
1.616554654448550121e-03
1.600063082718200655e-03
1.584129743119227921e-03
1.567664095137452467e-03
1.552190846155155875e-03
1.536897260825867157e-03
1.521698870669378539e-03
1.507022733771284408e-03
1.492563267444047947e-03
1.478463829093894406e-03
1.464723573601028244e-03
1.451349351263363880e-03
1.438454936590739894e-03
1.425877654309477133e-03
1.413578569282741360e-03
1.401651654939859576e-03
1.390181281592778708e-03
1.378898227243825249e-03
1.367809984087858073e-03
1.357026473553753177e-03
1.346481117468003707e-03
1.336388427642569562e-03
1.326312962992725339e-03
1.316655184263883140e-03
1.307158273211665635e-03
1.297878982530358211e-03
1.288643686908609760e-03
1.279654915237594557e-03
1.270823461064064450e-03
1.262098945415288933e-03
1.253574487353941195e-03
1.245200028070570734e-03
1.236980820373947965e-03
1.228950957817312581e-03
1.221049574190003579e-03
1.213324019340310820e-03
1.205767638995221052e-03
1.198458593088872403e-03
1.191190836052156282e-03
1.184085532314892338e-03
1.177048056115917885e-03
1.170139207927509356e-03
1.163322056293920968e-03
1.156616992832788056e-03
1.150032634092091168e-03
1.143553535252925159e-03
1.137235118759839748e-03
1.130971438565451896e-03
1.124832367344185324e-03
1.118774470994008665e-03
1.112818953432489003e-03
1.106952665754123294e-03
1.101179355676012170e-03
1.095507352575278773e-03
1.089906285696137832e-03
1.084388413879480532e-03
1.078953970981976797e-03
1.073599354229565119e-03
1.068330621496341084e-03
1.063139177496325418e-03
1.058020413828072949e-03
1.053013798012024079e-03
1.048061348072350978e-03
1.043163152394649363e-03
1.038326458211100796e-03
1.033554018733511600e-03
1.028856930717917534e-03
1.024218949278397559e-03
1.019636301885554512e-03
1.015114657872621734e-03
1.010658251500933576e-03
1.006257272156557475e-03
1.001921198329576955e-03
9.976564560120787691e-04
9.934492804253335432e-04
9.893203464645351428e-04
9.852606800447674153e-04
9.812187051047320443e-04
9.772367346942132695e-04
9.733113354843669907e-04
9.694136579437927876e-04
9.655397572959080162e-04
9.617072413018561139e-04
9.579409259543777413e-04
9.542220471571329207e-04
9.505375502356915333e-04
9.469458249753050097e-04
9.433300895800405790e-04
9.397579676753589455e-04
9.362184465899816297e-04
9.327188200287942410e-04
9.292643267259316411e-04
9.258418466507904385e-04
9.224687571611094906e-04
9.191231439072408216e-04
9.158223879370113460e-04
9.125514141683466977e-04
9.093155294578248631e-04
9.061204010400385851e-04
9.029715161854582261e-04
8.998423773135207950e-04
8.967370412451083385e-04
8.937022235624159918e-04
8.907183944386003584e-04
8.877646730643472912e-04
8.848418534721216779e-04
8.819687101662706348e-04
8.791095131740894741e-04
8.762751164422810917e-04
8.734618317417945426e-04
8.706828554683242270e-04
8.678887430592702916e-04
8.651181247013620904e-04
8.623655525780122384e-04
8.596387891592556551e-04
8.569487570808934822e-04
8.542918304130578400e-04
8.516611121610999369e-04
8.490810671746002033e-04
8.465361433691009343e-04
8.440540862302114544e-04
8.416185077602769985e-04
8.391784547928672058e-04
8.368290685301506097e-04
8.344602040129732662e-04
8.321111093805434299e-04
8.298107610146764589e-04
8.275156627283996322e-04
8.252477132886965354e-04
8.230271849883626740e-04
8.208421578081802729e-04
8.187099821516493270e-04
8.165560974653538959e-04
8.144145809246216249e-04
8.122615427102032690e-04
8.101788093302042483e-04
8.080650117298543477e-04
8.059878142927901857e-04
8.038979429537337906e-04
8.017869793606482130e-04
7.997318920416305894e-04
7.976551448469050652e-04
7.956023545186388006e-04
7.935167814808077695e-04
7.914315019022812297e-04
7.893590245775657880e-04
7.873062360788520920e-04
7.852743519179787839e-04
7.832613879849324246e-04
7.812646700186940026e-04
7.792956408300791586e-04
7.773247697399290499e-04
7.753508080944007024e-04
7.733830081224103963e-04
7.714278548896999228e-04
7.694881963817664554e-04
7.675666791965654340e-04
7.656673917405454246e-04
7.638035590814640317e-04
7.619508634767793980e-04
7.601637206145606509e-04
7.583410279962498994e-04
7.565301881866627002e-04
7.547382864378420018e-04
7.529528881073418826e-04
7.512037662972536082e-04
7.494599684575078274e-04
7.477377633509517309e-04
7.460161388206679135e-04
7.443200628616419194e-04
7.426247512413124271e-04
7.409386586815591789e-04
7.392549295936096153e-04
7.375712341571943019e-04
7.358969042581472997e-04
7.342300154355553901e-04
7.325667981146816903e-04
7.309177042872355007e-04
7.292727555084983120e-04
7.276405296020606577e-04
7.260186783847446873e-04
7.244035117759268496e-04
7.227991249920010051e-04
7.212062032919732682e-04
7.196260265404280697e-04
7.180654071484410912e-04
7.165101441128067126e-04
7.149651997915546344e-04
7.134283089722914372e-04
7.119021271653750609e-04
7.103946697670925244e-04
7.088957182491751642e-04
7.074197005588616109e-04
7.059382500021890109e-04
7.044675743655001102e-04
7.030075308699626404e-04
7.015469143607134953e-04
7.000913480161972567e-04
6.986435485164604279e-04
6.972060140142650282e-04
6.957779397678205994e-04
6.943572415530101715e-04
6.929445982125469064e-04
6.915404806031099716e-04
6.901473062867145283e-04
6.887622934401301487e-04
6.873868024244930708e-04
6.860235093399096734e-04
6.846756692576457621e-04
6.833567637330638595e-04
6.820317449817521124e-04
6.807372764424148015e-04
6.794527773588685590e-04
6.781869927825627574e-04
6.769538396813762912e-04
6.756969745336287520e-04
6.744440787013232996e-04
6.731903213611133358e-04
6.719415201871456467e-04
6.706940122816091058e-04
6.694461664196236063e-04
6.682322664022503520e-04
6.670172522721953216e-04
6.658070531135147022e-04
6.646089795055282450e-04
6.634230392662763274e-04
6.622536987765766580e-04
6.610822066696225071e-04
6.599286278077057255e-04
6.587816721660236805e-04
6.576501375850765446e-04
6.565400694115011227e-04
6.554441114655349711e-04
6.543443970753844629e-04
6.532467491084865182e-04
6.521552201761097317e-04
6.510902804568268181e-04
6.500340698722610437e-04
6.489636079616421978e-04
6.479098591120045249e-04
6.468372955109006218e-04
6.457720802943919813e-04
6.447003323275893880e-04
6.436307918430101771e-04
6.425762986657111491e-04
6.415451641826093324e-04
6.405081869305361822e-04
6.395115078132593755e-04
6.385005667317872205e-04
6.374771708992189390e-04
6.364495597104923410e-04
6.354199348760163589e-04
6.343872588027377407e-04
6.333706674362364489e-04
6.323442939992316054e-04
6.313152469504607544e-04
6.303061216017399274e-04
6.293066318592682989e-04
6.283142445243569685e-04
6.273377590683880617e-04
6.263590464629376076e-04
6.253950386161279259e-04
6.244351167123395616e-04
6.234935459655651041e-04
6.225456639394472136e-04
6.216138435324800038e-04
6.206834152661379030e-04
6.197489874864458475e-04
6.188327406567276133e-04
6.179202790246125440e-04
6.169878914313010020e-04
6.160844995481630677e-04
6.151894442657297084e-04
6.142797848173493650e-04
6.133721950915484340e-04
6.124695579740528466e-04
6.115663521689671846e-04
6.106768914262233026e-04
6.097672962934991671e-04
6.088567582230423620e-04
6.079615231393021299e-04
6.070700562788636494e-04
6.061778909630308448e-04
6.052885223126222396e-04
6.044112186560771961e-04
6.035293671431110531e-04
6.026497883442242338e-04
6.017715692610858293e-04
6.008838496436518482e-04
6.000070601746331292e-04
5.991267769952713556e-04
5.982506585478588636e-04
5.973787804113062962e-04
5.965166121003314184e-04
5.956563293452284613e-04
5.947977043076404114e-04
5.939415310979149522e-04
5.930946873636240915e-04
5.922532611532277825e-04
5.914165633048153268e-04
5.905843154781953343e-04
5.897546785617393010e-04
5.889383460508957344e-04
5.881259678129706044e-04
5.873278791684523499e-04
5.865307959502436864e-04
5.857475335880196494e-04
5.849475824831899861e-04
5.841635008278014962e-04
5.833822931418870860e-04
5.826004826784583583e-04
5.818192347160708192e-04
5.810430036838325901e-04
5.802745747375286003e-04
5.795113980104376521e-04
5.787534098730371963e-04
5.780109577138832456e-04
5.772670420497640759e-04
5.765551039195861236e-04
5.758492043033088849e-04
5.751455911903979564e-04
5.744261408469792133e-04
5.737086880069904938e-04
5.730071279685549669e-04
5.723085541477872240e-04
5.716229513386657593e-04
5.709245969131900977e-04
5.702287801341568083e-04
5.695212176755654228e-04
5.688281378850255096e-04
5.681459462043407255e-04
5.674466930786872029e-04
5.667456799208733017e-04
5.660497473318474486e-04
5.653559061515689519e-04
5.646639811683930310e-04
5.639957237453248166e-04
5.633167978551432932e-04
5.626495864824548583e-04
5.620007413626313319e-04
5.613620185688003974e-04
5.607218497463289930e-04
5.600812029375253250e-04
5.594418752579086163e-04
5.588001695871846032e-04
5.581700093370935752e-04
5.575398513712178988e-04
5.569146541464881041e-04
5.562911493511239064e-04
5.556625644005232321e-04
5.550438245600887921e-04
5.544348333640544387e-04
5.538468491427556584e-04
5.532748338745973856e-04
5.527030679366351420e-04
5.521410538510256602e-04
5.515522308846559788e-04
5.509770323643024478e-04
5.504024870426350293e-04
5.498279696442994434e-04
5.492480280357044109e-04
5.486765377925972419e-04
5.480956545416013287e-04
5.475049056103676020e-04
5.469386744375886360e-04
5.463651814630329047e-04
5.457918739431249057e-04
5.452157072510038999e-04
5.446466098262322392e-04
5.440784204557225700e-04
5.435004784130477136e-04
5.429131612083771706e-04
5.423265609955053509e-04
5.417411397337555884e-04
5.411553180002692158e-04
5.405614243616258668e-04
5.399693637344822649e-04
5.393879174956663601e-04
5.388091970584293726e-04
5.382282611069139468e-04
5.376494321609769957e-04
5.370601043379147300e-04
5.364725847322679994e-04
5.358840682210221822e-04
5.352922136961627995e-04
5.347085985792813601e-04
5.341139048409015468e-04
5.335300325453067776e-04
5.329512698347457344e-04
5.323694683748753272e-04
5.317971236993347152e-04
5.312249625936070994e-04
5.306532501349124197e-04
5.300896259601923979e-04
5.295276272179124961e-04
5.289651797629393989e-04
5.284031437391202048e-04
5.278408944070292486e-04
5.272832338071311263e-04
5.267230671661360343e-04
5.261554294708049948e-04
5.255855063781360000e-04
5.250171176484503535e-04
5.244516615087047983e-04
5.238856228448565038e-04
5.233278011903180543e-04
5.227747109686950965e-04
5.222223786366756446e-04
5.216669526698772871e-04
5.211129962067395042e-04
5.205567561615185267e-04
5.199950216300130859e-04
5.194381651187801900e-04
5.188852238774048584e-04
5.183305038899194877e-04
5.177776163837772162e-04
5.172257042919996750e-04
5.166786693706163511e-04
5.161342970798924942e-04
5.155946775381881758e-04
5.150554519029064198e-04
5.145114924808152912e-04
5.139718380443256693e-04
5.134365275321900587e-04
5.129057186973459085e-04
5.123779320858475820e-04
5.118530375300819543e-04
5.113276102208784988e-04
5.108089765705790342e-04
5.102912065726199686e-04
5.097842912860280637e-04
5.092795043615288468e-04
5.087766395997566846e-04
5.082757228597288698e-04
5.077708795166787237e-04
5.072698336552402968e-04
5.067698073970037598e-04
5.062762377848360404e-04
5.057843304789274349e-04
5.052874627542072294e-04
5.047940975891092438e-04
5.043044147820063914e-04
5.038229571902983926e-04
5.033422560985443281e-04
5.028552110877107561e-04
5.023674123567396657e-04
5.018778025105762952e-04
5.013983028618531224e-04
5.009102908455216304e-04
5.004218379745704014e-04
4.999361098725329253e-04
4.994450925541488607e-04
4.989542915584271616e-04
4.984664982328543140e-04
4.979808146967651004e-04
4.974964445755588162e-04
4.970092719784953601e-04
4.965188515141939459e-04
4.960342400577104870e-04
4.955496722171751208e-04
4.950686828414555636e-04
4.945877075969387247e-04
4.941075604975938987e-04
4.936269220825644302e-04
4.931505404107023325e-04
4.926762569733448898e-04
4.922061675283042953e-04
4.917399992948174019e-04
4.912728772485968525e-04
4.908107481858771295e-04
4.903583747877486706e-04
4.899054725798285747e-04
4.894495288034520723e-04
4.890028525508998769e-04
4.885497668860136911e-04
4.881029207435707120e-04
4.876537453953463594e-04
4.872141398821861033e-04
4.867747558394758993e-04
4.863359336570831901e-04
4.858968343975990129e-04
4.854633915330596058e-04
4.850350593813752853e-04
4.846065162624592164e-04
4.841771470070397568e-04
4.837507279617205480e-04
4.833283924673428497e-04
4.829078677624307355e-04
4.824933061525258737e-04
4.820793643547461932e-04
4.816657921747954235e-04
4.812574083936222141e-04
4.808471806762856858e-04
4.804365526396136969e-04
4.800260408014066205e-04
4.796154262993154770e-04
4.792145439678862479e-04
4.788170480778393781e-04
4.784242268803080779e-04
4.780297833898436498e-04
4.776384541624415512e-04
4.772470490681537622e-04
4.768612339479239405e-04
4.764818042344962806e-04
4.760968130782379472e-04
4.757208021407917831e-04
4.753570279713131819e-04
4.750001363410147033e-04
4.746468701501137017e-04
4.743000556644015641e-04
4.739584213076128384e-04
4.736219814727106914e-04
4.732851045904476776e-04
4.729313394602855671e-04
4.725802262987242311e-04
4.722278229556184500e-04
4.718813025180664824e-04
4.715322676603490555e-04
4.711864944348223062e-04
4.708336536971868044e-04
4.704881577812591669e-04
4.701332940386527669e-04
4.697790254564464425e-04
4.694234525874959175e-04
4.690670694982678585e-04
4.687132228423606089e-04
4.683589974948089104e-04
4.680024023931384728e-04
4.676538109974675899e-04
4.672955353081898150e-04
4.669322537835030366e-04
4.665732243672985236e-04
4.662119383452423401e-04
4.658504182700038852e-04
4.654898975461307627e-04
4.651285593314938641e-04
4.647658913710116290e-04
4.644036295961742459e-04
4.640418795333192746e-04
4.636770296464829810e-04
4.633167554074452761e-04
4.629570223277169926e-04
4.625993316545314277e-04
4.622458098357503970e-04
4.618866654938936643e-04
4.615259312963410532e-04
4.611686249827308512e-04
4.608105709169017274e-04
4.604536273460268429e-04
4.600960252429784508e-04
4.597372214364449112e-04
4.593817490960560440e-04
4.590263089067357681e-04
4.586766269803733108e-04
4.583277158833139642e-04
4.579806860284234434e-04
4.576377642642022675e-04
4.572924077143560224e-04
4.569434816865060767e-04
4.565923393153175649e-04
4.562494712842819333e-04
4.559005191167680949e-04
4.555495507810655839e-04
4.551967727830013785e-04
4.548481687608924603e-04
4.544964164919913742e-04
4.541483219088206474e-04
4.538013777443381837e-04
4.534520339807022256e-04
4.531045572116786167e-04
4.527633234594053801e-04
4.524193721603793025e-04
4.520813818966726619e-04
4.517483411668292426e-04
4.514191652555984806e-04
4.510885297115589470e-04
4.507615498388194294e-04
4.504394504982324834e-04
4.501214096089810063e-04
4.497987836393888450e-04
4.494781539452707107e-04
4.491586374161048276e-04
4.488393687943361375e-04
4.485185090394535105e-04
4.481962143257050136e-04
4.478734763934589147e-04
4.475456784398917074e-04
4.472212743664257168e-04
4.468942312128891471e-04
4.465669841714839665e-04
4.462403501344781973e-04
4.459134748781069281e-04
4.455882804164832366e-04
4.452624528967483500e-04
4.449399266790214852e-04
4.446187972680708212e-04
4.442944255385483264e-04
4.439679844140562116e-04
4.436443608081290708e-04
4.433169062556846138e-04
4.429881146575295183e-04
4.426634065215434110e-04
4.423389002557064813e-04
4.420114829355203164e-04
4.416846214258270511e-04
4.413591953679261016e-04
4.410345011752427242e-04
4.407104504002316240e-04
4.403866232009040439e-04
4.400619283919239935e-04
4.397337966666172099e-04
4.394060448202269441e-04
4.390786390025957098e-04
4.387525561465628198e-04
4.384256258247757818e-04
4.380980519401465119e-04
4.377722024882952918e-04
4.374489596990991107e-04
4.371257534736185265e-04
4.368028559420424192e-04
4.364771859370585581e-04
4.361515858887282313e-04
4.358273306573139344e-04
4.355036452303848084e-04
4.351798415340742522e-04
4.348565081761019595e-04
4.345339048402386195e-04
4.342118405949236854e-04
4.338920164809484544e-04
4.335733922347503530e-04
4.332569870754084704e-04
4.329405782192016707e-04
4.326249538847236472e-04
4.323090321274002112e-04
4.319947682841432791e-04
4.316817212708821613e-04
4.313667066126270562e-04
4.310523459344116695e-04
4.307370436201454116e-04
4.304222503004511758e-04
4.301083237279050065e-04
4.297945776098141438e-04
4.294815196855868850e-04
4.291690589797644015e-04
4.288572281524206118e-04
4.285458999560732164e-04
4.282352585268120004e-04
4.279252990441609686e-04
4.276160256558997341e-04
4.273073965058595382e-04
4.269995072409125307e-04
4.266926892900122750e-04
4.263861928903822218e-04
4.260806167815538495e-04
4.257759169684813792e-04
4.254717576351831803e-04
4.251679865144554699e-04
4.248650477378631608e-04
4.245625610191176825e-04
4.242606416290912010e-04
4.239594237615600873e-04
4.236587587079470967e-04
4.233588222889984290e-04
4.230594814173517732e-04
4.227612577065476842e-04
4.224635798279018756e-04
4.221674916763577074e-04
4.218724955890654476e-04
4.215776725466545091e-04
4.212835157697055887e-04
4.209890574545689114e-04
4.206953206375608372e-04
4.204024495643547688e-04
4.201100390236864237e-04
4.198179129614113946e-04
4.195263968785055181e-04
4.192359427719035748e-04
4.189471169445970985e-04
4.186579989216441459e-04
4.183698279730386333e-04
4.180825248697775365e-04
4.177959160393571549e-04
4.175098976469013528e-04
4.172242305505138491e-04
4.169395822071137511e-04
4.166551916096005153e-04
4.163719392662979467e-04
4.160904529103257076e-04
4.158093300390359255e-04
4.155291350426571634e-04
4.152502794365752078e-04
4.149713786123856735e-04
4.146935419213086584e-04
4.144164057337411172e-04
4.141385725377103684e-04
4.138621582396200048e-04
4.135851543838322750e-04
4.133085798131318949e-04
4.130322150267706663e-04
4.127556610536316489e-04
4.124803155437750907e-04
4.122059026883608153e-04
4.119321641939965601e-04
4.116605064220230765e-04
4.113890725236808688e-04
4.111179014413700772e-04
4.108481809277414920e-04
4.105781182884705831e-04
4.103086264553761423e-04
4.100395691375598975e-04
4.097717316524843298e-04
4.095036214221288960e-04
4.092354937494494557e-04
4.089669828045710978e-04
4.086986950541706678e-04
4.084301139182783930e-04
4.081630988906018859e-04
4.078967041231028540e-04
4.076308918913144094e-04
4.073649504768585262e-04
4.070999745641348637e-04
4.068359613339861337e-04
4.065720696056017826e-04
4.063092176849555535e-04
4.060463199071688654e-04
4.057840076410650977e-04
4.055218951207210302e-04
4.052620567529335535e-04
4.050036191868831067e-04
4.047455581340976159e-04
4.044867715242948802e-04
4.042296325472004726e-04
4.039714232220836657e-04
4.037141664972232935e-04
4.034582650442177323e-04
4.032030509142169972e-04
4.029491287543766204e-04
4.026952742368519289e-04
4.024426821917517988e-04
4.021929037695480785e-04
4.019425524225067950e-04
4.016936757786975453e-04
4.014446269075437677e-04
4.011962643457909019e-04
4.009469976205824499e-04
4.006978233153122909e-04
4.004491465504511237e-04
4.002005410508394632e-04
3.999517787376336291e-04
3.997045782651189151e-04
3.994569334180333151e-04
3.992109503452818476e-04
3.989647124185063736e-04
3.987203374453364077e-04
3.984786130242508979e-04
3.982382337846753525e-04
3.979982168784764341e-04
3.977601997820833326e-04
3.975216103065173641e-04
3.972874273592140633e-04
3.970533275905248783e-04
3.968178153162132981e-04
3.965811447088046890e-04
3.963458596229043674e-04
3.961100658309186519e-04
3.958741684726828510e-04
3.956381622649645627e-04
3.954011373318126201e-04
3.951645324752610269e-04
3.949282977676454582e-04
3.946923059247685718e-04
3.944571202125356398e-04
3.942222288126586609e-04
3.939871309440729614e-04
3.937523397477341578e-04
3.935167293940874510e-04
3.932818940286445636e-04
3.930468171565274795e-04
3.928127845096843532e-04
3.925796344941777350e-04
3.923463933200808376e-04
3.921151990122060294e-04
3.918839320619525095e-04
3.916527945893312187e-04
3.914235948142147110e-04
3.911944874374999586e-04
3.909649244523986304e-04
3.907339807994145457e-04
3.905031335247180816e-04
3.902727171504352210e-04
3.900420365586425644e-04
3.898113838606285576e-04
3.895814851398853593e-04
3.893514849028111209e-04
3.891214901541838189e-04
3.888918316433995323e-04
3.886616642143566366e-04
3.884325361282286418e-04
3.882039683072719804e-04
3.879754732812575936e-04
3.877473051440436316e-04
3.875195539690006233e-04
3.872919579066369349e-04
3.870652044771418919e-04
3.868389396504108915e-04
3.866123350058602829e-04
3.863866430842976835e-04
3.861612858315810514e-04
3.859369452724681284e-04
3.857130610516867485e-04
3.854891702289099968e-04
3.852652991391146615e-04
3.850422511928661400e-04
3.848195946440006012e-04
3.845977149771298326e-04
3.843763791655484805e-04
3.841555397747150073e-04
3.839345105226534493e-04
3.837142256006563805e-04
3.834948114879526923e-04
3.832760155143917404e-04
3.830582997822629013e-04
3.828410610410835674e-04
3.826233394681653418e-04
3.824056748713877186e-04
3.821867052177865278e-04
3.819687632172519298e-04
3.817511781513091866e-04
3.815336175923893193e-04
3.813170566048719348e-04
3.811011747520935016e-04
3.808852918180033248e-04
3.806697380360984733e-04
3.804548002673126088e-04
3.802388747022740186e-04
3.800229795861700347e-04
3.798074257938865495e-04
3.795926134893975686e-04
3.793782083426930720e-04
3.791637676918782900e-04
3.789496679681248295e-04
3.787357650482006243e-04
3.785220543004031010e-04
3.783087651398367945e-04
3.780957746352337293e-04
3.778831988012914828e-04
3.776710272992551379e-04
3.774591451993501213e-04
3.772475492521835993e-04
3.770362728395829305e-04
3.768253736951415202e-04
3.766150020953383461e-04
3.764048622273158005e-04
3.761949909699842907e-04
3.759854744250396854e-04
3.757763937164905368e-04
3.755676446974439125e-04
3.753593048840735222e-04
3.751513036577513419e-04
3.749435700437828253e-04
3.747363995869666762e-04
3.745296591241984363e-04
3.743233564205666994e-04
3.741174057380537601e-04
3.739116339936030507e-04
3.737064209161446745e-04
3.735015055202917382e-04
3.732973604916187886e-04
3.730936052680804073e-04
3.728904628230503542e-04
3.726874548832877936e-04
3.724847672115571629e-04
3.722821249272566745e-04
3.720795120422354754e-04
3.718772699980583117e-04
3.716753438046690550e-04
3.714738012444114080e-04
3.712732924461490378e-04
3.710726535443553665e-04
3.708726338786505873e-04
3.706725193105027535e-04
3.704724532222896673e-04
3.702725803053714048e-04
3.700729850667292399e-04
3.698736819755787659e-04
3.696746896916192028e-04
3.694760898991862239e-04
3.692779176884550068e-04
3.690799058380757401e-04
3.688828254568915976e-04
3.686860157215112919e-04
3.684897246172094991e-04
3.682935590907213163e-04
3.680979934603255161e-04
3.679028368103398009e-04
3.677078889390891087e-04
3.675135668882422162e-04
3.673191417417714889e-04
3.671249899594508171e-04
3.669309747975858164e-04
3.667371774374058690e-04
3.665439166822332577e-04
3.663517277489105619e-04
3.661594669711017223e-04
3.659679824055578107e-04
3.657771716532821557e-04
3.655875947340896754e-04
3.653973088006222240e-04
3.652083974335956947e-04
3.650205305747857920e-04
3.648339413826815055e-04
3.646464590836904335e-04
3.644598158243042996e-04
3.642740545537964734e-04
3.640899629824388022e-04
3.639065399618869384e-04
3.637227460943844330e-04
3.635403823494260246e-04
3.633589715832548079e-04
3.631789226525657566e-04
3.629986124540448460e-04
3.628201206472922045e-04
3.626401251267204651e-04
3.624595350296721304e-04
3.622776809925926534e-04
3.620964258894937668e-04
3.619146653085028066e-04
3.617354336375922159e-04
3.615548056062669593e-04
3.613750613695328705e-04
3.611944496942295652e-04
3.610138001350476087e-04
3.608335375794161147e-04
3.606545096691586225e-04
3.604741422824247251e-04
3.602932095857838148e-04
3.601129142992870479e-04
3.599334029726073206e-04
3.597548203941806477e-04
3.595763032646849718e-04
3.593976466428242087e-04
3.592191648603797194e-04
3.590423753442783454e-04
3.588655873719523871e-04
3.586898344835815541e-04
3.585145919238928659e-04
3.583397139276110928e-04
3.581643588607507484e-04
3.579899731183098003e-04
3.578153653044299776e-04
3.576414846329760704e-04
3.574684960473970062e-04
3.572960761911386329e-04
3.571229904454701872e-04
3.569496728546108009e-04
3.567775775478490259e-04
3.566044265885957225e-04
