6.116962500000572289e-04
4.818603249460176011e-04
4.357448625894242127e-04
4.310157375814702174e-04
4.983955145264946538e-04
4.625621295160268305e-04
4.285618736325729600e-04
4.106995280882638657e-04
4.024225515399004380e-04
3.846561061154615629e-04
3.762756913155472049e-04
3.853229263131380733e-04
3.815412717285021648e-04
3.806441112850017993e-04
3.738624164382345154e-04
3.714873366194854218e-04
3.783433665155812374e-04
3.790155680471653113e-04
3.794653791852594174e-04
3.776299304974832494e-04
3.807420916066104211e-04
3.774326402700141185e-04
3.737015203143198875e-04
3.684895258941421462e-04
3.647383301013771444e-04
3.639635857418352686e-04
3.620777725390901362e-04
3.578124431540203655e-04
3.530046919523722689e-04
3.479273515289464593e-04
3.433774396044506766e-04
3.384644478021392997e-04
3.340674829518200948e-04
3.298631473449486974e-04
3.268049174291955843e-04
3.235512190481226779e-04
3.207739194753278533e-04
3.178500043316222472e-04
3.151149154832292285e-04
3.127256616703910294e-04
3.118075678008575382e-04
3.109390260809025055e-04
3.109800340283650670e-04
3.100661375214541402e-04
3.086702298701032420e-04
3.075051099700399824e-04
3.073425564731839922e-04
3.062728569884116156e-04
3.049734764508702889e-04
3.038483837410077830e-04
3.032638324914391334e-04
3.019973018223515919e-04
3.009675906598445689e-04
2.993101796180868486e-04
2.980753818045525140e-04
2.968495529841771292e-04
2.954754086349827436e-04
2.946027975139807811e-04
2.937290227803001676e-04
2.930719517341539974e-04
2.920836848364417892e-04
2.912073269089899283e-04
2.905357966289024612e-04
2.897644717614997374e-04
2.885901300936779905e-04
2.876284454508136099e-04
2.867865716914289259e-04
2.857337478268383063e-04
2.847426599347776068e-04
2.835664604177206205e-04
2.825525646555901221e-04
2.815337544648042058e-04
2.803997591668605841e-04
2.789884729379490903e-04
2.775333025058580915e-04
2.760416457672483590e-04
2.746940875192941355e-04
2.731818222897180320e-04
2.716726642814754045e-04
2.702720215256713856e-04
2.688755794240529169e-04
2.675143211667888564e-04
2.660721163272851083e-04
2.647217354880154229e-04
2.632823840446523529e-04
2.620175556862696991e-04
2.607113987614887319e-04
2.593927825241640643e-04
2.581045477883858806e-04
2.568781478627122977e-04
2.555949449269885902e-04
2.543130800796033109e-04
2.530862677452703135e-04
2.518336353270890331e-04
2.505826837590293299e-04
2.493621171494714815e-04
2.481000254927367326e-04
2.468755849367029395e-04
2.456911654441534159e-04
2.445132007193224241e-04
2.433557694684110025e-04
2.422198877831950549e-04
2.410775585232808704e-04
2.399694274408061445e-04
2.389155761499571148e-04
2.378743226311939027e-04
2.368468391890338849e-04
2.358341907428792878e-04
2.348537431026367255e-04
2.339037034491703196e-04
2.329651234209503157e-04
2.319951521961813616e-04
2.310650032764863390e-04
2.301382326551250487e-04
2.292554373223810126e-04
2.283986238951584270e-04
2.275511138869559271e-04
2.266964468813965515e-04
2.258291349055894213e-04
2.249550695598350955e-04
2.240950475058690590e-04
2.232238659592840032e-04
2.223539433021614567e-04
2.214891206260356424e-04
2.206545140291702812e-04
2.198445727605661528e-04
2.190767657048944969e-04
2.183421619282892496e-04
2.176498787697739789e-04
2.169413923600868935e-04
2.163042290214878987e-04
2.156436691979165448e-04
2.150246364034826669e-04
2.144068384061915522e-04
2.137595994524198021e-04
2.131054877968015140e-04
2.124504664925750785e-04
2.118474315390734164e-04
2.112372953051272993e-04
2.105899563132356174e-04
2.099455029666661831e-04
2.092753704271337414e-04
2.086240335955685473e-04
2.079761291670190833e-04
2.073524492392397780e-04
2.067298785773695534e-04
2.061566611564279552e-04
2.055876512472933656e-04
2.050390201215649094e-04
2.044990000105257005e-04
2.039340899245508678e-04
2.033561608471411576e-04
2.028117124406839827e-04
2.022959131404933005e-04
2.017948950434135568e-04
2.012719550707715106e-04
2.007810076957361120e-04
2.002998864522792305e-04
1.998136568252957513e-04
1.993451065054522133e-04
1.988959074520096253e-04
1.984438106853694990e-04
1.979523382986225863e-04
1.974375200705952185e-04
1.969796466575700876e-04
1.964931660505834707e-04
1.960289193466568816e-04
1.955644847997542284e-04
1.950625726260713671e-04
1.945800557238135272e-04
1.941085450177810882e-04
1.936088840431231099e-04
1.930960374038889012e-04
1.925729423838004291e-04
1.920730573730255086e-04
1.915726154896978518e-04
1.910648343547360841e-04
1.905504119298655945e-04
1.900367608217120902e-04
1.895201436567102947e-04
1.890039399728565557e-04
1.884914507909978140e-04
1.879860152980828813e-04
1.874848160230853356e-04
1.869838113379214027e-04
1.864906461067277832e-04
1.860016671798748881e-04
1.855140266872392371e-04
1.850348043655059146e-04
1.845598930590812415e-04
1.841010776714560365e-04
1.836393068545905734e-04
1.831766100477280005e-04
1.827182520392501013e-04
1.822634974565943901e-04
1.818072664586057523e-04
1.813524509512538991e-04
1.808965425503557950e-04
1.804489038862407753e-04
1.800058730154262352e-04
1.795760525109022052e-04
1.791435039177993228e-04
1.787211816228691274e-04
1.782989507345332752e-04
1.778875161755090462e-04
1.774756990226673500e-04
1.770673406652565197e-04
1.766768815198998686e-04
1.762852786212128361e-04
1.758954673132080368e-04
1.755110307367614101e-04
1.751422741240039709e-04
1.747788480259676439e-04
1.744134870340515147e-04
1.740538572109826931e-04
1.736940708903276056e-04
1.733454863732959283e-04
1.729912782966696694e-04
1.726281926620346291e-04
1.722807324832753930e-04
1.719378526444265436e-04
1.715985415335112769e-04
1.712633034948065735e-04
1.709453873264210827e-04
1.706277375769093977e-04
1.703322795345567787e-04
1.700345035745418531e-04
1.697323431538589190e-04
1.694459411980212416e-04
1.691508992150900486e-04
1.688463720653351140e-04
1.685545375728840067e-04
1.682595876031879796e-04
1.679546869186270669e-04
1.676615703510331865e-04
1.673664568332480253e-04
1.670715885421490980e-04
1.668024564349280408e-04
1.665410073722718503e-04
1.662702706976000697e-04
1.659979635066261038e-04
1.657161549895481024e-04
1.654436863300847327e-04
1.651636814697767582e-04
1.648929925882839786e-04
1.646151745818457606e-04
1.643700296761233751e-04
1.641108962787829885e-04
1.638376325678853984e-04
1.635882647391068503e-04
1.633480830000650546e-04
1.631066626107159363e-04
1.628646880223633164e-04
1.626234196678364840e-04
1.623792428582256206e-04
1.621375527023296193e-04
1.618777576603555926e-04
1.616293840307427465e-04
1.613861266332078425e-04
1.611480340019757508e-04
1.609160090563746981e-04
1.606916027747981709e-04
1.604808266636368848e-04
1.602794895552156083e-04
1.600791358849853487e-04
1.598818129055780391e-04
1.596765410124194957e-04
1.594636650546204658e-04
1.592407328367198018e-04
1.590217982110487388e-04
1.587898942321735530e-04
1.585538852702986343e-04
1.583098787418397969e-04
1.580877688108506002e-04
1.578530566001680826e-04
1.576124112187987669e-04
1.573766711148996613e-04
1.571377795215431368e-04
1.569043940025817549e-04
1.566852959987760218e-04
1.564621420529250671e-04
1.562302381597298795e-04
1.559865766706911732e-04
1.557485065247742051e-04
1.555196786077440399e-04
1.552833001481285842e-04
1.550560762305025562e-04
1.548213726956276966e-04
1.545776876969355920e-04
1.543367288245504421e-04
1.540906818474639445e-04
1.538475537853477174e-04
1.536072429025912649e-04
1.533673326292582680e-04
1.531235852023654523e-04
1.528807350772390004e-04
1.526359921787330575e-04
1.523987229483610476e-04
1.521635144759206598e-04
1.519280201949996570e-04
1.516960974793368777e-04
1.514735513828025665e-04
1.512551571232427353e-04
1.510282169997615213e-04
1.508069255272976976e-04
1.505787457817092635e-04
1.503509581498240985e-04
1.501257506068632620e-04
1.499099330599964444e-04
1.496849372968351698e-04
1.494749469207359404e-04
1.492672866055064370e-04
1.490693557783272824e-04
1.488693358358875152e-04
1.486795697063160622e-04
1.484822952559055188e-04
1.482870322519239082e-04
1.480919183076653042e-04
1.478919473980796757e-04
1.477014617647824451e-04
1.475077298932426703e-04
1.473031241158295074e-04
1.471044773758853829e-04
1.469021854689276209e-04
1.466983609336689495e-04
1.464910300402855572e-04
1.462818429894813927e-04
1.460721523017705266e-04
1.458622170408666637e-04
1.456516920603781668e-04
1.454397425414076755e-04
1.452317109519655992e-04
1.450234819859315101e-04
1.448191555754997455e-04
1.446138941019923195e-04
1.444124528658506537e-04
1.442071887978893876e-04
1.440044558057381905e-04
1.438128657498456448e-04
1.436170242624184809e-04
1.434274304984787781e-04
1.432362915988539588e-04
1.430442272879132841e-04
1.428470536632586068e-04
1.426509512174136448e-04
1.424590965154005429e-04
1.422659111564817606e-04
1.420699481956683695e-04
1.418725348278444733e-04
1.416756322210358735e-04
1.414781838643619440e-04
1.412837642310415642e-04
1.410874859163905931e-04
1.408949282802259039e-04
1.407002083644950420e-04
1.405092958188458520e-04
1.403176497951236516e-04
1.401256494760378421e-04
1.399326210503604997e-04
1.397405309586403498e-04
1.395509853056993389e-04
1.393611643100755378e-04
1.391729408092434869e-04
1.389841929729065170e-04
1.387960922774643467e-04
1.386096661756948899e-04
1.384262581530930109e-04
1.382426206797194353e-04
1.380593037647389763e-04
1.378766389470098769e-04
1.376954093886856734e-04
1.375151111560647134e-04
1.373362587606416583e-04
1.371549727171822821e-04
1.369747560291002114e-04
1.367949595610416054e-04
1.366142885055794426e-04
1.364337056388773397e-04
1.362538610106790119e-04
1.360749548462017520e-04
1.358973110472661266e-04
1.357214063708573986e-04
1.355448928960953879e-04
1.353701333629310770e-04
1.351963479518631750e-04
1.350231543012820766e-04
1.348524027332430244e-04
1.346813265334989909e-04
1.345101388904567643e-04
1.343398204705149900e-04
1.341690481065634739e-04
1.340001386839662523e-04
1.338326848756819798e-04
1.336645235445887037e-04
1.334982341610140531e-04
1.333312222375185774e-04
1.331636257041407339e-04
1.329988977840008719e-04
1.328333498882372597e-04
1.326673308418469422e-04
1.325029320081203921e-04
1.323384572081985394e-04
1.321750305134727715e-04
1.320142556029392457e-04
1.318542684726845828e-04
1.316955942728767904e-04
1.315375532054752824e-04
1.313803638820236941e-04
1.312236216095036712e-04
1.310671459796960883e-04
1.309115999608600664e-04
1.307587476723031902e-04
1.306036515824979954e-04
1.304495301066093088e-04
1.302960796341414177e-04
1.301430040484044244e-04
1.299895376665559225e-04
1.298370865276750232e-04
1.296844083285860860e-04
1.295315435154322902e-04
1.293781979150956962e-04
1.292251116161356966e-04
1.290727131307652824e-04
1.289206494937060292e-04
1.287690451370907202e-04
1.286187119390150323e-04
1.284681666722475542e-04
1.283184508040571836e-04
1.281690323412968758e-04
1.280208628217314722e-04
1.278725453058843892e-04
1.277246609384539901e-04
1.275771715428311028e-04
1.274301084862957572e-04
1.272835551367006407e-04
1.271375725183508556e-04
1.269920375106538778e-04
1.268470048170579670e-04
1.267025216125801899e-04
1.265585125449519323e-04
1.264149526582577403e-04
1.262722989976193067e-04
1.261299673433927235e-04
1.259879475753970389e-04
1.258463142546625900e-04
1.257051621853314525e-04
1.255644993699335532e-04
1.254244658265481899e-04
1.252851686799204994e-04
1.251460778079678299e-04
1.250075776987190259e-04
1.248696732488437458e-04
1.247321345579493481e-04
1.245947352901414162e-04
1.244579805356016249e-04
1.243219707242455515e-04
1.241862789795909001e-04
1.240507126629601458e-04
1.239161632562607075e-04
1.237815071097013171e-04
1.236480457214990077e-04
1.235144290487120555e-04
1.233817039142482775e-04
1.232487981911705582e-04
1.231169575134054425e-04
1.229860824588782176e-04
1.228549213490676638e-04
1.227240324859024494e-04
1.225933314809931501e-04
1.224629143145806380e-04
1.223332870270057017e-04
1.222036459965348382e-04
1.220744714582872969e-04
1.219456331994590512e-04
1.218174439409489056e-04
1.216895337280566848e-04
1.215619430234393498e-04
1.214349412785398837e-04
1.213081507986222310e-04
1.211818313755520782e-04
1.210557972451875634e-04
1.209301695249239881e-04
1.208049628757840193e-04
1.206802569076093117e-04
1.205557924328599858e-04
1.204317015007701376e-04
1.203080198667754212e-04
1.201850316218989627e-04
1.200621431789039985e-04
1.199396338390613199e-04
1.198176772619922916e-04
1.196960317950548030e-04
1.195749225220344483e-04
1.194542124609339627e-04
1.193340661244077271e-04
1.192145486956369276e-04
1.190949979447396842e-04
1.189762540873634072e-04
1.188585112934140262e-04
1.187412698253752122e-04
1.186239745105631800e-04
1.185076770328056140e-04
1.183913486418400465e-04
1.182760871576247900e-04
1.181625825544337809e-04
1.180515636675938407e-04
1.179439426771257502e-04
1.178354121842609516e-04
1.177279040839272490e-04
1.176216080369015129e-04
1.175164280737938917e-04
1.174104692584989907e-04
1.173062724060339190e-04
1.172030840622089988e-04
1.170999722731716665e-04
1.169978656334082608e-04
1.168981457757609874e-04
1.167968100756000354e-04
1.166978388029901308e-04
1.165999129908736845e-04
1.165037308352807134e-04
1.164121404178935902e-04
1.163211019132256204e-04
1.162277074288691164e-04
1.161333637878935615e-04
1.160378193245372390e-04
1.159414729402206300e-04
1.158468155034792142e-04
1.157522004323366881e-04
1.156563390122682144e-04
1.155615458407831497e-04
1.154646003504756628e-04
1.153673943689794980e-04
1.152711489605009315e-04
1.151744296742108489e-04
1.150762315227877517e-04
1.149802137996326070e-04
1.148873685525065333e-04
1.147909102075527518e-04
1.146968331202943381e-04
1.146025855988786450e-04
1.145092824353775325e-04
1.144148131879904346e-04
1.143248588282683880e-04
1.142339867917209972e-04
1.141452990755710431e-04
1.140579228214579576e-04
1.139711476059368967e-04
1.138855959982284290e-04
1.137969376073517502e-04
1.137106874111229313e-04
1.136245472776088191e-04
1.135381529596877587e-04
1.134556317984714946e-04
1.133706089855443863e-04
1.132861936069001101e-04
1.132022577627768531e-04
1.131182194646193395e-04
1.130333065878267679e-04
1.129505933643371241e-04
1.128688718040326964e-04
1.127866541068544832e-04
1.127071515385236764e-04
1.126289995971893707e-04
1.125464800146147565e-04
1.124627254096841798e-04
1.123764220404405281e-04
1.122931078922738001e-04
1.122109566924555464e-04
1.121292135937693635e-04
1.120490294018796100e-04
1.119702816908199080e-04
1.118890141313460624e-04
1.118044653949929856e-04
1.117220848403977673e-04
1.116392184989378349e-04
1.115599721432273888e-04
1.114790509082496560e-04
1.114005905482965271e-04
1.113222775623354499e-04
1.112411137323079420e-04
1.111623791097270136e-04
1.110830429940964627e-04
1.110025551561678002e-04
1.109238561959636235e-04
1.108476226994864884e-04
1.107720738360787603e-04
1.106991493168276385e-04
1.106214561741798887e-04
1.105434108689981007e-04
1.104632019566126637e-04
1.103835116806479153e-04
1.103035442827588955e-04
1.102251655538622545e-04
1.101438779481461006e-04
1.100639382877113549e-04
1.099829703899926630e-04
1.099038168279286410e-04
1.098241334729449742e-04
1.097455057679036462e-04
1.096673109824649234e-04
1.095901693683681117e-04
1.095144631500599252e-04
1.094368003106645145e-04
1.093624654830041933e-04
1.092851660392330708e-04
1.092079956139171287e-04
1.091340811264229375e-04
1.090610005007606927e-04
1.089869419576171207e-04
1.089122878483446644e-04
1.088390391346979297e-04
1.087680672142838750e-04
1.086967632481406919e-04
1.086257516351761483e-04
1.085528580675618963e-04
1.084836910934389436e-04
1.084130180016190691e-04
1.083439439282228464e-04
1.082750419880763621e-04
1.082050603074048337e-04
1.081377323460823756e-04
1.080730397749992598e-04
1.080101053759777640e-04
1.079472952276612350e-04
1.078841155108086131e-04
1.078235699356902772e-04
1.077604502549474059e-04
1.076966603540427083e-04
1.076332119721117156e-04
1.075671645898466840e-04
1.074994528891279420e-04
1.074322641857349448e-04
1.073629411162063885e-04
1.072964374997286758e-04
1.072287375168194364e-04
1.071602810079198928e-04
1.070929903584754957e-04
1.070269733310525307e-04
1.069600914826103927e-04
1.068941686185038677e-04
1.068283366594184971e-04
1.067643977560678520e-04
1.066995917058944759e-04
1.066346689066686440e-04
1.065718874273900702e-04
1.065112038362209436e-04
1.064483492084493561e-04
1.063849941544000547e-04
1.063194552158623700e-04
1.062511467968202741e-04
1.061838376780471766e-04
1.061178091524016850e-04
1.060520254450342433e-04
1.059862446430098954e-04
1.059215379211602564e-04
1.058572562150972204e-04
1.057949982727480993e-04
1.057318455876111291e-04
1.056671658411145802e-04
1.056042537788031484e-04
1.055385511457248345e-04
1.054723612744927800e-04
1.054069353893060643e-04
1.053418539666295270e-04
1.052789414873588628e-04
1.052169682998051415e-04
1.051541761545916626e-04
1.050927732604714444e-04
1.050293635153555803e-04
1.049640390147581735e-04
1.048971674321119257e-04
1.048304232587768067e-04
1.047624097311180500e-04
1.046943872070195918e-04
1.046256429378421754e-04
1.045581501889288772e-04
1.044905040912226730e-04
1.044231127403626722e-04
1.043542093893139769e-04
1.042858695755755495e-04
1.042188200094555580e-04
1.041514355187489531e-04
1.040833305941726557e-04
1.040144940090469914e-04
1.039457005125020179e-04
1.038765664556022387e-04
1.038076619216836064e-04
1.037392998465746569e-04
1.036720817967528489e-04
1.036029655738422380e-04
1.035356073817122715e-04
1.034675038272199926e-04
1.033990986826012519e-04
1.033296817367275217e-04
1.032592596198155633e-04
1.031884352909629446e-04
1.031181164226610059e-04
1.030481452448079005e-04
1.029780478075574757e-04
1.029080047300250989e-04
1.028377783356199457e-04
1.027674193239986336e-04
1.026972161268700047e-04
1.026266796071719872e-04
1.025565134787509723e-04
1.024865288349960114e-04
1.024160418207111769e-04
1.023461643447874387e-04
1.022752543400248500e-04
1.022037096986610149e-04
1.021327720580790120e-04
1.020621338915779052e-04
1.019912449690302833e-04
1.019201335317992924e-04
1.018491214861190367e-04
1.017784686079108847e-04
1.017079099187980851e-04
1.016372496544893180e-04
1.015666744356831600e-04
1.014962663141753211e-04
1.014260590134989767e-04
1.013560095479731942e-04
1.012861418552339317e-04
1.012163958263560278e-04
1.011468250380746531e-04
1.010773024554445547e-04
1.010081887918670875e-04
1.009389985322487225e-04
1.008701497976595077e-04
1.008012273836021537e-04
1.007326025181571358e-04
1.006639309242451154e-04
1.005955179465747981e-04
1.005274775283412865e-04
1.004595834926056677e-04
1.003921557963004859e-04
1.003246088721495546e-04
1.002571110047564384e-04
1.001898455339624385e-04
1.001227289790658335e-04
1.000555598545469621e-04
9.998871213957310632e-05
9.992165448327876461e-05
9.985507109010899069e-05
9.978878243786157276e-05
9.972215951540262802e-05
9.965569088360692320e-05
9.958924409761559936e-05
9.952295180138480521e-05
9.945687621076047347e-05
9.939090593333488224e-05
9.932522703643876399e-05
9.925999651844852204e-05
9.919491381889106716e-05
9.912958519203476904e-05
9.906480238800288197e-05
9.900006994687659970e-05
9.893537805042995094e-05
9.887096031122872403e-05
9.880660921883662167e-05
9.874241847406187828e-05
9.867824575741076588e-05
9.861463251380339287e-05
9.855095975064990849e-05
9.848718732913357675e-05
9.842335230074042245e-05
9.835958846339606530e-05
9.829568363391790083e-05
9.823197021900491061e-05
9.816831583626196888e-05
9.810490844870265110e-05
9.804159021420420295e-05
9.797832948479825305e-05
9.791521430773087690e-05
9.785231034517242338e-05
9.778955310972903335e-05
9.772703298230468033e-05
9.766441677669553123e-05
9.760194087190652461e-05
9.753954060541387126e-05
9.747720490176284953e-05
9.741512427030251894e-05
9.735331105523460367e-05
9.729173085189778711e-05
9.723037594726855783e-05
9.716920515276587333e-05
9.710813780741439812e-05
9.704680763249887480e-05
9.698567735885781299e-05
9.692477599075656502e-05
9.686383365602818597e-05
9.680303108285582723e-05
9.674224037429692686e-05
9.668179047525922866e-05
9.662141114145440021e-05
9.656106150699581198e-05
9.650088736778491161e-05
9.644083392636905862e-05
9.638088319304943818e-05
9.632094953208834571e-05
9.626115051128757507e-05
9.620192731428118551e-05
9.614299319700467630e-05
9.608388967623496724e-05
9.602509911040167851e-05
9.596660030642868038e-05
9.590857017952844664e-05
9.585083414752253801e-05
9.579341594976806002e-05
9.573594430640138832e-05
9.567857988041769202e-05
9.562153102370425498e-05
9.556399016600472334e-05
9.550676566982672531e-05
9.544948343027005874e-05
9.539210149780690136e-05
9.533509733278712885e-05
9.527807258198304487e-05
9.522099076925763788e-05
9.516422025711838333e-05
9.510713091705094539e-05
9.505050062272851340e-05
9.499390447471443442e-05
9.493730126608558085e-05
9.488150385397049714e-05
9.482645215659291852e-05
9.477132857321436319e-05
9.471665834146759629e-05
9.466191110735833528e-05
9.460750229618929911e-05
9.455255356831434167e-05
9.449835356385456048e-05
9.444390061933752008e-05
9.438926195436447072e-05
9.433495455222184729e-05
9.428026334833787265e-05
9.422562292863371082e-05
9.417050567430482590e-05
9.411535031456429265e-05
9.406005960357003554e-05
9.400492930945058981e-05
9.394974042148283779e-05
9.389489224712677443e-05
9.384073148399815214e-05
9.378633766519258645e-05
9.373190648959295746e-05
9.367754743310079449e-05
9.362333486976441295e-05
9.356925047987608285e-05
9.351506257476774320e-05
9.346154289100131059e-05
9.340812538346912120e-05
9.335419966438721117e-05
9.330057400622222407e-05
9.324720036112375289e-05
9.319397909928020833e-05
9.314083494357504604e-05
9.308779136803712554e-05
9.303494327461475297e-05
9.298235680050909917e-05
9.292961231791324226e-05
9.287720882040770081e-05
9.282488063935254207e-05
9.277256978033449856e-05
9.272055156405497461e-05
9.266799593680324128e-05
9.261582453301866449e-05
9.256320876271708904e-05
9.251033935213133638e-05
9.245776360228560940e-05
9.240512090856887648e-05
9.235267713019486410e-05
9.230053667456185372e-05
9.224835036978480901e-05
9.219634524809414773e-05
9.214429051560894227e-05
9.209254261413068218e-05
9.204059149467022584e-05
9.198868168432444063e-05
9.193686899009907167e-05
9.188562997765397863e-05
9.183438217383132042e-05
9.178337467776696021e-05
9.173271634834522068e-05
9.168243439940564142e-05
9.163191465537077476e-05
9.158187309344472651e-05
9.153219789420668140e-05
9.148189618664014371e-05
9.143174016671452582e-05
9.138137474473005055e-05
9.133116780827191358e-05
9.128110065904672659e-05
9.123114315240740289e-05
9.118177838499924429e-05
9.113245148438409312e-05
9.108302163252092432e-05
9.103379370647578153e-05
9.098491516719454388e-05
9.093635864379650299e-05
9.088815725148744037e-05
9.084066528126175241e-05
9.079243918838888409e-05
9.074400224427647138e-05
9.069577626208145450e-05
9.064731093531414572e-05
9.059855866368204946e-05
9.055002057871975045e-05
9.050119782781071215e-05
9.045271784125249830e-05
9.040419730296568341e-05
9.035602223910454685e-05
9.030798559260777266e-05
9.025974187924929446e-05
9.021190860490447075e-05
9.016378533089751835e-05
9.011571247192111465e-05
9.006777608191264594e-05
9.001997525882029572e-05
8.997244684255216180e-05
8.992493387613026423e-05
8.987769965122179873e-05
8.983051838479654016e-05
8.978377727472071953e-05
8.973696296929367026e-05
8.968995592598841911e-05
8.964300833627174530e-05
8.959636076659915817e-05
8.955050330580502740e-05
8.950425550018301112e-05
8.945815533364339159e-05
8.941227821075634346e-05
8.936685753059243149e-05
8.932131499476657897e-05
8.927511220058034411e-05
8.922936131147463134e-05
8.918285122833201752e-05
8.913609332379915005e-05
8.908965453731554254e-05
8.904316017985623038e-05
8.899752918572952651e-05
8.895199355220414182e-05
8.890663484959427309e-05
8.886157451493954362e-05
8.881671762645810652e-05
8.877163672637761768e-05
8.872673404240692652e-05
8.868238505034169779e-05
8.863772169288591134e-05
8.859296831093898086e-05
8.854831325730859513e-05
8.850452999598806044e-05
8.846147669222812263e-05
8.841856903201244741e-05
8.837663767466407154e-05
8.833469567835182401e-05
8.829281742951025755e-05
8.825049871076252319e-05
8.820772535349747170e-05
8.816439638040659773e-05
8.812171682527262075e-05
8.807848608037676102e-05
8.803593208688583035e-05
8.799364226836115812e-05
8.795132207252309600e-05
8.790908988657928746e-05
8.786651203602457137e-05
8.782360281902358296e-05
8.778042266176178056e-05
8.773793401609483083e-05
8.769557959991788518e-05
8.765300892598969034e-05
8.761061240866359898e-05
8.756854341169533385e-05
8.752634243725321088e-05
8.748439237391567123e-05
8.744216734328031293e-05
8.740007174591766170e-05
8.735874944333887589e-05
8.731729643283277968e-05
8.727609924873594807e-05
8.723508439130560354e-05
8.719432127466235642e-05
8.715310533670550118e-05
8.711206671017164994e-05
8.707098937908610940e-05
8.703007857100408513e-05
8.698882512993523161e-05
8.694741899523310085e-05
8.690641982146578347e-05
8.686589292868952816e-05
8.682528869124039731e-05
8.678459363123692811e-05
8.674380045405891756e-05
8.670342157375009770e-05
8.666254584127362011e-05
8.662257577838698957e-05
8.658198678440543904e-05
8.654098705320820563e-05
