9.852228532093646209e+03
7.182929868108349183e+03
7.182929868108349183e+03
9.671870303924175460e+03
8.358879883790768872e+03
7.672138549577849517e+03
7.971715341230934428e+03
7.291854562271241775e+03
6.791049906768516848e+03
7.242519957479147706e+03
7.268276735171303699e+03
9.120332884431449202e+03
8.220766822387311549e+03
7.092810718154835740e+03
7.631660896756367038e+03
8.618695544550468185e+03
8.731816965937789064e+03
7.030226644567136645e+03
8.340859872587208883e+03
8.959212402545997975e+03
8.731726964648769354e+03
9.287532356817055188e+03
9.163037012467037130e+03
7.565200719274324911e+03
7.247788246915590207e+03
7.956026290966854503e+03
7.470733773962454507e+03
7.762607433847155335e+03
5.925526977298630300e+03
7.930101911440849108e+03
1.022929401367373430e+04
8.496038586876626141e+03
6.193340146371040646e+03
6.880623256407247027e+03
7.411837576614265345e+03
8.379278508777704701e+03
8.457395177050366328e+03
7.422246598894222188e+03
7.513595119336730932e+03
8.503172816862208492e+03
7.932919208910733687e+03
5.513729177690132929e+03
8.721528349034713756e+03
7.402153219209311828e+03
8.824199836204448729e+03
9.540484531072344907e+03
7.840940983658358164e+03
8.725010198324591329e+03
7.131335459708052440e+03
7.943161007692695421e+03
8.270678321245855841e+03
6.936493473798898776e+03
6.968729550354973071e+03
6.942134757333370544e+03
9.060903768905687684e+03
7.600792782171973158e+03
6.474508663686713589e+03
7.046070547060111494e+03
7.214785434981920844e+03
7.636582838171987532e+03
5.999448729192894461e+03
8.283529536332911448e+03
8.183933004369118862e+03
8.798374136876243938e+03
6.575748488268863184e+03
8.573271051813542726e+03
1.023122273166542254e+04
9.846742508819050272e+03
8.282790298971580341e+03
7.508962953145337451e+03
9.247183948408894139e+03
8.014080101510824534e+03
8.020799579046742110e+03
8.084043332810402717e+03
7.667497176600919374e+03
6.763217174834367142e+03
7.363124721542370025e+03
8.716419249604563447e+03
8.068407853544814316e+03
7.316291760578906178e+03
6.684786559089084221e+03
1.038239417403550942e+04
6.269234041419777895e+03
5.375914817977197345e+03
7.273248340757392725e+03
7.912704597539994211e+03
7.902931230216975564e+03
8.860441747522285368e+03
8.530419449760554926e+03
6.741815533712160686e+03
8.126205013241242341e+03
7.204901375206241028e+03
7.527153927914737324e+03
7.608458287835135707e+03
8.738957054733527912e+03
9.581750136925427796e+03
8.031954836910538688e+03
9.108948894334276702e+03
6.853289294232234170e+03
7.622969835952833819e+03
