3.959582308741681118e+03
5.041895815108360694e+03
5.041895815108360694e+03
3.998067399123545783e+03
4.346824478551283391e+03
4.232749501129507735e+03
3.792696352102831497e+03
3.757151677429447773e+03
4.352634287785122979e+03
4.342670851319438952e+03
4.911767631545908444e+03
4.727628032015040844e+03
3.956747951924955487e+03
3.761466394730810407e+03
3.923628537838523698e+03
4.425682345299741428e+03
4.036054918998124776e+03
4.527519783502901191e+03
4.020977180158393367e+03
4.555246763537641527e+03
3.966624061456262098e+03
3.767361891560074127e+03
3.737584955550403265e+03
3.524846229953744114e+03
3.904757485839512810e+03
3.744213501257352618e+03
4.077114389664483042e+03
4.303440356551259356e+03
4.033839800170676881e+03
4.602353491210454195e+03
3.953281081673926110e+03
4.249465165850433550e+03
4.066980837990357486e+03
4.056828352949819873e+03
4.430594879052090619e+03
4.219166339146240716e+03
4.344987468729051216e+03
3.960734149558346417e+03
3.778583895201288215e+03
4.280067131350861018e+03
3.813417045280235016e+03
4.412580130495938647e+03
3.949633850739461650e+03
4.267814066905215441e+03
3.909977624583789748e+03
3.307589231442189885e+03
3.172322764224434650e+03
4.077536705316311327e+03
3.759604931670434780e+03
4.098833984798876372e+03
3.099772534981977060e+03
4.007660442301184503e+03
4.130831755133210208e+03
3.496212728467988654e+03
4.706210701084453831e+03
3.481068347685736626e+03
4.125838316430603300e+03
3.863132871382103531e+03
4.368979441582882828e+03
4.213607244140892362e+03
4.817026423854421409e+03
4.122463820262144509e+03
3.904594959868486512e+03
3.862619896844260438e+03
3.653663305981952362e+03
4.569221948576326213e+03
3.816749897014238286e+03
4.797938998703521065e+03
3.785953625109616951e+03
4.084343782587705391e+03
3.460070789447801872e+03
3.699196017670336005e+03
4.180077925643375238e+03
4.246952837879516665e+03
4.304252254564209579e+03
3.845380824478705563e+03
4.070318370219410099e+03
4.261934162904860386e+03
3.421241215140696113e+03
4.182284854147083024e+03
3.913070713984282975e+03
4.159925574903271809e+03
3.596054795288776859e+03
3.479133233641240167e+03
4.059489545123628432e+03
3.508179032852818636e+03
3.774159426354169682e+03
3.523137197674107938e+03
4.500252742871635746e+03
4.217151270494330674e+03
4.298611491651692631e+03
4.455851132366778074e+03
4.376843293345038546e+03
3.732669475228448846e+03
4.230495495745793050e+03
3.877561258566416200e+03
4.476162006687781286e+03
4.971504470249763472e+03
4.504859801280723332e+03
3.645912099809298525e+03
