2.973970443594736935e+03
3.956263682107430213e+03
3.956263682107430213e+03
3.200748696211212518e+03
3.725321121324082014e+03
3.381620889650308982e+03
4.058335404846660367e+03
3.442426091635572902e+03
3.315319895413721952e+03
3.592696861493501274e+03
3.771061022152651731e+03
3.177383144838296630e+03
2.781606393623831991e+03
4.958109879178104165e+03
3.274959653233447625e+03
3.258792440657272437e+03
3.229438964021372158e+03
3.555599076986809905e+03
3.459775973836053709e+03
3.259252575839171641e+03
3.888815760168896304e+03
3.263200811977917510e+03
3.641063289224287928e+03
4.410361211060345340e+03
3.079090047773680908e+03
3.655654769846501040e+03
3.468247559891888613e+03
4.715729101797519434e+03
3.563854635641934692e+03
3.989103561551504754e+03
3.724871806902665867e+03
3.512752280337695083e+03
3.709375396888935029e+03
4.211779105910928592e+03
3.486434316715485238e+03
3.414619853640061137e+03
3.074807886825333298e+03
3.477696348118874994e+03
3.592018518092410886e+03
3.326276988534255452e+03
4.317397598806374845e+03
3.567634068170928458e+03
3.495305227480197118e+03
3.826689060705858992e+03
3.444792403681053202e+03
3.787803258333356098e+03
3.134455674083396389e+03
3.048876614723862986e+03
2.627069794103379081e+03
3.329450486790314244e+03
3.427524531784981264e+03
3.293724374362650451e+03
3.863346588671699465e+03
3.730124869972649776e+03
3.743685406225347378e+03
3.471712813074097994e+03
3.603288654470271467e+03
3.501046920776885145e+03
3.887684423973240882e+03
3.751145731739382882e+03
2.999311044760477671e+03
3.200749278418399626e+03
3.379556403521637094e+03
3.701106187024450719e+03
3.079501249936923159e+03
3.707259789714333237e+03
2.844153693716933958e+03
3.202298977173085859e+03
3.332587158488090608e+03
3.467833822648859041e+03
3.439933918434078805e+03
2.703805485505525212e+03
3.194740198255924042e+03
3.894192893756217927e+03
3.824440691740265265e+03
3.870525321963075385e+03
4.297531853887523539e+03
3.398664503557270109e+03
3.384262068325335804e+03
3.098026183044976278e+03
3.935619236387302408e+03
3.562514930572103367e+03
3.751360465174003821e+03
3.869152224002493767e+03
4.023658414615237689e+03
4.371103925991198594e+03
2.899892599363569389e+03
3.631330703267799890e+03
3.638456690227309082e+03
3.305966745862602693e+03
3.626543696923111838e+03
4.120439848773943595e+03
2.892628288400919701e+03
3.665766580729184170e+03
3.360436961318228441e+03
3.522607635483963350e+03
3.786173747881765394e+03
3.570605391189471902e+03
3.408283542961840340e+03
3.974074085498011300e+03
