1.165821499999927791e-03
9.792873436617749450e-04
8.573498482855129938e-04
7.470581329314540274e-04
6.684882643629458821e-04
6.191158632802619974e-04
5.915310270193317168e-04
5.802268435308987607e-04
5.677608756064580521e-04
5.669627071353344023e-04
5.497940266592409378e-04
5.527971219364771370e-04
5.451870611548765557e-04
5.436683879574816507e-04
5.377496136967624797e-04
5.284436919371921903e-04
5.250979001416764512e-04
5.201932788700868110e-04
5.136279591695617087e-04
5.122175906219426618e-04
5.161743851684603805e-04
5.113451769874826844e-04
5.076004445273113149e-04
5.028306158250807172e-04
4.966598441389833123e-04
4.918129150379479736e-04
4.883430487231456589e-04
4.844495286441124495e-04
4.803087917762695314e-04
4.770349546948794532e-04
4.722209446635193130e-04
4.683509874695948355e-04
4.634462322472547471e-04
4.578529530308531482e-04
4.524140300482009562e-04
4.469989543711043803e-04
4.425497371771391908e-04
4.375063973036364914e-04
4.337849909894787295e-04
4.295164146173708849e-04
4.255599634716453975e-04
4.215722095594987093e-04
4.177243477491513206e-04
4.144007014705049360e-04
4.112314422478081108e-04
4.087247797453426334e-04
4.068412130815733446e-04
4.048511237414986188e-04
4.026563452623513036e-04
4.005153300255425352e-04
3.981816630651907000e-04
3.961687997506458270e-04
3.937336125332400105e-04
3.913355564459550478e-04
3.886691487684787254e-04
3.861961518357493232e-04
3.835186376684367269e-04
3.808667443112616000e-04
3.784329978089181167e-04
3.757752012259627178e-04
3.732758636854424531e-04
3.706628997981349909e-04
3.681499491096228323e-04
3.656831640094708826e-04
3.635642052214666420e-04
3.613957061137897586e-04
3.590572929296505082e-04
3.565286426718492223e-04
3.541184011754509322e-04
3.517802741574061918e-04
3.494719010578416370e-04
3.471738911646488480e-04
3.449294869813618694e-04
3.426656148836709163e-04
3.405035800498007015e-04
3.384157860746679820e-04
3.363043490147607745e-04
3.342524122225638068e-04
3.322303956021521471e-04
3.302481845620688613e-04
3.282285252286553973e-04
3.262459838125594314e-04
3.242922563752925823e-04
3.223869472561078893e-04
3.205329154245472006e-04
3.186939803768503322e-04
3.168740319715124352e-04
3.151064162192066171e-04
3.134014473344246465e-04
3.116885970512745375e-04
3.100575987835572185e-04
3.084601421285006846e-04
3.069471713134060207e-04
3.054526604007242884e-04
3.039843116542134314e-04
3.026198099036857942e-04
3.013123361717836928e-04
3.000360867641169941e-04
2.987688380744310708e-04
2.975622448519216917e-04
2.963580087530125130e-04
2.951119175991188948e-04
2.938919229872212751e-04
2.927362224739238155e-04
2.916149100032126937e-04
2.904337579877511676e-04
2.893353038251156133e-04
2.881973222707126308e-04
2.871669014561237178e-04
2.861590592499315897e-04
2.851498375162492814e-04
2.841474073494072998e-04
2.831280517022012806e-04
2.821432212496350939e-04
2.811047473018210758e-04
2.801124490709092606e-04
2.791184029527477408e-04
2.781479229454137444e-04
2.771663164277173843e-04
2.761788636503696693e-04
2.752322557329401243e-04
2.742512052842927526e-04
2.732826033664904138e-04
2.722776578439330499e-04
2.712826727006085103e-04
2.703118910775288426e-04
2.693180275538539455e-04
2.683401078222074298e-04
2.674135511374006735e-04
2.665471847574551654e-04
2.656891729904654821e-04
2.648402070397793285e-04
2.640229031505845797e-04
2.632207466954710156e-04
2.624771707511969285e-04
2.617179947964594702e-04
2.610059591980793889e-04
2.603271725660671518e-04
2.596555769564949157e-04
2.589323014384456228e-04
2.582248793666630233e-04
2.575313015199654876e-04
2.568651574419045670e-04
2.562058477104189685e-04
2.555596547988822002e-04
2.549007092445196299e-04
2.543004248306888582e-04
2.536912056889025499e-04
2.530665088785755417e-04
2.524758529759772285e-04
2.518586430541790112e-04
2.512472884846896569e-04
2.505927692411113496e-04
2.499316571301786168e-04
2.492837730292168019e-04
2.486405038568440559e-04
2.480120773565675863e-04
2.473482713590109900e-04
2.467440086966619559e-04
2.461436920254522331e-04
2.455353009231651430e-04
2.449048442488262829e-04
2.442982038390720300e-04
2.437103739033611902e-04
2.431095430079475593e-04
2.425443702353198062e-04
2.419682719085086600e-04
2.413847994493979624e-04
2.407969880946879285e-04
2.402300335533892020e-04
2.396613737831954842e-04
2.391393608762758043e-04
2.386186969437423667e-04
2.381146365352931882e-04
2.375794432885859836e-04
2.370356694888445129e-04
2.364922113704383624e-04
2.359511598293484100e-04
2.354097451382529751e-04
2.348489690138164923e-04
2.343115790424431038e-04
2.337740903424047421e-04
2.332605501539173763e-04
2.327204223273902440e-04
2.321871300188543168e-04
2.316345958451331737e-04
2.311257302547082594e-04
2.305933276445075193e-04
2.300748337639282393e-04
2.295527502985503677e-04
2.290452508750802721e-04
2.285181177198836015e-04
2.280079880659915069e-04
2.274843250575231271e-04
2.269812211194867217e-04
2.264728145014393537e-04
2.259770819748224734e-04
2.254893285379515864e-04
2.250167893665512922e-04
2.245638384872847022e-04
2.240996593561605014e-04
2.236316837592922286e-04
2.231696608727151991e-04
2.227087235503597462e-04
2.222560640500086723e-04
2.218005504473035934e-04
2.213352795279994556e-04
2.208790302163912624e-04
2.204346575923454149e-04
2.200036187042630077e-04
2.195574813352649929e-04
2.191198985152436945e-04
2.186719561076186217e-04
2.182347568999986351e-04
2.178029721888407287e-04
2.173733750660127874e-04
2.169493069499393964e-04
2.165225031477590505e-04
2.161054817650294186e-04
2.156831054503884537e-04
2.152749004499398167e-04
2.148548695805463772e-04
2.144438417635009505e-04
2.140656571823664053e-04
2.136817368458112168e-04
2.132850093016586341e-04
2.128944461041443051e-04
2.125059639240403718e-04
2.121086540179054753e-04
2.117104252492140880e-04
2.113038634185269483e-04
2.108993849968131718e-04
2.104856548201210610e-04
2.100786488590047105e-04
2.096691979724282198e-04
2.092613769937860975e-04
2.088671477273478828e-04
2.084794093199237610e-04
2.080912423867832626e-04
2.076949672623273023e-04
2.072932992990063371e-04
2.068977489384230732e-04
2.065035812975347907e-04
2.061088546243871949e-04
2.057145653207146274e-04
2.053281367560175717e-04
2.049362176911918864e-04
2.045508517840458962e-04
2.041703999885684088e-04
2.037824939552055497e-04
2.034007619308804871e-04
2.030270916352917680e-04
2.026517472824965790e-04
2.022728976233143319e-04
2.018920634690554077e-04
2.015090511294657309e-04
2.011237636673550932e-04
2.007393845795239242e-04
2.003588654463018170e-04
1.999819895726351608e-04
1.996039877881097910e-04
1.992319854262264217e-04
1.988585572118233122e-04
1.984846462939501800e-04
1.981141535477079084e-04
1.977432515048489368e-04
1.973731563714963813e-04
1.970048465881465093e-04
1.966442507717654914e-04
1.962813759055495263e-04
1.959206413518067131e-04
1.955629118067478173e-04
1.952118123091665578e-04
1.948650926431702199e-04
1.945211698288389968e-04
1.941806438894994860e-04
1.938404704527190185e-04
1.935022178281729170e-04
1.931729433642132433e-04
1.928447562792904527e-04
1.925190591499915905e-04
1.921954823982104197e-04
1.918740362890798137e-04
1.915528526174202408e-04
1.912418759096072768e-04
1.909347807368741293e-04
1.906300301968111256e-04
1.903279094642627790e-04
1.900236991461702043e-04
1.897230223511971593e-04
1.894274620576730077e-04
1.891349642104722705e-04
1.888431519593717972e-04
1.885466528617082103e-04
1.882557135003739559e-04
1.879699826302479648e-04
1.876828850576398847e-04
1.874046018649610102e-04
1.871402070939124133e-04
1.868779740319329431e-04
1.866119877076097581e-04
1.863463246111748484e-04
1.860736405047575817e-04
1.858150030432067818e-04
1.855533347225137345e-04
1.852969222596658220e-04
1.850333127724623371e-04
1.847726565163098072e-04
1.845066328605500419e-04
1.842542574790453154e-04
1.840084063429210529e-04
1.837564176451838519e-04
1.835064512023347732e-04
1.832526652845917529e-04
1.829930546615058458e-04
1.827417376459193263e-04
1.824861649776449764e-04
1.822341072478289483e-04
1.819801284765508659e-04
1.817290740679788224e-04
1.814826757454586752e-04
1.812304842788085401e-04
1.809839708842425068e-04
1.807295495065243190e-04
1.804737387382122904e-04
1.802209585616802322e-04
1.799662036556950008e-04
1.797229790549503912e-04
1.794843945327630587e-04
1.792510136317366717e-04
1.790290124262774378e-04
1.788003050486488394e-04
1.785747560490909291e-04
1.783477665114621908e-04
1.781335318233030578e-04
1.779197591334328611e-04
1.777022210774277002e-04
1.774756479717520916e-04
1.772569667518461502e-04
1.770417215695807664e-04
1.768279137704423210e-04
1.766172853214669804e-04
1.764112821519079732e-04
1.762045245081108626e-04
1.760025357874596733e-04
1.757975966453952240e-04
1.755943787186959703e-04
1.753904996555061648e-04
1.751842675260984101e-04
1.749816723301702670e-04
1.747854065920683374e-04
1.745865871112336923e-04
1.743922237975135004e-04
1.741866868786862556e-04
1.739914306791687010e-04
1.738076796463177386e-04
1.736186540909332484e-04
1.734244262784144345e-04
1.732252655491302339e-04
1.730213803823909050e-04
1.728237788787328946e-04
1.726169651574675128e-04
1.724175216441372683e-04
1.722155385845468376e-04
1.720203409465638109e-04
1.718294084178276584e-04
1.716369955688010315e-04
1.714420804449691025e-04
1.712490683436942020e-04
1.710598549760670929e-04
1.708692888341183048e-04
1.706751954832750630e-04
1.704836608107584083e-04
1.702947931203527656e-04
1.701010904280413874e-04
1.699089236753073291e-04
1.697104789886721033e-04
1.695112927959388993e-04
1.693125192945390590e-04
1.691227731882699581e-04
1.689311536659345362e-04
1.687416700757620781e-04
1.685478924447966222e-04
1.683569425592929165e-04
1.681618823661860625e-04
1.679667967273360397e-04
1.677747273530475391e-04
1.675866485194685187e-04
1.674000033407130447e-04
1.672061735664528070e-04
1.670159709332434586e-04
1.668220052873466337e-04
1.666276332832004859e-04
1.664386114129706620e-04
1.662477878855652303e-04
1.660610227689576529e-04
1.658688221850555030e-04
1.656778549138965446e-04
1.654872194873982234e-04
1.652931609169899156e-04
1.651007701962447279e-04
1.649115807443303993e-04
1.647288787960611209e-04
1.645453819762998377e-04
1.643600906529637379e-04
1.641784537082602378e-04
1.639952973219830105e-04
1.638125016129626701e-04
1.636285193089155848e-04
1.634463350709472050e-04
1.632631663032147146e-04
1.630840789161205992e-04
1.629040950644891693e-04
1.627292630789573750e-04
1.625553515917467831e-04
1.623780046230409056e-04
1.622038131027839474e-04
1.620264959733834400e-04
1.618501541324443875e-04
1.616721696232224976e-04
1.614968990130143556e-04
1.613212723210987452e-04
1.611491880449994647e-04
1.609774430508326213e-04
1.608078009762257553e-04
1.606415852476832107e-04
1.604729030738737290e-04
1.603048873990320258e-04
1.601368282326529112e-04
1.599677167515072484e-04
1.597998170683445076e-04
1.596310482271387032e-04
1.594655024549009200e-04
1.593018164097211703e-04
1.591391100696126944e-04
1.589744859473579957e-04
1.588097039368547604e-04
1.586457890880802607e-04
1.584843211626197962e-04
1.583264154228179732e-04
1.581658439216717088e-04
1.580056207191375369e-04
1.578471932490430648e-04
1.576895686272821427e-04
1.575324647391891577e-04
1.573762125219553619e-04
1.572221463095617900e-04
1.570699898314138786e-04
1.569206153699961523e-04
1.567718661334066078e-04
1.566218532115326112e-04
1.564753476026798436e-04
1.563281938364693481e-04
1.561818617142459939e-04
1.560345317078431907e-04
1.558872907022735936e-04
1.557411653851529859e-04
1.555956878298470514e-04
1.554494690752804850e-04
1.553046085721131566e-04
1.551613438658681400e-04
1.550218401696655340e-04
1.548800131876162088e-04
1.547446279666322066e-04
1.546016562095279114e-04
1.544568727906662370e-04
1.543128490486566945e-04
1.541688221327151961e-04
1.540284407501155866e-04
1.538892560600823884e-04
1.537510298172186664e-04
1.536091728615344933e-04
1.534678970825818702e-04
1.533263734821512002e-04
1.531860946260930737e-04
1.530503949231032325e-04
1.529153823836563639e-04
1.527818870295815680e-04
1.526493628528403121e-04
1.525157851458304166e-04
1.523797028685357658e-04
1.522442520454171449e-04
1.521072189351897058e-04
1.519720416970568870e-04
1.518373620968311330e-04
1.517011491451360640e-04
1.515642752065001408e-04
1.514285292839304326e-04
1.512953851961867631e-04
1.511614493901828336e-04
1.510268062358678491e-04
1.508919503552313079e-04
1.507570092426321114e-04
1.506218323504500997e-04
1.504863777238440059e-04
1.503573920679232903e-04
1.502229880933660111e-04
1.500888982417689056e-04
1.499553720400537225e-04
1.498244320695178125e-04
1.496909750789246246e-04
1.495575390056058326e-04
1.494272926961936890e-04
1.492967206314295447e-04
1.491675475777441240e-04
1.490375268097239938e-04
1.489072893676942103e-04
1.487774802772210444e-04
1.486476500342414015e-04
1.485195815163396175e-04
1.483909606200462710e-04
1.482621882667878180e-04
1.481337861914400471e-04
1.480072373731837661e-04
1.478817497054590521e-04
1.477583444074011753e-04
1.476315317797651980e-04
1.475057326087960341e-04
1.473798062783695899e-04
1.472567347987747922e-04
1.471348929025706931e-04
1.470159913491667796e-04
1.468979958954536957e-04
1.467821638232713057e-04
1.466652877584900838e-04
1.465489457301732176e-04
1.464333878931362704e-04
1.463166150231340508e-04
1.461972425123083405e-04
1.460804646267366183e-04
1.459650513163733945e-04
1.458483343419554785e-04
1.457363026204277015e-04
1.456214144464250621e-04
1.455092740053965706e-04
1.453925045225435005e-04
1.452778789749177243e-04
1.451602005491616409e-04
1.450415664146948195e-04
1.449220472682318287e-04
1.448039364567360653e-04
1.446867070025359056e-04
1.445709581209384431e-04
1.444539039338570000e-04
1.443389488157757435e-04
1.442231674052975418e-04
1.441091255826227094e-04
1.439949963587012908e-04
1.438787587653371351e-04
1.437634769198163143e-04
1.436479714856194097e-04
1.435313277680872672e-04
1.434166850026882497e-04
1.433051242808345226e-04
1.431908462803811028e-04
1.430757624105766961e-04
1.429627922460667956e-04
1.428500387094648084e-04
1.427400178671251027e-04
1.426296534240782655e-04
1.425170851885234355e-04
1.424068131197292139e-04
1.422956384592270751e-04
1.421867391886726844e-04
1.420798714209837456e-04
1.419728483887049662e-04
1.418637867252694779e-04
1.417565921880083906e-04
1.416498053561317304e-04
1.415425640129596623e-04
1.414365374783457851e-04
1.413318942620927544e-04
1.412262198247434702e-04
1.411211328875272011e-04
1.410169210444243970e-04
1.409123107237383063e-04
1.408084927382789687e-04
1.407040155779219412e-04
1.405995206113783754e-04
1.404981435166131128e-04
1.403973757953566972e-04
1.402992003218673633e-04
1.402024167666730088e-04
1.401095805573187138e-04
1.400183756248006865e-04
1.399276803245164526e-04
1.398369536341416051e-04
1.397462343253359090e-04
1.396556560573040538e-04
1.395640078275680554e-04
1.394709912513638597e-04
1.393783126762898139e-04
1.392871573613464840e-04
1.391972056131867710e-04
1.391067652842247772e-04
1.390185131360878500e-04
1.389286472832844215e-04
1.388403648358747192e-04
1.387538715388543552e-04
1.386662383222997646e-04
1.385791594752821849e-04
1.384929221570242860e-04
1.384068866410144492e-04
1.383171675485021150e-04
1.382287999185924160e-04
1.381384371133800761e-04
1.380495569691653744e-04
1.379601095993869802e-04
1.378684536095701823e-04
1.377804406216685449e-04
1.376922737341014079e-04
1.376045041312114593e-04
1.375186572205400280e-04
1.374349638829419943e-04
1.373504709286845350e-04
1.372641446042818152e-04
1.371766220217379663e-04
1.370884521894334934e-04
1.370040580800123214e-04
1.369178197814125298e-04
1.368298601884282320e-04
1.367440605905679402e-04
1.366594847540399083e-04
1.365726813530447647e-04
1.364868281359368947e-04
1.363983771590117355e-04
1.363109220517138718e-04
1.362233734233183496e-04
1.361342731936979102e-04
1.360460152215329014e-04
1.359568676966429546e-04
1.358657517539336404e-04
1.357762103760154319e-04
1.356845030354965418e-04
1.355907900952497177e-04
1.354979368225314089e-04
1.354069620735831776e-04
1.353145024572165796e-04
1.352232773693119695e-04
1.351315285870526592e-04
1.350401562434718362e-04
1.349487728444030265e-04
1.348584594668281254e-04
1.347675311930894256e-04
1.346780642760190237e-04
1.345890548243092177e-04
1.345018192161630917e-04
1.344134661735071337e-04
1.343284055629700535e-04
1.342410406663087038e-04
1.341529397947922929e-04
1.340637469625720845e-04
1.339768685153295126e-04
1.338878193067752429e-04
1.338008034535627952e-04
1.337151001801125132e-04
1.336313546728191580e-04
1.335475873938756462e-04
1.334620439703889522e-04
1.333785147479752244e-04
1.332924731763972584e-04
1.332091779046388200e-04
1.331249054056164553e-04
1.330433202222183232e-04
1.329593614278106524e-04
1.328770413986718121e-04
1.327928393158106849e-04
1.327087781745364366e-04
1.326255675420949835e-04
1.325393283877438497e-04
1.324559514300663690e-04
1.323715899355085081e-04
1.322870115210696910e-04
1.322019569892624155e-04
1.321161071618503504e-04
1.320315281355420914e-04
1.319483045495350364e-04
1.318635031204085832e-04
1.317797588769176317e-04
1.316959415956314402e-04
1.316133381534620884e-04
1.315316746201946664e-04
1.314521366469143524e-04
1.313738007032073821e-04
1.312971883447907999e-04
1.312194882930911740e-04
1.311414111374309139e-04
1.310630216084105652e-04
1.309849620766178398e-04
1.309037331936122722e-04
1.308232062326764619e-04
1.307414911774367773e-04
1.306583037058320438e-04
1.305753713712355104e-04
1.304943546255829556e-04
1.304121593009478102e-04
1.303297356477657587e-04
1.302462819042970923e-04
1.301626490940773341e-04
1.300796797728819584e-04
1.299958080313446795e-04
1.299121703463703228e-04
1.298282854667206739e-04
1.297433738245581762e-04
1.296588758223348738e-04
1.295755885002258649e-04
1.294929168491162268e-04
1.294095282434959903e-04
1.293260367581083588e-04
1.292446450575613053e-04
1.291638383524684297e-04
1.290842498655211902e-04
1.290046317852557305e-04
1.289268797509680571e-04
1.288494952913020030e-04
1.287734756517160887e-04
1.286974048382080597e-04
1.286229138977326670e-04
1.285474252968079581e-04
1.284723628182985974e-04
1.283978277218453398e-04
1.283237586698150246e-04
1.282516743737933148e-04
1.281786444631510900e-04
1.281071152875796928e-04
1.280362345528136326e-04
1.279650795586098481e-04
1.278945302791701895e-04
1.278224291418910059e-04
1.277510464640405725e-04
1.276791904346417244e-04
1.276079957104892253e-04
1.275353405538684080e-04
1.274633007252123332e-04
1.273893224865625695e-04
1.273157259953467898e-04
1.272409123026606163e-04
1.271667205137694246e-04
1.270923158628202562e-04
1.270193183148467285e-04
1.269453059839893651e-04
1.268717998319911645e-04
1.267997930847505179e-04
1.267266478859036373e-04
1.266548508961556430e-04
1.265817863758518730e-04
1.265106512674439251e-04
1.264370213411676797e-04
1.263636488874454809e-04
1.262903124001703065e-04
1.262175378968416256e-04
1.261450457575558450e-04
1.260737990893346164e-04
1.260020525003870172e-04
1.259302973575649853e-04
1.258588600370761832e-04
1.257876059100832358e-04
1.257162329524460977e-04
1.256455216513912665e-04
1.255746980587987404e-04
1.255050502530528976e-04
1.254360937372142896e-04
1.253667160390617484e-04
1.252987050231994673e-04
1.252302676984710212e-04
1.251605548135418166e-04
1.250918704979901773e-04
1.250230974140198697e-04
1.249538702730713480e-04
1.248877511810423215e-04
1.248189401757776541e-04
1.247541681434267047e-04
1.246870835895356642e-04
1.246179990218841693e-04
1.245503344632159308e-04
1.244816558432932914e-04
1.244121975374771398e-04
1.243435594900936167e-04
1.242756855410939428e-04
1.242075528163482116e-04
1.241398790244834091e-04
1.240735997744877412e-04
1.240087385235824537e-04
1.239419561225188569e-04
1.238761118739014776e-04
1.238094305183492214e-04
1.237427160349449684e-04
1.236767702109698721e-04
1.236106978349300228e-04
1.235450084770992822e-04
1.234786147910869078e-04
1.234120224228598371e-04
1.233458594150905715e-04
1.232797156203883156e-04
1.232135043815335562e-04
1.231464815965440057e-04
1.230798711554650449e-04
1.230133996860978537e-04
1.229474005011209153e-04
1.228816523340006239e-04
1.228157710568702848e-04
1.227502847654202850e-04
1.226852335223950605e-04
1.226206257793103300e-04
1.225556448112948753e-04
1.224919963815069950e-04
1.224271909677213577e-04
1.223635045332600944e-04
1.222996921687933940e-04
1.222365697276001258e-04
1.221734019466062587e-04
1.221107624121229717e-04
1.220463821546176602e-04
1.219822633639009037e-04
1.219184682269095632e-04
1.218545199183681263e-04
1.217908731534222570e-04
1.217275364233621186e-04
1.216655316233767036e-04
1.216041196155063391e-04
1.215420901352079008e-04
1.214801303508065332e-04
1.214188639257482503e-04
1.213567736721628422e-04
1.212950640806064319e-04
1.212337678147272133e-04
1.211718113377227367e-04
1.211100990956625407e-04
1.210472100668723934e-04
1.209858534155426287e-04
1.209250030031623602e-04
1.208656606809259995e-04
1.208057137090791340e-04
1.207453720017432085e-04
1.206851535695085238e-04
1.206243166164461576e-04
1.205645765109977877e-04
1.205042060055538396e-04
1.204448576369583054e-04
1.203850848297640291e-04
1.203257551860276284e-04
1.202666639682845994e-04
1.202070758993108803e-04
1.201479572114836199e-04
1.200884031977569264e-04
1.200298944327204736e-04
1.199713533021279171e-04
1.199127020788837855e-04
1.198543894723446557e-04
1.197972812158860456e-04
1.197400067275410931e-04
1.196833317066877918e-04
1.196259835269987019e-04
1.195694625351753691e-04
1.195119665512136197e-04
1.194551469753488029e-04
1.193990921778800206e-04
1.193442695701919755e-04
1.192888111443670882e-04
1.192345168154491914e-04
1.191811509930293687e-04
1.191286070108600625e-04
1.190771518166171104e-04
1.190247895123989976e-04
1.189722917923289995e-04
1.189188684080018420e-04
1.188660477391475655e-04
1.188122675373223743e-04
1.187589992075925794e-04
1.187065907801056745e-04
1.186527908811056160e-04
1.185989765926562630e-04
1.185462260854167044e-04
1.184926046095072249e-04
1.184392946752620921e-04
1.183872217425229199e-04
1.183350783134250514e-04
1.182822445622135153e-04
1.182293460337020677e-04
1.181760933091506908e-04
1.181227131876527112e-04
1.180704108680677851e-04
1.180181423688869913e-04
1.179667796993232824e-04
1.179141865117491430e-04
1.178624675522774433e-04
1.178096103361533854e-04
1.177576012784930100e-04
1.177067796333271498e-04
1.176566072045807102e-04
1.176054828000559934e-04
1.175538112618429996e-04
1.175027365862211766e-04
1.174509595484534525e-04
1.173996275535212118e-04
1.173477566417826352e-04
1.172957082939136134e-04
1.172424652310717250e-04
1.171900894826158237e-04
1.171374365676467117e-04
1.170853971382522914e-04
1.170328490532611024e-04
1.169809153198449647e-04
1.169281154865997916e-04
1.168758059329456732e-04
1.168240835087054218e-04
1.167721280351742861e-04
1.167206895918624070e-04
1.166715541306809651e-04
1.166234011957597444e-04
1.165751496780747181e-04
1.165254908701195759e-04
1.164753769063068498e-04
1.164256660087683150e-04
1.163752059209616208e-04
1.163246120053112358e-04
1.162729124729041617e-04
1.162215088536918057e-04
1.161699048763698569e-04
1.161199253636591161e-04
1.160690637439384888e-04
1.160177345753780345e-04
1.159677327499572915e-04
1.159186260847308906e-04
1.158675811248614416e-04
1.158189032278994778e-04
1.157689078993683225e-04
1.157202641535511750e-04
1.156716170913727224e-04
1.156217267052546166e-04
1.155735509088168695e-04
1.155248279105087182e-04
1.154764647823753644e-04
1.154289010160469356e-04
1.153796734274636492e-04
1.153306115345697504e-04
1.152818798148131903e-04
1.152332723196733888e-04
1.151844756048642351e-04
1.151353957870416644e-04
1.150871795086977464e-04
1.150388125652347351e-04
1.149921175269921932e-04
1.149465652631378451e-04
1.149012265773854784e-04
1.148568935118368114e-04
1.148122327799760381e-04
1.147664674730457658e-04
1.147216695736336681e-04
1.146750743613624273e-04
1.146291529515666713e-04
1.145815453915324117e-04
1.145341366208674493e-04
1.144876743950895402e-04
1.144398287963987998e-04
1.143919258521968938e-04
1.143445442801712682e-04
1.142969368772811495e-04
1.142494341106405520e-04
1.142019739450734616e-04
1.141543017394835698e-04
1.141056004743342024e-04
1.140578567736761441e-04
1.140106910672077323e-04
1.139634826161054111e-04
1.139166079216404618e-04
1.138702640702988366e-04
1.138241507403234894e-04
1.137778591730003689e-04
1.137317885278949018e-04
1.136867462491765706e-04
1.136421856676435798e-04
1.135974648728595301e-04
1.135517300765620421e-04
1.135076408384842164e-04
1.134636166554184815e-04
1.134200033581901179e-04
1.133765454868096461e-04
1.133334918112167457e-04
1.132906527888339688e-04
1.132487471543398866e-04
1.132061121820338040e-04
1.131651509435252213e-04
1.131232581234471035e-04
1.130825996152058210e-04
1.130416031789919465e-04
1.130016631596638587e-04
1.129597861548508947e-04
1.129190507752145933e-04
1.128787634886208350e-04
1.128381090080371815e-04
1.127971414382741220e-04
1.127564162861913796e-04
1.127181491423444033e-04
1.126794191370543517e-04
1.126420992780554454e-04
1.126061383287827806e-04
1.125701282738960230e-04
1.125333803819228066e-04
1.124947026753770290e-04
