2.686532499999397944e-06
2.976936429262585445e-06
4.019290959405493861e-06
3.523039483488727586e-06
4.336269436529068614e-06
4.315486459452320383e-06
4.252956566112048878e-06
4.359491911576658680e-06
4.427745585666202059e-06
4.319330728437283260e-06
4.184386247547019695e-06
4.074828320865346396e-06
3.944242680776886014e-06
3.806974470201255099e-06
3.686435103120550938e-06
3.572444971603879076e-06
3.465784060183942217e-06
3.381013811294408031e-06
3.291572158427300143e-06
3.209182332756233963e-06
3.134016540581516332e-06
3.061997773214324684e-06
2.996251229836340444e-06
2.933207938171495296e-06
2.874543215076515371e-06
2.820618259359937756e-06
2.767927814291547147e-06
2.725611608050459839e-06
2.679720751706849776e-06
2.640596312902986180e-06
2.598636014577615882e-06
2.557947343949340977e-06
2.518934240670303168e-06
2.482017075837875585e-06
2.448879587151923121e-06
2.414633458811692364e-06
2.382565379440525476e-06
2.351127944593487151e-06
2.320921495015259117e-06
2.291863073667499033e-06
2.265494282784258873e-06
2.241522977017529211e-06
2.216400488430455517e-06
2.194122235250940886e-06
2.169931623616934131e-06
2.147688423087220074e-06
2.128397249822378677e-06
2.111474927398439877e-06
2.099866975521849118e-06
2.086682442985501565e-06
2.069408577759645537e-06
2.058353710814448083e-06
2.043437853081206934e-06
2.033720579457156293e-06
2.022186572323780339e-06
2.010979984044929294e-06
2.003471357860712243e-06
1.995639298217253405e-06
1.984774652216660855e-06
1.972417232503388498e-06
1.962062505190823039e-06
1.954995147219866666e-06
1.947402622755463779e-06
1.943388567400796115e-06
1.938089038038235454e-06
1.932683199423468910e-06
1.926492198405181142e-06
1.917218843527061483e-06
1.909312196054496684e-06
1.901949118409085187e-06
1.898908609444554798e-06
1.890961989800425649e-06
1.882997398221893090e-06
1.874425875212777378e-06
1.866425070011835302e-06
1.856995407278244533e-06
1.848819418133970662e-06
1.843033256927083396e-06
1.836249924534253045e-06
1.831482532374139865e-06
1.824365514719363168e-06
1.815367465579713424e-06
1.806916602655814934e-06
1.799326091949379687e-06
1.792533797396683827e-06
1.787276097511725880e-06
1.781940764839826496e-06
1.777904922478690737e-06
1.771950795398868933e-06
1.765151181913765058e-06
1.756962384786145463e-06
1.748933779211169683e-06
1.740499536554130554e-06
1.732492581014993770e-06
1.724087451498174639e-06
1.716305920322116747e-06
1.708321064124496673e-06
1.700085038180019249e-06
1.692751105336996610e-06
1.685302094667223690e-06
1.677911648978961681e-06
1.669811069822498117e-06
1.662318093537166103e-06
1.655105515478207735e-06
1.647351020024730700e-06
1.639990992120961290e-06
1.632383398764856088e-06
1.624855942992228744e-06
1.617421033744891284e-06
1.610081760941924097e-06
1.602893080315068547e-06
1.595754742242507202e-06
1.588750519898189408e-06
1.581866791530545197e-06
1.575221416850107830e-06
1.568443487256040673e-06
1.561850129329207896e-06
1.555243133553165274e-06
1.548696237511721084e-06
1.542260536801797821e-06
1.535881585873576834e-06
1.529663476596747850e-06
1.523433150412460015e-06
1.517294424666781964e-06
1.511215189503724532e-06
1.505224130860554850e-06
1.499303511983112089e-06
1.493445805439219616e-06
1.487651273754275556e-06
1.481940726094466918e-06
1.476305824834771624e-06
1.470906127745611618e-06
1.465458732986744256e-06
1.460020257040042317e-06
1.454603635146788870e-06
1.449269830511403632e-06
1.443971220943553050e-06
1.438897806019839612e-06
1.433807067988747754e-06
1.428732441288855411e-06
1.423751099738986897e-06
1.418939110574696052e-06
1.414138302053051120e-06
1.409325601341378430e-06
1.404759866315026354e-06
1.400177819602687511e-06
1.395592525615936862e-06
1.391163755281879476e-06
1.387021043681488841e-06
1.382862644461602402e-06
1.378443359412931800e-06
1.374321749129783161e-06
1.370556188353177747e-06
1.366551432549916419e-06
1.362527306316820425e-06
1.358428541929395966e-06
1.354458627485704642e-06
1.350381318109049367e-06
1.346279395309206450e-06
1.342306631019249951e-06
1.338484640034353700e-06
1.334882257002318787e-06
1.331488638201578121e-06
1.328267789611474986e-06
1.325109441404674936e-06
1.321980578155496471e-06
1.318718265204873816e-06
1.315001387869578805e-06
1.311388608879574496e-06
1.307927560236356950e-06
1.304251307972688404e-06
1.300556927914630428e-06
1.296853174116800333e-06
1.293216756942914080e-06
1.289518255041760146e-06
1.285880191943095882e-06
1.282243548319918817e-06
1.278639038598611602e-06
1.275064580619118961e-06
1.271523389143100768e-06
1.268008125593677463e-06
1.264532608019767253e-06
1.261108298381563899e-06
1.257678623869317435e-06
1.254284153837477366e-06
1.250916136962003528e-06
1.247594263622780944e-06
1.244279447770515142e-06
1.240986476083816371e-06
1.237740526734029931e-06
1.234519434775733291e-06
1.231342609966839671e-06
1.228162235096621328e-06
1.224999253476707245e-06
1.221871957057708276e-06
1.218760734017990508e-06
1.215676537732793166e-06
1.212626100452576759e-06
1.209621615631374319e-06
1.206704922735671712e-06
1.203985778480011990e-06
1.201100944290155012e-06
1.198418515177998435e-06
1.195727922000561272e-06
1.192938142192761111e-06
1.190382396492233668e-06
1.187916364023116116e-06
1.185514640497534318e-06
1.183080803739223101e-06
1.180651337021276998e-06
1.178272812539181640e-06
1.175984486605318854e-06
1.173699663342210446e-06
1.171463681500727121e-06
1.169254632946302600e-06
1.167153569963767900e-06
1.164948815644345588e-06
1.162937742944448960e-06
1.160714377606477620e-06
1.158376476158053597e-06
1.156012888334457504e-06
1.153702562513932625e-06
1.151367284514402487e-06
1.149058669502127943e-06
1.146761432414536058e-06
1.144624955273890661e-06
1.142457377890105355e-06
1.140324565027887897e-06
1.138371023048458544e-06
1.136500031441234761e-06
1.134680475904813428e-06
1.132931477128924905e-06
1.131163295960099577e-06
1.129421281555223479e-06
1.127575882210409105e-06
1.125700140348091320e-06
1.123626911974488776e-06
1.121803745767761178e-06
1.119850973993924760e-06
1.117893702445680727e-06
1.116095883007936900e-06
1.114405275564355233e-06
1.112777043440540575e-06
1.111276830880361230e-06
1.109612548443801562e-06
1.107992628441333985e-06
1.106484857518723753e-06
1.104886914703596565e-06
1.103336394983171445e-06
1.101791819899093765e-06
1.100456266108239431e-06
1.098872467388459627e-06
1.097135074085353618e-06
1.095290322095312554e-06
1.093450870551410051e-06
1.091606863303568000e-06
1.090005368909786584e-06
1.088251769670531483e-06
1.086562391409549484e-06
1.084834857925839301e-06
1.083344306559384437e-06
1.081784071430571504e-06
1.080094026538570413e-06
1.078558701304671336e-06
1.077025566843293733e-06
1.075369532321966670e-06
1.073835634599774584e-06
1.072325476974082775e-06
1.070781440405913851e-06
1.069213267111132439e-06
1.067736555168662155e-06
1.066215800247477178e-06
1.064601949013850173e-06
1.062877186258017097e-06
1.061142823494739564e-06
1.059501679303073292e-06
1.057867513222822248e-06
1.056117260718922890e-06
1.054720855114734625e-06
1.053279106408717702e-06
1.051896196777882032e-06
1.050426514162435056e-06
1.049144556502357340e-06
1.047804713271895666e-06
1.046405429420289648e-06
1.045064866756215542e-06
1.043594886977943933e-06
1.042151181918350998e-06
1.040654128890116944e-06
1.039201864599520735e-06
1.037724371042717385e-06
1.036442247215777177e-06
1.035143509468668849e-06
1.033987117742573384e-06
1.032810689893197308e-06
1.031709539944558190e-06
1.030554663244169847e-06
1.029285305687604607e-06
1.028115253475690219e-06
1.027009527233052659e-06
1.025974621338944630e-06
1.024920589581782847e-06
1.023996099701275936e-06
1.023042967668695981e-06
1.022043307770046960e-06
1.021112409100086544e-06
1.020175672888997756e-06
1.019227635229345922e-06
1.018324266470146477e-06
1.017334682944305372e-06
1.016374617558391284e-06
1.015498099818143453e-06
1.014591086648986324e-06
1.013656497873109264e-06
1.012877569424508055e-06
1.012107752495970163e-06
1.011435493570882914e-06
1.010631599756241254e-06
1.009830220040023777e-06
1.009017476270264994e-06
1.008176858036062907e-06
1.007306538456333997e-06
1.006350963965519206e-06
1.005275332061322664e-06
1.004273181449592890e-06
1.003268042171726720e-06
1.002244463838033801e-06
1.001439103815851469e-06
1.000638897934345700e-06
9.997786324676495740e-07
9.989909630820586725e-07
9.981640546909276084e-07
9.973103725367623444e-07
9.967345645645537505e-07
9.962062631609936942e-07
9.956106937272114336e-07
9.950656545471656421e-07
9.946099917891989182e-07
9.941953187896618227e-07
9.937348679391076172e-07
9.934442711121188549e-07
9.928269360165401511e-07
9.922980037103699718e-07
9.917578293192513708e-07
9.910930922177987024e-07
9.904718273684369497e-07
9.898576477804282439e-07
9.893334861887673522e-07
9.887357670169705123e-07
9.882712293306294172e-07
9.879986514858051420e-07
9.877073211161776274e-07
9.874443416438010273e-07
9.870873063110190118e-07
9.867579412786329952e-07
9.863776090419410260e-07
9.860106338750152029e-07
9.856209442382109605e-07
9.852092665875480599e-07
9.848309337682416856e-07
9.843943172925754290e-07
9.838614320221889578e-07
9.832614662159884803e-07
9.828087074389596499e-07
9.823367643382694445e-07
9.817398036791475513e-07
9.812322416999772102e-07
9.807148757191651189e-07
9.801699615444049487e-07
9.795788747933301378e-07
9.789825981702727301e-07
9.784543699607039182e-07
9.779101237886441829e-07
9.774954122765702777e-07
9.769350024464082140e-07
9.764754327186222422e-07
9.761435724238783072e-07
9.760199957408197364e-07
9.759546602908792840e-07
9.760749284838122630e-07
9.760911915898472547e-07
9.763017621969606901e-07
9.765619005192834624e-07
9.766093731514913232e-07
9.766298104826953072e-07
9.764894850236359934e-07
9.761976913958634501e-07
9.759581342730698891e-07
9.756754700296217919e-07
9.753672356130721309e-07
9.750880939882969689e-07
9.746677459834924476e-07
9.742304853100463204e-07
9.737432010132732189e-07
9.731447011957159593e-07
9.724848427564024056e-07
9.718197612588316258e-07
9.711871182851294791e-07
9.705411493069507041e-07
9.698876361860781688e-07
9.692185865366572571e-07
9.684405427907175539e-07
9.677250876774350503e-07
9.670070718537390568e-07
9.662129141742740677e-07
9.654300087280173131e-07
9.645804355289514443e-07
9.638935027326243480e-07
9.631985785809327550e-07
9.624505691875735851e-07
9.616912634602232880e-07
9.609205105309825628e-07
9.600560755743126226e-07
9.591860976749532590e-07
9.583243033321328017e-07
9.574576764297154171e-07
9.565344433859547709e-07
9.556326344025663982e-07
9.547944484885640813e-07
9.538816049082713754e-07
9.530170054310283669e-07
9.521406077695808696e-07
9.512359336395505365e-07
9.503943039732144072e-07
9.495903166226602754e-07
9.488169408211818849e-07
9.480216309375395542e-07
9.472753731199205360e-07
9.464742512669930892e-07
9.457240055002214979e-07
9.449999604284099074e-07
9.443119539447795507e-07
9.437190125667716607e-07
9.431847177754181816e-07
9.425950770377211488e-07
9.419752724536411177e-07
9.414525503606287657e-07
9.408714469234606620e-07
9.402658185596899490e-07
9.396384220273846895e-07
9.390759917338594770e-07
9.384390557370853088e-07
9.378819032744494208e-07
9.373434136414986495e-07
9.368217056320129302e-07
9.362941003875071162e-07
9.357854996887330989e-07
9.352259506547922191e-07
9.346957825321665254e-07
9.341553283678972609e-07
9.335533003853721958e-07
9.329437993952694649e-07
9.323519289431813114e-07
9.318322636847927365e-07
9.312977980612063237e-07
9.307538618418316054e-07
9.301505373825222397e-07
9.294909829225187855e-07
9.288163230966856651e-07
9.281262827911336426e-07
9.273857836018799043e-07
9.266430306006064702e-07
9.259010749900866253e-07
9.250944276800654411e-07
9.242944763207295127e-07
9.234306831814549386e-07
9.225979047789431282e-07
9.217363547988739919e-07
9.209159823151126676e-07
9.200598900697127895e-07
9.192523948044002220e-07
9.184889222465384898e-07
9.176853645203619576e-07
9.168724863362544997e-07
9.160596407429534856e-07
9.152841885639994017e-07
9.144994925339264242e-07
9.136869082147614763e-07
9.128772948552346450e-07
9.121011587505316350e-07
9.113134035546221210e-07
9.105550948145520528e-07
9.097918716767780611e-07
9.090011499672489842e-07
9.081868957405768350e-07
9.073610467323652558e-07
9.065333539564705490e-07
9.057066950561757582e-07
9.048559371348410238e-07
9.040128856866090260e-07
9.031676908134233070e-07
9.023564437757339515e-07
9.015516435943936187e-07
9.007484083634201853e-07
8.999332142198984860e-07
8.991290463432861601e-07
8.983021008525647454e-07
8.974695817696801690e-07
8.966273818719597817e-07
8.957958683625611314e-07
8.949667610579113542e-07
8.941390642940069136e-07
8.932951510878498878e-07
8.924800811505865607e-07
8.916740909687711727e-07
8.908767467901410751e-07
8.900740523959025213e-07
8.892578404286981544e-07
8.884267720716195592e-07
8.876031750624762602e-07
8.867797341568460354e-07
8.859703812855455970e-07
8.851659078582508466e-07
8.843503330747922595e-07
8.835476961348604572e-07
8.827472563485352498e-07
8.819526785166461112e-07
8.811950044754540044e-07
8.804127396855087569e-07
8.796506087063210818e-07
8.788948457333424941e-07
8.781620361495028476e-07
8.774318860057362147e-07
8.767303267009086542e-07
8.760576573892608683e-07
8.754065733781640379e-07
8.748117239101649992e-07
8.741905569438229522e-07
8.736339865251632084e-07
8.730876340342377980e-07
8.725571924558339083e-07
8.719672367008673780e-07
8.713458988566772378e-07
8.707070777224934059e-07
8.700495649359886042e-07
8.694256495121587527e-07
8.687749346578074489e-07
8.681278729593616810e-07
8.674997218147643796e-07
8.668739074019840664e-07
8.662596894205070311e-07
8.656248767906286501e-07
8.650123254407094471e-07
8.643985719867132750e-07
8.638093953681670854e-07
8.632285833688847307e-07
8.626379812248211083e-07
8.620377183863651741e-07
8.614359736178767264e-07
8.607977148003691060e-07
8.601381749360398228e-07
8.595021471734218894e-07
8.588474254863177405e-07
8.581933896992579337e-07
8.575204244922446422e-07
8.568360062894636156e-07
8.561490296316264584e-07
8.554563818001715505e-07
8.547587257010714285e-07
8.540559110576536708e-07
8.533517833678105684e-07
8.526647626157920817e-07
8.520021783273604650e-07
8.513795500855132169e-07
8.507127178010000234e-07
8.500736033251616365e-07
8.494287643069858297e-07
8.487430490943323762e-07
8.480862858182816741e-07
8.474301372351738069e-07
8.467860654570677073e-07
8.461743167661525757e-07
8.455628136234793491e-07
8.449769017322047353e-07
8.444444481377688483e-07
8.439060440882130689e-07
8.433691496004806591e-07
8.428613826369005922e-07
8.423142826717673234e-07
8.417729093900218434e-07
8.412253927659342902e-07
8.407056193829499533e-07
8.401421532519491353e-07
8.396389231931579530e-07
8.391650862650019121e-07
8.387114558304595380e-07
8.382937322840747429e-07
8.378613632840894316e-07
8.374192597686552970e-07
8.369435956674268568e-07
8.364577996010238449e-07
8.359543291648447328e-07
8.354745853216778201e-07
8.349869534280265528e-07
8.344792329258080291e-07
8.339475461164543959e-07
8.334385006031762270e-07
8.329259773940141036e-07
8.324366862580163511e-07
8.319644592268821906e-07
8.315076871073642183e-07
8.310269550612374277e-07
8.305477531985373603e-07
8.300394854687171935e-07
8.295493431602842687e-07
8.290543346763492182e-07
8.285757338078413201e-07
8.281071821833335748e-07
8.277002684926006391e-07
8.272956775571445947e-07
8.269235227902775709e-07
8.265822925285345665e-07
8.262329958545693891e-07
8.258633125902410475e-07
8.254983901319646195e-07
8.251829630331960513e-07
8.249302720545660177e-07
8.247078833454521450e-07
8.244781850348120637e-07
8.242490817743208205e-07
8.240009807847381488e-07
8.237400639184437605e-07
8.235145819892011688e-07
8.233006269361695741e-07
8.230634622058666178e-07
8.228064501140165447e-07
8.225756561857063252e-07
8.223826948549328674e-07
8.222173536717452955e-07
8.220352109165652030e-07
8.219644663996382812e-07
8.218938573514052484e-07
8.217820303406437719e-07
8.216946260386938350e-07
8.216168925534158282e-07
8.215333668103547326e-07
8.213807535441556099e-07
8.212665048576749819e-07
8.211151144325071404e-07
8.209324147918967155e-07
8.208040881853158243e-07
8.207245553818054604e-07
8.206449824105055595e-07
8.205570006632592036e-07
8.204517563807590266e-07
8.203351925339968619e-07
8.202000203582945848e-07
8.201561713713494486e-07
8.200948680347292079e-07
8.199859937356921561e-07
8.198539994260088418e-07
8.197367584958198404e-07
8.196185279844479826e-07
8.195030203581978415e-07
8.194522344080442519e-07
8.193643057120836039e-07
8.193005588541016988e-07
8.192069619199621421e-07
8.191097828863545830e-07
8.190445072041938071e-07
8.189762047891552783e-07
8.189423682009320574e-07
8.189610194895789685e-07
8.189824025006016832e-07
8.190093646439535114e-07
8.190419643012712870e-07
8.190418846712026839e-07
8.190764155993111920e-07
8.190795224946619070e-07
8.190974112776054675e-07
8.191004238622838499e-07
8.191317714005385564e-07
8.191447359749517426e-07
8.191717621249677288e-07
8.192581268963152003e-07
8.193792533921361917e-07
8.194828502459530547e-07
8.196324332343714482e-07
8.197496590555676895e-07
8.199327858371397100e-07
8.201168525500293445e-07
8.202586279204748960e-07
8.204144138765139219e-07
8.205474153654886473e-07
8.206973444542188080e-07
8.208582816363736473e-07
8.209484039787208217e-07
8.209925685745726166e-07
8.209743776915063370e-07
8.210060207526416929e-07
8.210205170775460237e-07
8.210616426915482398e-07
8.210505265142446730e-07
8.210171537828383566e-07
8.209143796000536112e-07
8.208425918750435449e-07
8.207639169038039704e-07
8.206246729779037257e-07
8.204808104414425221e-07
8.203743326785701356e-07
8.202394142406898481e-07
8.201268824592575494e-07
8.199604922505417873e-07
8.197781601760753279e-07
8.196089707626994760e-07
8.194398744500812835e-07
8.192858194293453840e-07
8.191424731416752989e-07
8.189795994447771263e-07
8.188351560040678194e-07
8.187099287657623666e-07
8.185972129900565078e-07
8.184870899408056826e-07
8.183563625702534592e-07
8.182974160814767465e-07
8.182369600076176689e-07
8.182286915604589950e-07
8.182742121245837370e-07
8.183482295960521090e-07
8.183628921412478651e-07
8.185146017213017086e-07
8.186648194259924146e-07
8.188262468907863499e-07
8.189641176717993813e-07
8.191013187679436140e-07
8.192714582906972059e-07
8.194805776532128617e-07
8.196433291473631974e-07
8.198520740801755648e-07
8.200223700852614113e-07
8.202190188909870287e-07
8.204124024890739687e-07
8.206243892164686781e-07
8.208530283979740039e-07
8.210960984561124132e-07
8.213163992465738970e-07
8.215516146856125281e-07
8.217717709525725057e-07
8.219312395983530173e-07
8.221216304011094239e-07
8.223102151039405199e-07
8.224948954038555390e-07
8.226964326499990572e-07
8.228307701453635633e-07
8.229845541954073020e-07
8.231218449639513868e-07
8.232531738599705142e-07
8.233781945573246160e-07
8.235233532487963854e-07
8.236416814669445331e-07
8.237756434916808209e-07
8.239159480556800291e-07
8.240757878729095078e-07
8.242011966514768419e-07
8.243494710307758635e-07
8.245095310887257040e-07
8.246592599227105097e-07
8.248220084906286162e-07
8.250161192705745790e-07
8.251751095600522297e-07
8.253194994161869556e-07
8.254337629328700370e-07
8.255814684929092141e-07
8.256596238968577068e-07
8.257566004489625134e-07
8.258633346384434430e-07
8.259757039119119308e-07
8.260658121199538279e-07
8.261412605238718546e-07
8.262183247398319325e-07
8.262845972823554262e-07
8.263845466748424703e-07
8.264962519933128922e-07
8.266569915709996359e-07
8.268394064514245948e-07
8.269573545916177572e-07
8.271073838024672441e-07
8.272839520238707875e-07
8.274175319392324544e-07
8.276321010998578836e-07
8.278106793868888901e-07
8.279910296355462028e-07
8.281490571492596275e-07
8.282988338513085321e-07
8.284651589142200421e-07
8.286035466219925393e-07
8.287753991018044925e-07
8.289437238699945436e-07
8.291260500532124942e-07
8.292529161399262766e-07
8.293253266765241705e-07
8.294254373832609161e-07
8.295693172139651219e-07
8.296818467817973033e-07
8.298017913365484420e-07
8.298828500723332577e-07
8.299626720566296647e-07
8.300146247070882785e-07
8.300575148698695289e-07
8.300896273101245573e-07
8.301621639828241622e-07
8.302327215280980574e-07
8.303193943984784561e-07
8.303659846518451966e-07
8.304166489253777352e-07
8.304364266209102185e-07
8.304616442999416931e-07
8.305168224498750414e-07
8.305536689662361061e-07
8.306315022317129198e-07
8.307096305408035771e-07
8.307709935244144785e-07
8.308640774251897699e-07
8.309232173285325298e-07
8.309666894094399927e-07
8.309874955543140546e-07
8.309633743156363269e-07
8.309334696265942380e-07
8.309059600725496189e-07
8.308578256690599577e-07
8.307975533147055282e-07
8.307446297742400436e-07
8.306928726875951131e-07
8.306576530467299187e-07
8.306174515071724391e-07
8.305587247669425120e-07
8.305433704562377997e-07
8.305051251781843798e-07
8.304877217676841303e-07
8.304619685747194035e-07
8.304313648493566532e-07
8.304282226510218084e-07
8.304173603936189629e-07
8.304209247042691545e-07
8.304075875826356537e-07
8.303881561814939026e-07
8.303705435989552094e-07
8.303354048361481635e-07
8.302739693062839710e-07
8.301864818353191080e-07
8.300805415127121492e-07
8.299482047702166280e-07
8.298106138907403145e-07
8.296780999725292840e-07
8.295099542237823588e-07
8.293362934976646655e-07
8.291631563767390872e-07
8.289878571076006290e-07
8.288270848103341872e-07
8.286421506874285450e-07
8.284589150168797022e-07
8.282656535300624173e-07
8.280680796543238420e-07
8.278586457805238783e-07
8.276394314960355357e-07
8.274020565023397228e-07
8.271934517689909933e-07
8.269780557553306156e-07
8.267707726085948987e-07
8.265531885868832650e-07
8.263490615972749261e-07
8.261284895712715490e-07
8.259268489119543029e-07
8.257249909903077306e-07
8.255309069437879976e-07
8.253335991437372280e-07
8.251290946659411412e-07
8.249105727528375399e-07
8.246939065507521937e-07
8.244939247870565427e-07
8.242497786965002910e-07
8.240241538324661179e-07
8.237982447522471424e-07
8.235649393795307080e-07
8.233449452891669938e-07
8.231460154721488233e-07
8.229402578925573832e-07
8.227518163989512495e-07
8.225694733474738597e-07
8.223976779750062811e-07
8.222395444715129832e-07
8.220642961837975834e-07
8.219103331012746699e-07
8.217205047843479074e-07
8.215424908919346563e-07
8.213585711512764269e-07
8.211569977162352194e-07
8.209395410724972525e-07
8.207297719043687474e-07
8.205056733383390062e-07
8.203103492259510813e-07
8.201198669259939456e-07
8.199368266036025035e-07
8.197422859889548370e-07
8.195650535736269386e-07
8.193856180389138250e-07
8.192338514398094744e-07
8.190700946507044331e-07
8.189021880298422446e-07
8.187545831757356175e-07
8.185987393395805541e-07
8.184488537389609085e-07
8.183136542786215818e-07
8.181921668400248268e-07
8.180510074487600636e-07
8.179090702989528782e-07
8.177642011265144069e-07
8.176288398519700049e-07
8.175050613504780369e-07
8.173880475333924744e-07
8.172787322400435550e-07
8.171782197866711168e-07
8.170768977078713915e-07
8.169591555457322468e-07
8.168293033287900814e-07
8.166871393301337256e-07
8.165395423271096297e-07
8.164133196638953834e-07
8.162750327436042743e-07
8.161721949699877734e-07
8.160837047298290798e-07
8.160323466241666365e-07
8.159628748246106138e-07
8.158943068650400058e-07
8.157935986162480775e-07
8.156771365528409835e-07
8.155368927429304384e-07
8.153970918844240437e-07
8.152583156632503406e-07
8.151423842383143586e-07
8.150365455308686204e-07
8.149187553603390167e-07
8.147902917610397826e-07
8.146622714112147459e-07
8.145311690195696183e-07
8.143920419401051599e-07
8.142514224983879910e-07
8.141106801948664482e-07
8.139494713695706851e-07
8.137962139817076606e-07
8.136381266786775820e-07
8.134954461536007656e-07
8.133460752569224208e-07
8.132066509566103024e-07
8.130693538312240266e-07
8.129411800772437580e-07
8.128280914872623900e-07
8.127429774714668068e-07
8.126328638950197469e-07
8.125250978326269676e-07
8.124177591764218108e-07
8.123074044048648136e-07
8.121983576310497127e-07
8.120602016732046025e-07
8.119081335439879309e-07
8.117567470737070233e-07
8.116064417654258293e-07
8.114676928638186969e-07
8.113195323496191865e-07
8.111720840435026787e-07
8.110228685783030560e-07
8.108595109089269339e-07
8.106924544365637159e-07
8.105263110163432405e-07
8.103825873670626230e-07
8.102134426941598510e-07
8.100618391877915880e-07
8.098916706675100624e-07
8.097571147243688447e-07
8.096330130706920483e-07
8.095156817050095186e-07
8.093940398398079786e-07
8.092733315596557973e-07
8.091458817779722367e-07
8.090079681574756045e-07
8.088855289895954905e-07
8.087488231450244858e-07
8.086371061598292979e-07
8.085473090059617916e-07
8.084489950787573587e-07
8.083451672856437562e-07
8.082343797818064685e-07
8.081216701829945687e-07
8.080099613176936412e-07
8.079123162986601346e-07
8.078031532630996796e-07
8.076854195993945606e-07
8.075877824084793575e-07
8.074873942861740082e-07
8.073782986130086900e-07
8.072540035661866744e-07
8.071348897616400637e-07
8.070015920586721901e-07
8.068574053026260488e-07
8.067140742295864378e-07
8.065552508295476646e-07
8.063934666991497127e-07
8.062274574682623394e-07
8.060509393329644293e-07
8.058474919250562065e-07
