1.091404182499949860e-03
2.336483732901752618e-03
1.911017757048999325e-03
1.678981490453936758e-03
1.584822105862231578e-03
1.517770980866829482e-03
1.527031100412219646e-03
1.500618289377928091e-03
1.538757872685496105e-03
1.488848429491337107e-03
1.430149875029249713e-03
1.391964916703354160e-03
1.373443444952514953e-03
1.361355895102374673e-03
1.322449519827170955e-03
1.286395772666351330e-03
1.267213340685400570e-03
1.236902946064360976e-03
1.207362690917334648e-03
1.177349074726992666e-03
1.149118965136495217e-03
1.122698948201540604e-03
1.098109957316764597e-03
1.078249407459512836e-03
1.059002229774503321e-03
1.040210164771712296e-03
1.026486152395555008e-03
1.011026769308848551e-03
9.971077676954776155e-04
9.858129112858575113e-04
9.770272715497567428e-04
9.668827757257854360e-04
9.596186204068872950e-04
9.510870303126134047e-04
9.407592263075883338e-04
9.317653020088371898e-04
9.238736786846733166e-04
9.141935172274443530e-04
9.069831207120720518e-04
9.009803047000452614e-04
8.979549214662370426e-04
8.936504732414246284e-04
8.869838895930529099e-04
8.799457352683460239e-04
8.724379962097180124e-04
8.641599063718115661e-04
8.563629001433232125e-04
8.499629230013335717e-04
8.427029768868925285e-04
8.361976893353635339e-04
8.298048698109496786e-04
8.245282712476600115e-04
8.195542987445718396e-04
8.147272221096463294e-04
8.097520465374065867e-04
8.046964339922636029e-04
7.996013069452430301e-04
7.939556891625575846e-04
7.877971445244557908e-04
7.819369042738801706e-04
7.763479571384027545e-04
7.713743583878375455e-04
7.660618765652377768e-04
7.609017284733129473e-04
7.560027877410804582e-04
7.513209335675900781e-04
7.459448850793696162e-04
7.410733773047705137e-04
7.363213440673123606e-04
7.314169597659237777e-04
7.265132107748293678e-04
7.216959876506863405e-04
7.168928756441751227e-04
7.121998587597635523e-04
7.075004364904971879e-04
7.028482118096104903e-04
6.982762096786631657e-04
6.937937511705028100e-04
6.893917053444938853e-04
6.850858067913557191e-04
6.808638509819080718e-04
6.767108750824839779e-04
6.727146924971642503e-04
6.687272269880745320e-04
6.647991470681784794e-04
6.609479231795665913e-04
6.572409104016337621e-04
6.535962287790038740e-04
6.499184259412554452e-04
6.463084720262796687e-04
6.427535071972702166e-04
6.392574337606050797e-04
6.358137325239155953e-04
6.324664486447530067e-04
6.292192038565037069e-04
6.259778875485899619e-04
6.227951327255111264e-04
6.196563802879380802e-04
6.165806018051395035e-04
6.135070753470354748e-04
6.104789984348656193e-04
6.075287325774474632e-04
6.046357387086302498e-04
6.018179364460970321e-04
5.990515584252861228e-04
5.962280523548440635e-04
5.934532689807082290e-04
5.909426938397804516e-04
5.886462970501797707e-04
5.865855103474934681e-04
5.847067833869138732e-04
5.830525308201295245e-04
5.809399523336492661e-04
5.788168077022626127e-04
5.766569385929637024e-04
5.745427953844740388e-04
5.725571272205114831e-04
5.705032354424034030e-04
5.686383173420463035e-04
5.667297981810949774e-04
5.647551324815035332e-04
5.628524585620888789e-04
5.609636872628222162e-04
5.589203755916059618e-04
5.568733312162378601e-04
5.547834702758667417e-04
5.526888724686054638e-04
5.505548573442114405e-04
5.484167748771203972e-04
5.463088105508359920e-04
5.442252210334182000e-04
5.421943257190822056e-04
5.401634642400612949e-04
5.381922424857819420e-04
5.362159543460851647e-04
5.342559798648048282e-04
5.323548020102513616e-04
5.304849062401223447e-04
5.285876663698185502e-04
5.267042288553739054e-04
5.248336510070546277e-04
5.229831078082672812e-04
5.211580449260358461e-04
5.193540421949979042e-04
5.175914677275475278e-04
5.158412861560487906e-04
5.141551893366553758e-04
5.125023604337585435e-04
5.109430373095015477e-04
5.092689205841310646e-04
5.075918980598783607e-04
5.059194448392625044e-04
5.042806805336329896e-04
5.026549380845910745e-04
5.010502124894908012e-04
4.995040950197308059e-04
4.979420622230002142e-04
4.964556183177996603e-04
4.949207524430196056e-04
4.933823455717677078e-04
4.918500331414981741e-04
4.903308131337346916e-04
4.888290853563394874e-04
4.873383631243745654e-04
4.858652949585721449e-04
4.844116383844469429e-04
4.829628725454189215e-04
4.815361658170599717e-04
4.801129443590941115e-04
4.787080124088570888e-04
4.773095029753187638e-04
4.759265510491241338e-04
4.745497407359916412e-04
4.731843419001252648e-04
4.718313829979651867e-04
4.704892634503797175e-04
4.691586911731201581e-04
4.678451886584785325e-04
4.665366922308334524e-04
4.652507112217162924e-04
4.639648744425189150e-04
4.626930045500302438e-04
4.614388612596094161e-04
4.602278788127953861e-04
4.590526547131317946e-04
4.578705973982355676e-04
4.567220017944997250e-04
4.555623449667471300e-04
4.543976098345390885e-04
4.532388318948894139e-04
4.521259851051647577e-04
4.510076329856502371e-04
4.499011809838600068e-04
4.488217689708764134e-04
4.478181954627515624e-04
4.468777397268972875e-04
4.459188976951838760e-04
4.449273220482505525e-04
4.439235099871985607e-04
4.428804203628574666e-04
4.419152418147375317e-04
4.409512881389929988e-04
4.399974842053240793e-04
4.390885501321617436e-04
4.381717348528886666e-04
4.373046819579246599e-04
4.364370284123982708e-04
4.355879064334060107e-04
4.347105949637981078e-04
4.339068564683723679e-04
4.330989426211686536e-04
4.322886285625293016e-04
4.314569397032157780e-04
4.305725014172046288e-04
4.296697555132262896e-04
4.287925754500487743e-04
4.278928371230071191e-04
4.269883384590392227e-04
4.261202227402643224e-04
4.252537787735750897e-04
4.244090060557652051e-04
4.235037480933938597e-04
4.226148804945398306e-04
4.216950789865126772e-04
4.207734464308262169e-04
4.198423544534029585e-04
4.189172328556284839e-04
4.180049352953157829e-04
4.170936464464992488e-04
4.161859696383725924e-04
4.152866036494786642e-04
4.143913132542914948e-04
4.135020417007033823e-04
4.126259919905348687e-04
4.117709069718616510e-04
4.109364185726616494e-04
4.101029538560787288e-04
4.092910127602647366e-04
4.084926274603642026e-04
4.077478890102259742e-04
4.070399862841383889e-04
4.063642563802795154e-04
4.057999036186402900e-04
4.052172811438897238e-04
4.046741420468584287e-04
4.041731262646281147e-04
4.036827890859614912e-04
4.031553842354274769e-04
4.025871820476717910e-04
4.020039593418939629e-04
4.014493187528951298e-04
4.009205775860356707e-04
4.003272424965768190e-04
3.997812614608015633e-04
3.992436732729050101e-04
3.987528820542799238e-04
3.982801590601814639e-04
3.977486007342402531e-04
3.972350807351399961e-04
3.967029566794461363e-04
3.962088042455123079e-04
3.956889024051103774e-04
3.951889820118715982e-04
3.947174089441150575e-04
3.942192830270236530e-04
3.936748215565130855e-04
3.931245471900108712e-04
3.926039690462393515e-04
3.920664497442227629e-04
3.915619696758496668e-04
3.910420020256429193e-04
3.904747141054193578e-04
3.899374024617472279e-04
3.894608994972538095e-04
3.890014515337789926e-04
3.885025090305481692e-04
3.880362234241690545e-04
3.875802337998009162e-04
3.871097815205252796e-04
3.866336744236288647e-04
3.861425381839231710e-04
3.856323258706958893e-04
3.851405621800495444e-04
3.847126304232048491e-04
3.842719615832831536e-04
3.838446297108125127e-04
3.834343069088790501e-04
3.830118802308008961e-04
3.826111403608290656e-04
3.822401043305764042e-04
3.818222243071709592e-04
3.813743264882211406e-04
3.809002146907206478e-04
3.804011444719673134e-04
3.798735966474841587e-04
3.793798489374014429e-04
3.788626942559817430e-04
3.783392550773070928e-04
3.778737589983951453e-04
3.773944987487100550e-04
3.768928639475332336e-04
3.764243261617671770e-04
3.759636117895165538e-04
3.755274212801102546e-04
3.751532356428420221e-04
3.747678629540530221e-04
3.743838396967346131e-04
3.739827120103958718e-04
3.735837704067908023e-04
3.732153832496478752e-04
3.728072478335699744e-04
3.724200794544403029e-04
3.720367728154195283e-04
3.716293106881681744e-04
3.712345392331763030e-04
3.708549811906579081e-04
3.704306761835870305e-04
3.699845862130984224e-04
3.695415922664894645e-04
3.690695554263929480e-04
3.686180749088590366e-04
3.681763903451751893e-04
3.677307368062257098e-04
3.672905760399258713e-04
3.668499358676429681e-04
3.664297796538847855e-04
3.660077500135942613e-04
3.655638789238215914e-04
3.651258674457398567e-04
3.646717693553194208e-04
3.642172385736381257e-04
3.637620247005457583e-04
3.633354288805473449e-04
3.629262756349927637e-04
3.625129503154203786e-04
3.621115058744835548e-04
3.616907163431902386e-04
3.612991672073888696e-04
3.609026192528011858e-04
3.605107224353405293e-04
3.601198597054742351e-04
3.597308316922614470e-04
3.593350887040038465e-04
3.589696179837066864e-04
3.585876294893618958e-04
3.582047319500374603e-04
3.578366736604327697e-04
3.574728176591199995e-04
3.571065360458822624e-04
3.567324656003526646e-04
3.563440940341407463e-04
3.559841449085177469e-04
3.556169603232297422e-04
3.552442096803534862e-04
3.548896192577471824e-04
3.545287867099668156e-04
3.541916683946797297e-04
3.538395322984847478e-04
3.534993289998013721e-04
3.531795080096449446e-04
3.528720164204400458e-04
3.525490597036017785e-04
3.522181487546363295e-04
3.519050835050906590e-04
3.515712399796850620e-04
3.512467264226845284e-04
3.509254145890978397e-04
3.506254043000758109e-04
3.503221179084802048e-04
3.500480292972037622e-04
3.497924174460817991e-04
3.495462714874491704e-04
3.492721679432792643e-04
3.489994818254976423e-04
3.486869593444452621e-04
3.483571050049371308e-04
3.480393778721342104e-04
3.476987935775836011e-04
3.473544831188610737e-04
3.470211454927083048e-04
3.466996348687503534e-04
3.463619592684515644e-04
3.460242946184421161e-04
3.456783770121321588e-04
3.453306015670015369e-04
3.449797631603585620e-04
3.446004923373919659e-04
3.442328443679727647e-04
3.438848410538183084e-04
3.435353760858523577e-04
3.431789381142355717e-04
3.428349345370733012e-04
3.424973474482688701e-04
3.421706896937355387e-04
3.418570946305084972e-04
3.415400415073178595e-04
3.412216636528744135e-04
3.409094442847192285e-04
3.405775534380523872e-04
3.402402721430922497e-04
3.399147900420293271e-04
3.395983136415896254e-04
3.392878905299736756e-04
3.389706821712393800e-04
3.386835043451046296e-04
3.383889117646737572e-04
3.381034136435709728e-04
3.378032915930125036e-04
3.375253489857716824e-04
3.372583037788444210e-04
3.369948479629233137e-04
3.367392510155311309e-04
3.365093329147109081e-04
3.362834042972981602e-04
3.360433551882839576e-04
3.357918960919460856e-04
3.355802134048424990e-04
3.353483039624212750e-04
3.351310675494417485e-04
3.349488069603825274e-04
3.347621470773659699e-04
3.345746264922186430e-04
3.343821953800290886e-04
3.341979579900326782e-04
3.340145067127992602e-04
3.338097457038775688e-04
3.335755193582536863e-04
3.333453341529771805e-04
3.331106993731956551e-04
3.328836314189220487e-04
3.326546873436831537e-04
3.324443168485280366e-04
3.322440226806477100e-04
3.320149054578828214e-04
3.318146386912697852e-04
3.316016900999552066e-04
3.313784452842597253e-04
3.311502004044952437e-04
3.309424930175937406e-04
3.307042562429265867e-04
3.304501938771626244e-04
3.301915019134269141e-04
3.299374871433238712e-04
3.296884575376285713e-04
3.294530569965369981e-04
3.292289187027331232e-04
3.290296209407317179e-04
3.288189962823130858e-04
3.286240946800316268e-04
3.284418330568319132e-04
3.282736681649219023e-04
3.280926686630550901e-04
3.279254915788870411e-04
3.277409886784444278e-04
3.275464875334628849e-04
3.273397740304590355e-04
3.271225568841490405e-04
3.269244836147482125e-04
3.267400652986468665e-04
3.265587528897494728e-04
3.263827015738391237e-04
3.262116000579906800e-04
3.260320875235843256e-04
3.258423348877227655e-04
3.256519404377040462e-04
3.254694992641077550e-04
3.252887272516417948e-04
3.251096732242807598e-04
3.249357682866961896e-04
3.247393634866103268e-04
3.245656877261331153e-04
3.243792322376083410e-04
3.241942559971408371e-04
3.239946997047522294e-04
3.237897034493128511e-04
3.236030651335555027e-04
3.234185397283233536e-04
3.232262469226620844e-04
3.230235948598772044e-04
3.228303295175737335e-04
3.226538428773513588e-04
3.224678320601489178e-04
3.222940325676451286e-04
3.221061171463772432e-04
3.219121143874364164e-04
3.217042247713432701e-04
3.215099669209624473e-04
3.212925388469374337e-04
3.210637955855623403e-04
3.208417556197146799e-04
3.206226274172312412e-04
3.203957905513341508e-04
3.201915021389622985e-04
3.199835009953881084e-04
3.197843876606003299e-04
3.195735673724034789e-04
3.193724463816478495e-04
3.191636848371143926e-04
3.189636590926421870e-04
3.187654568407642620e-04
3.185626075861096697e-04
3.183459133759682178e-04
3.181193899129588078e-04
3.179194628226787852e-04
3.176980322594216352e-04
3.174838262007275932e-04
3.172763780055524942e-04
3.170669388447289183e-04
3.168553612035740507e-04
3.166569474703765275e-04
3.164743771972669843e-04
3.162723523728398203e-04
3.160889670106789020e-04
3.159038558669259155e-04
3.157429803703196342e-04
3.155763317947788554e-04
3.154110695513230134e-04
3.152409000494523373e-04
3.150685585136408259e-04
3.148919029486987528e-04
3.147154887825016943e-04
3.145551201769448382e-04
3.144026375654899075e-04
3.142506292687078013e-04
3.141103407248577650e-04
3.139608934218992425e-04
3.138334643957928325e-04
3.137208828130053410e-04
3.136132928375973453e-04
3.135012139471478050e-04
3.133808864401981930e-04
3.132650536049750765e-04
3.131434612808794808e-04
3.130050841204482805e-04
3.128832858746508484e-04
3.127604615706710959e-04
3.126445899300623710e-04
3.125187168820893003e-04
3.123935706779480963e-04
3.122842853994290454e-04
3.121636475426377961e-04
3.120333976201800259e-04
3.119114546938578716e-04
3.117802153264082879e-04
3.116540495584052529e-04
3.115201138766717903e-04
3.113865199459035825e-04
3.112509429342639306e-04
3.111129642779180381e-04
3.109809673491405494e-04
3.108548652867711647e-04
3.107578617467409072e-04
3.106623816095183599e-04
3.105780493133186129e-04
3.105021946698512461e-04
3.104380659342021202e-04
3.103754239098990950e-04
3.103494285130905909e-04
3.103126990366689153e-04
3.102764844297522888e-04
3.102325516090006304e-04
3.101823699208029121e-04
3.101606764357771545e-04
3.101373785338535564e-04
3.101199315849825257e-04
3.101025053180083368e-04
3.100772266818753301e-04
3.100481355620114286e-04
3.099873691334757513e-04
3.099455271122868172e-04
3.099207967742922021e-04
3.099273767690771892e-04
3.099178506389855679e-04
3.099088997977338415e-04
3.099271466551147989e-04
3.099663051571438098e-04
3.100052528980017726e-04
3.100583171229181947e-04
3.101152749470536987e-04
3.101840613152267914e-04
3.102279758883340604e-04
3.102968762961207886e-04
3.103440379338316896e-04
3.104091582085474342e-04
3.104818634691071800e-04
3.105466397222996335e-04
3.106254312273079598e-04
3.106878884338831856e-04
3.107314967544374607e-04
3.107641980853440206e-04
3.108021973038563551e-04
3.108314296892015030e-04
3.108717761657301564e-04
3.109258278248012573e-04
3.109571265560376742e-04
3.110146918389670567e-04
3.110694518300342968e-04
3.111169551586362740e-04
3.111720243331284703e-04
3.112359761017647209e-04
3.113057188266540724e-04
3.113837140001575379e-04
3.114803835364678228e-04
3.115699931662469814e-04
3.116548286525222728e-04
3.117139999841249940e-04
3.117699931013644793e-04
3.118168911792544400e-04
3.118652077206964207e-04
3.118929100968559787e-04
3.119278278251679903e-04
3.119318303723573466e-04
3.119314421686881578e-04
3.119329993125620698e-04
3.119327117294508280e-04
3.119390843221586944e-04
3.119391937420047623e-04
3.119324540501866713e-04
3.119378005649067168e-04
3.119260586758012188e-04
3.119363505425593519e-04
3.119309995481982559e-04
3.119467385229827971e-04
3.119578057668748487e-04
3.119544523232061547e-04
3.119617348834368494e-04
3.119682498801953983e-04
3.119775378966888448e-04
3.119760911624257487e-04
3.119753922262520000e-04
3.119711874206428331e-04
3.119505388279660983e-04
3.119198680033859845e-04
3.118964658725598593e-04
3.118747685978216885e-04
3.118479580948457265e-04
3.118214159843387670e-04
3.117869544837732548e-04
3.117584892380204087e-04
3.117156913553932964e-04
3.116763390687381902e-04
3.116439704532773195e-04
3.116234291478734548e-04
3.115869536171892644e-04
3.115563793161977516e-04
3.115283080331626600e-04
3.114961135850852127e-04
3.114682922315860640e-04
3.114442380108108977e-04
3.114104206193933481e-04
3.113795771043224750e-04
3.113408267771709337e-04
3.112998118101569281e-04
3.112561305296694734e-04
3.112024247956375828e-04
3.111425496067464903e-04
3.110760254247057176e-04
3.110023376353291476e-04
3.109315375351757896e-04
3.108451486195814542e-04
3.107668673452051783e-04
3.106915754720421816e-04
3.106195813227688820e-04
3.105606195384381105e-04
3.105015817927145642e-04
3.104497247913496813e-04
3.103973502872701810e-04
3.103403341006436759e-04
3.102737225131842256e-04
3.101968533781955788e-04
3.101207968269822099e-04
3.100366481209202384e-04
3.099568102089515905e-04
3.098866044362263246e-04
3.098160614345554982e-04
3.097396988565568362e-04
3.096656609435992596e-04
3.095819759797186085e-04
3.094896083352538930e-04
3.094032431875004974e-04
3.093136205972545462e-04
3.092321681075478439e-04
3.091468890911181085e-04
3.090660506489506217e-04
3.089975327666375383e-04
3.089292942716683355e-04
3.088556458760377890e-04
3.087916666796126030e-04
3.087305913843563687e-04
3.086619306741408397e-04
3.085815768912148036e-04
3.085027550497539974e-04
3.084355546178632157e-04
3.083663246387651109e-04
3.083047703876910534e-04
3.082319161556973234e-04
3.081609272640710049e-04
3.080841970107503513e-04
3.079987604330221892e-04
3.079163751665617006e-04
3.078284747696525821e-04
3.077412917206259475e-04
3.076568224619350474e-04
3.075819699588931201e-04
3.075006770441794483e-04
3.074307284221825193e-04
3.073716486806535395e-04
3.073183093238341258e-04
3.072606103403505346e-04
3.072072748057466142e-04
3.071470229638986510e-04
3.071079973074078125e-04
3.070681849131504603e-04
3.070251676125033535e-04
3.069789668205384105e-04
3.069413805644368169e-04
3.069086273993292631e-04
3.068807235818238961e-04
3.068702943373891458e-04
3.068540973806717907e-04
3.068404000215135905e-04
3.068263388578126925e-04
3.067974342673988799e-04
3.067712954299927600e-04
3.067528949523704918e-04
3.067401848595499841e-04
3.067280255839839142e-04
3.067093292045971835e-04
3.066931143541870618e-04
3.066743559944294629e-04
3.066500270642433701e-04
3.066336214764769463e-04
3.066103652423888713e-04
3.066057098703197487e-04
3.066046865289180591e-04
3.066015645494433680e-04
3.066042988541908864e-04
3.066127160879560196e-04
3.066201161559035959e-04
3.066351499464657062e-04
3.066543475635788918e-04
3.066662585655356623e-04
3.066735071695691280e-04
3.066951211079437184e-04
3.067217841347296206e-04
3.067587901340038722e-04
3.068017105931265961e-04
3.068433033611451806e-04
3.068859381445077300e-04
3.069131820833982931e-04
3.069361353565265007e-04
3.069510752880781493e-04
3.069518585872094358e-04
3.069502797880099875e-04
3.069622247489388941e-04
3.069773053140233566e-04
3.070091228398543512e-04
3.070275907160177945e-04
3.070449500859835429e-04
3.070612174325256178e-04
3.070838548470724021e-04
3.071037908325701966e-04
3.071181020544929449e-04
3.071264478213926665e-04
3.071376116526257621e-04
3.071444849674295221e-04
3.071581188035293810e-04
3.071661661601288889e-04
3.071868386005620756e-04
3.072051969984433391e-04
3.072272642484987111e-04
3.072465065659285327e-04
3.072682189304438960e-04
3.072813630648965210e-04
3.072873107766983759e-04
3.072853647435732044e-04
3.072828166380588556e-04
3.072751845871117375e-04
3.072693189943061644e-04
3.072788167680346296e-04
3.072820666477993432e-04
3.072801594515793804e-04
3.072737303362560956e-04
3.072622521951075573e-04
3.072582282848639176e-04
3.072393500596143291e-04
3.072222890499319461e-04
3.072076115893636675e-04
3.072060644723767909e-04
3.072143681944307717e-04
3.072247192727388474e-04
3.072323332146602933e-04
3.072448169942118947e-04
3.072516267757895571e-04
3.072717632067217992e-04
3.072904303154729184e-04
3.073157828485407746e-04
3.073470931746509613e-04
3.073702657034628732e-04
3.073910509054568908e-04
3.074157035082255348e-04
3.074419464541070760e-04
3.074653303785711105e-04
3.074866277616470711e-04
3.075088052608274309e-04
3.075382197089629867e-04
3.075530567316262474e-04
3.075604321292278709e-04
3.075689942361369217e-04
3.075763334212366354e-04
3.075739067729982182e-04
3.075781817627760290e-04
3.075797402953919812e-04
3.075971322326308266e-04
3.076146682726015351e-04
3.076382129184947905e-04
3.076656495300450814e-04
3.076889998255885584e-04
3.077137286560407644e-04
3.077440755126041312e-04
3.077788674225639867e-04
3.078068916192145906e-04
3.078299428913705820e-04
3.078555597104691609e-04
3.078809784260759584e-04
3.079056612072157435e-04
3.079212873747874950e-04
3.079387840940019170e-04
3.079596177574752303e-04
3.079809579228439819e-04
3.079937686057386288e-04
3.080110932381257866e-04
3.080333594528718560e-04
3.080574866592596388e-04
3.080876118208058438e-04
3.081129017112303487e-04
3.081456814637498079e-04
3.081838251916556889e-04
3.082163299014814496e-04
3.082368214953337617e-04
3.082464906608180493e-04
3.082583418518249530e-04
3.082678724470977287e-04
3.082621414410236719e-04
3.082562225546423831e-04
3.082413022269051830e-04
3.082401304184435582e-04
3.082403819310891211e-04
3.082442300949164802e-04
3.082556678154604922e-04
3.082708824885334493e-04
3.082789069245699945e-04
3.082983004928046655e-04
3.083127049161029048e-04
3.083207508099493712e-04
3.083302618488758043e-04
3.083351172910579101e-04
3.083393461485152095e-04
3.083403170566283939e-04
3.083377441920650132e-04
3.083356466447797367e-04
3.083347914446186154e-04
3.083286378672120864e-04
3.083274083337173748e-04
3.083172783732583732e-04
3.083094765918063763e-04
3.082991470649290794e-04
3.082814935503069452e-04
3.082668368892893334e-04
3.082528223410877649e-04
3.082349242448204378e-04
3.082178989966391828e-04
3.081959205737732298e-04
3.081751752744734253e-04
3.081528850492851212e-04
3.081321398289499835e-04
3.081027050687187808e-04
3.080727663668811974e-04
3.080496936415944302e-04
3.080229574595143684e-04
3.079889266995969755e-04
3.079502794611019690e-04
3.079103254019783099e-04
3.078720916681190007e-04
3.078426763385182425e-04
3.078154901760462030e-04
3.077837389354620853e-04
3.077455717083563851e-04
3.077141568154462097e-04
3.076798620527566993e-04
3.076491758741748783e-04
3.076166328609220100e-04
3.075845670296276394e-04
3.075603399666417687e-04
3.075396227784352784e-04
3.075134279504697474e-04
3.074807264147026990e-04
3.074372957421592006e-04
3.073915926916552066e-04
3.073527713609577406e-04
3.073100487164101753e-04
3.072669253752692456e-04
3.072287634025597475e-04
3.071831427246320156e-04
3.071350685099509602e-04
3.070911801392987731e-04
3.070502210444854053e-04
3.070103311479336489e-04
3.069656641964942719e-04
3.069181269019274341e-04
3.068710982889562484e-04
3.068201984251331155e-04
3.067745355517205387e-04
3.067351445757618270e-04
3.067009077494572272e-04
3.066602118633541662e-04
3.066164130193019797e-04
3.065793585894929178e-04
3.065491052626731798e-04
3.065177704390029795e-04
3.064867199433274673e-04
3.064567147216451298e-04
3.064312468123566520e-04
3.064040430586116646e-04
3.063794836319614799e-04
3.063531570912639735e-04
3.063299442534934709e-04
3.063045101718940696e-04
3.062793768730416848e-04
3.062559953911517339e-04
3.062390345159365836e-04
3.062266320019691422e-04
3.062025135521338629e-04
3.061769709625791823e-04
3.061512806771752443e-04
3.061352890566922330e-04
3.061218759982234686e-04
3.061008705541317255e-04
3.060726788900832622e-04
3.060447988625050091e-04
3.060176845424863968e-04
3.059922256953670656e-04
3.059664437421089934e-04
3.059501042216754892e-04
3.059335807968957522e-04
3.059211078480653448e-04
3.058988670432822004e-04
3.058767550119928231e-04
3.058552007191329969e-04
3.058228039200260083e-04
3.057905149572007534e-04
3.057627955605005652e-04
3.057271646183757838e-04
3.056913488124783835e-04
3.056548147870580658e-04
3.056112616960030416e-04
3.055646648552468427e-04
3.055168780487399244e-04
3.054642620638551285e-04
3.054125661892464431e-04
3.053512813660462771e-04
3.052853013510665797e-04
3.052269615188510517e-04
3.051631460240772213e-04
3.051015914205547873e-04
3.050334697257264869e-04
3.049651198232378440e-04
3.048904876683996841e-04
3.048161517033266214e-04
3.047373187967210295e-04
3.046551496536120695e-04
3.045746113331653524e-04
3.044925163689495094e-04
3.044098847015280253e-04
3.043323786366467615e-04
3.042529954158170206e-04
3.041758864988877058e-04
3.040976287878861513e-04
3.040213359227030877e-04
3.039449034874374821e-04
3.038620530471025844e-04
3.037788231084184915e-04
3.036945923847110779e-04
3.036057497587209600e-04
3.035185121665447605e-04
3.034344177734696227e-04
3.033491308806675899e-04
3.032633228025493526e-04
3.031761283525115608e-04
3.030884435189306432e-04
3.029997334632696430e-04
3.029102852471855572e-04
3.028230166754450662e-04
3.027318215873067990e-04
3.026426588838483536e-04
3.025554677239774746e-04
3.024697849952897254e-04
3.023819264575228986e-04
3.023009356471630213e-04
3.022182507579246097e-04
