6.133376134378337730e-05
4.892952415898654464e-05
4.681217403547297516e-05
4.952861425606014406e-05
4.430382061823226079e-05
4.214748468463215932e-05
4.270808617000935873e-05
3.998488343148375105e-05
3.769992200348769019e-05
3.702859150408990867e-05
3.661485766928441457e-05
3.557665818174572447e-05
3.433164175676237659e-05
3.329738665918316313e-05
3.294823339599688920e-05
3.294086123251444204e-05
3.383030861723617706e-05
3.435378021922764601e-05
3.440076743160658094e-05
3.427468091818043270e-05
3.444965763607567044e-05
3.455990116952701414e-05
3.421388439150971155e-05
3.378886559787946139e-05
3.333463444956546486e-05
3.300899312534848521e-05
3.251092179831149506e-05
3.202573001805445585e-05
3.150045647038558555e-05
3.099632342349830267e-05
3.052370151833148833e-05
3.007825643924527843e-05
2.963357424961775256e-05
2.929539841878395006e-05
2.893917187777001414e-05
2.865128510676265871e-05
2.836468774649545996e-05
2.813997852716490172e-05
2.798771860238619203e-05
2.784678070015953252e-05
2.780819779766402592e-05
2.784156682572846083e-05
2.794923570377680843e-05
2.805385604082577392e-05
2.817157320416638816e-05
2.830392338256273023e-05
2.852681697227936876e-05
2.881963636273172523e-05
2.896681344172898721e-05
2.900374890179278309e-05
2.896554409464891107e-05
2.897388658534787691e-05
2.901556602851413510e-05
2.908093996705643646e-05
2.909147160751429138e-05
2.916146436536636423e-05
2.920590321989394004e-05
2.925920328979149355e-05
2.926785556793949256e-05
2.921977682816981355e-05
2.920305799563209173e-05
2.915834577140351136e-05
2.910831857262576134e-05
2.905836180988916623e-05
2.899503320605598017e-05
2.886435195145915032e-05
2.873247645880307080e-05
2.859712379439088696e-05
2.844677465738657565e-05
2.831045815482265181e-05
2.816354990173966757e-05
2.800562390620006336e-05
2.785493595646899991e-05
2.771283145922658799e-05
2.754609506625985710e-05
2.739720795282912590e-05
2.723240353555332697e-05
2.707800006159526415e-05
2.692865446088560150e-05
2.678100157372854023e-05
2.662817590318921764e-05
2.648842783222935842e-05
2.634228312287796887e-05
2.620082295619870100e-05
2.606248618042256629e-05
2.593163886470065675e-05
2.580297281702395926e-05
2.567530082398603589e-05
2.554924587594322770e-05
2.543507827532837082e-05
2.532808912271683122e-05
2.524240746162255121e-05
2.514263619948157568e-05
2.505823580998904802e-05
2.496878008829479827e-05
2.489045484621107369e-05
2.483439537638696778e-05
2.478470847621242474e-05
2.474273982779923067e-05
2.471960513928917085e-05
2.469902534098674361e-05
2.466493494672275657e-05
2.462172089082460464e-05
2.457086503256930427e-05
2.451745001931295449e-05
2.444280271208082694e-05
2.436675605431196757e-05
2.428123130736496520e-05
2.419874678389861985e-05
2.412641809606100283e-05
2.406050503421870276e-05
2.398684890973767157e-05
2.391081402461709473e-05
2.382856722807547332e-05
2.374565323339227494e-05
2.366237750768370430e-05
2.358490726718308990e-05
2.351504531731064184e-05
2.344442409151622909e-05
2.338470914051496430e-05
2.332587437093946683e-05
2.327674891943577002e-05
2.323837474413291811e-05
2.320112164794536919e-05
2.317792628736034031e-05
2.315150990258314819e-05
2.313517212006709824e-05
2.311947714564882458e-05
2.309613271598586590e-05
2.306576020570759846e-05
2.303014215207222265e-05
2.300411764947304807e-05
2.297555553247006510e-05
2.295136038546445945e-05
2.292292116103078663e-05
2.289660828779997134e-05
2.285361993762409963e-05
2.280117643758510694e-05
2.275074469640101511e-05
2.269489542591367665e-05
2.264164912874358111e-05
2.259252000685361698e-05
2.254621682564014574e-05
2.249966814315264388e-05
2.245069291341897136e-05
2.239612531908192483e-05
2.234167756056746869e-05
2.227826696936910619e-05
2.221234807708553989e-05
2.214304236413868761e-05
2.207290457145533928e-05
2.200385263811110179e-05
2.193520776822311004e-05
2.186663143202801274e-05
2.180038495448585466e-05
2.173401088226993084e-05
2.166884371353619009e-05
2.160671911416652566e-05
2.154475604665031968e-05
2.148515550261403565e-05
2.142404153602156048e-05
2.136533321610114804e-05
2.130588730310325565e-05
2.124463549988978437e-05
2.118522891339393830e-05
2.112460976064508249e-05
2.106353591233684790e-05
2.100411508890769733e-05
2.094390248979126551e-05
2.088311740240942209e-05
2.082212467498731221e-05
2.076171961938963082e-05
2.070166209370051738e-05
2.064213549267471733e-05
2.058307648222027891e-05
2.052460441211956154e-05
2.046680103861647060e-05
2.041097173240219185e-05
2.035560958129998890e-05
2.030011545706213272e-05
2.024483303989758960e-05
2.019052282187448587e-05
2.013768180179195872e-05
2.008637057142281487e-05
2.003661428089896694e-05
1.999092989554853941e-05
1.995002670179708487e-05
1.990876963420682219e-05
1.987080708403338861e-05
1.983245825366408265e-05
1.978965324797857118e-05
1.974694563469290252e-05
1.970393119094594373e-05
1.965892243088996247e-05
1.961356434622034606e-05
1.956685176930313580e-05
1.951891126174547337e-05
1.947133100408103443e-05
1.942366742614796252e-05
1.937617786249142695e-05
1.932942244564279208e-05
1.928237108134004630e-05
1.923617940135016668e-05
1.919097692697570073e-05
1.914581283691862683e-05
1.910061341976214606e-05
1.905597826258336629e-05
1.901180113596228556e-05
1.896777299159189801e-05
1.892500942036568439e-05
1.888253214259791036e-05
1.884054638705954144e-05
1.879748440774096314e-05
1.875535909913291557e-05
1.871253526355444373e-05
1.866951911160529833e-05
1.862662190990608835e-05
1.858385361182179606e-05
1.854143491620392241e-05
1.849932323392900282e-05
1.845749582155805567e-05
1.841603015949403385e-05
1.837521438684731092e-05
1.833446706046445263e-05
1.829446184489483525e-05
1.825434956102295499e-05
1.821470719951874567e-05
1.817505624633208663e-05
1.813577452539707029e-05
1.809744457885771601e-05
1.805969009664136206e-05
1.802188742979511429e-05
1.798367307707932541e-05
1.794564493047564024e-05
1.790782054503979210e-05
1.787011797493898133e-05
1.783300696169171795e-05
1.779595651512379500e-05
1.775901719525377990e-05
1.772199796632066077e-05
1.768543495202702613e-05
1.764910946858120962e-05
1.761317177108637404e-05
1.757737228986772448e-05
1.754151499981765656e-05
1.750582907073218794e-05
1.747044459722272937e-05
1.743524692367353309e-05
1.740031629231529223e-05
1.736576090469631051e-05
1.733141463053077680e-05
1.729726754633951810e-05
1.726307968208380092e-05
1.722906703799313480e-05
1.719527392735687224e-05
1.716189169267111087e-05
1.712891898610227972e-05
1.709623475840410585e-05
1.706425585916584599e-05
1.703319979577080001e-05
1.700232649533858523e-05
1.697198925130952147e-05
1.694182383800138788e-05
1.691153666317963907e-05
1.688151402602780377e-05
1.685198029627573237e-05
1.682232747020262953e-05
1.679326812514919903e-05
1.676373239716082424e-05
1.673475622079174908e-05
1.670586695220064176e-05
1.667766094469532278e-05
1.665001206921438688e-05
1.662161519740960500e-05
1.659339630971991646e-05
1.656565503777658851e-05
1.653744872451532000e-05
1.650958235458965481e-05
1.648194207409759562e-05
1.645473916508235094e-05
1.642797697091591725e-05
1.640126031026672751e-05
1.637496088858481137e-05
1.634901998021179607e-05
1.632405731131214769e-05
1.629988927144704211e-05
1.627707945501453179e-05
1.625567284272184869e-05
1.623530712141898412e-05
1.621500498366287924e-05
1.619439049687050396e-05
1.617348265401679603e-05
1.615394672595395182e-05
1.613313465636850009e-05
1.611201178922388473e-05
1.609087386922160705e-05
1.606831387745795959e-05
1.604570401938401237e-05
1.602273929633174401e-05
1.599906014186449452e-05
1.597622750551031169e-05
1.595413640553064251e-05
1.593256449300468365e-05
1.591141066210091694e-05
1.589127612478903999e-05
1.586984747042483331e-05
1.584797642914652450e-05
1.582583812701381096e-05
1.580338315681730681e-05
1.577983492270066432e-05
1.575603336596920074e-05
1.573310613479858498e-05
1.570998399408802843e-05
1.568664143148964764e-05
1.566309472890540320e-05
1.563976535498032042e-05
1.561686328286725409e-05
1.559382802673143784e-05
1.557075256855664460e-05
1.554791891523538277e-05
1.552473465698654364e-05
1.550232120175877882e-05
1.548029757185883086e-05
1.545889826361287542e-05
1.543750737920324871e-05
1.541626032375610509e-05
1.539584293433839574e-05
1.537606573112530194e-05
1.535634790570817573e-05
1.533749368174852594e-05
1.531930694545167451e-05
1.530064645511915736e-05
1.528215886941723209e-05
1.526371034841176466e-05
1.524581208812861816e-05
1.522650863206117336e-05
1.520765188321821109e-05
1.518906910994701973e-05
1.517150450389480926e-05
1.515338187364970163e-05
1.513476278620748647e-05
1.511556080789177363e-05
1.509730286234886224e-05
1.507887287574333465e-05
1.506082231251808973e-05
1.504274933703029638e-05
1.502489044070368360e-05
1.500772100523578451e-05
1.499092961663450198e-05
1.497415905459028841e-05
1.495753798493246732e-05
1.494068426839719583e-05
1.492390700122579764e-05
1.490611371405198313e-05
1.488827411390246008e-05
1.487007583921723882e-05
1.485223626657472617e-05
1.483439608585355075e-05
1.481655963028329529e-05
1.479963171023929759e-05
1.478319862385930217e-05
1.476627176990680971e-05
1.474899870052025240e-05
1.473081199927059364e-05
1.471238624180841620e-05
1.469382379663328859e-05
1.467554856163455876e-05
1.465751137436350231e-05
1.463905962463616263e-05
1.462036985540487862e-05
1.460142463374295586e-05
1.458272752087949298e-05
1.456393225462641212e-05
1.454538892321747089e-05
1.452699920999254472e-05
1.450880101867119652e-05
1.449095431784171192e-05
1.447353294753084040e-05
1.445652250742308280e-05
1.443949018107889376e-05
1.442277014735696978e-05
1.440637221936505676e-05
1.438978759863131988e-05
1.437281911889684352e-05
1.435548371964475549e-05
1.433836331435244652e-05
1.432114788807528604e-05
1.430439842925876679e-05
1.428789142669090027e-05
1.427154952227773483e-05
1.425528835312693902e-05
1.423861870098738631e-05
1.422213224236535371e-05
1.420562284141188094e-05
1.418919918755269508e-05
1.417257319281776351e-05
1.415574430244594912e-05
1.413907025525638508e-05
1.412249279618287824e-05
1.410576965195440012e-05
1.408893314958410268e-05
1.407187445772965609e-05
1.405482526918855437e-05
1.403772704031524631e-05
1.402073066287094884e-05
1.400384213448634115e-05
1.398698939641584760e-05
1.397024005349512804e-05
1.395340414289009111e-05
1.393641006732079285e-05
1.391946043405014661e-05
1.390258274614920102e-05
1.388591497544431464e-05
1.386939535855569346e-05
1.385307336572060251e-05
1.383694868292732978e-05
1.382066339280979130e-05
1.380429303209600467e-05
1.378793119624238931e-05
1.377159860423218784e-05
1.375526540605055211e-05
1.373899433052402843e-05
1.372284056269540780e-05
1.370675666470051671e-05
1.369087518137724490e-05
1.367513756898225123e-05
1.365947150942634909e-05
1.364365448722777149e-05
1.362787939491806598e-05
1.361223505682809497e-05
1.359693794578122029e-05
1.358181751691681209e-05
1.356696713775219955e-05
1.355194638725485319e-05
1.353689234579043888e-05
1.352167572891439717e-05
1.350651558040914525e-05
1.349147080551502843e-05
1.347635190793132075e-05
1.346123497625585033e-05
1.344622292985470088e-05
1.343120955201150797e-05
1.341618492640878417e-05
1.340129490397925707e-05
1.338635849085733228e-05
1.337141178933698686e-05
1.335649604954851091e-05
1.334166139645892566e-05
1.332708499403167929e-05
1.331263562441121234e-05
1.329850331843547848e-05
1.328448202921747694e-05
1.327065966904556781e-05
1.325692935485899267e-05
1.324350787725354662e-05
1.323037843620263454e-05
1.321743465354811258e-05
1.320462136496221223e-05
1.319200089302605032e-05
1.317937289508167177e-05
1.316668764335640080e-05
1.315415873176370152e-05
1.314164210495232162e-05
1.312890748398904049e-05
1.311683242886470272e-05
1.310435357191747526e-05
1.309183147419423333e-05
1.307946910500869303e-05
1.306737934222603778e-05
1.305532944076179457e-05
1.304352899596431903e-05
1.303172210332179324e-05
1.302021862875496946e-05
1.300854263194931578e-05
1.299695138805154162e-05
1.298551450037112674e-05
1.297387035684368212e-05
1.296223557162362688e-05
1.295034822893885847e-05
1.293816668839005225e-05
1.292563295942214024e-05
1.291289269882177278e-05
1.290031971443901221e-05
1.288795539457723673e-05
1.287541509169055738e-05
1.286320990871246555e-05
1.285102833626603161e-05
1.283916190498745207e-05
1.282796079866703435e-05
1.281742106031017165e-05
1.280710150635421808e-05
1.279712959126203571e-05
1.278728101389678173e-05
1.277754744949958990e-05
1.276814278933099833e-05
1.275827800442392023e-05
1.274806676079660027e-05
1.273801008548775366e-05
1.272781237850609979e-05
1.271764553059383849e-05
1.270735216951814542e-05
1.269700941591013320e-05
1.268678526526723004e-05
1.267675843157887925e-05
1.266664199951305757e-05
1.265718307258605291e-05
1.264727713262543946e-05
1.263717368484501589e-05
1.262744950759410522e-05
1.261776060742619020e-05
1.260777436530766173e-05
1.259748334482937381e-05
1.258741173850579978e-05
1.257738479065913748e-05
1.256734266748590026e-05
1.255739175107192715e-05
1.254809966923245268e-05
1.253882566998888467e-05
1.252949234486927882e-05
1.252019600970718381e-05
1.251084669469915022e-05
1.250202925028339173e-05
1.249357977976570141e-05
1.248564672586131512e-05
1.247769694175297397e-05
1.247016792920075324e-05
1.246194154297045432e-05
1.245339052981015981e-05
1.244479535827367565e-05
1.243595530789244556e-05
1.242725081485668668e-05
1.241879857958292091e-05
1.241043750522764498e-05
1.240229182026135817e-05
1.239392486675952876e-05
1.238520799419275040e-05
1.237637494244306488e-05
1.236718406552471917e-05
1.235814346924954811e-05
1.234913174533492055e-05
1.234013667166309419e-05
1.233109942361487022e-05
1.232212990952663100e-05
1.231299248542827876e-05
1.230377616451482004e-05
1.229459506062822175e-05
1.228548404589941853e-05
1.227644700182056193e-05
1.226740131155616507e-05
1.225806199220104050e-05
1.224862686007848052e-05
1.223900055675430481e-05
1.222937286096152679e-05
1.221978886314363755e-05
1.221014743959091647e-05
1.220060022902264331e-05
1.219128160302074546e-05
1.218192226502780298e-05
1.217279503775534951e-05
1.216399371026907968e-05
1.215487598100138351e-05
1.214535109799917590e-05
1.213571169308439548e-05
1.212605716313430679e-05
1.211628423079393426e-05
1.210660713022904160e-05
1.209667563346465238e-05
1.208662368292512490e-05
1.207669312359477009e-05
1.206672470418440316e-05
1.205676245712374812e-05
1.204673910166061589e-05
1.203676445510023112e-05
1.202675236349096389e-05
1.201673727228517754e-05
1.200683691244272213e-05
1.199695521089647640e-05
1.198706787171798324e-05
1.197717967177028744e-05
1.196726344613678177e-05
1.195741303136100757e-05
1.194762834979385875e-05
1.193788295162013248e-05
1.192805114264266697e-05
1.191827408640312512e-05
1.190848946087862376e-05
1.189875557030458869e-05
1.188896023424880954e-05
1.187922173024473446e-05
1.186961170000587705e-05
1.186001391017551519e-05
1.185047433315605930e-05
1.184099502098498914e-05
1.183155987668541066e-05
1.182213946754244073e-05
1.181259582094588494e-05
1.180298013143357111e-05
1.179337039038613943e-05
1.178375877899637324e-05
1.177408381115905531e-05
1.176444560749750853e-05
1.175487853611983902e-05
1.174529071737767178e-05
1.173566107772633190e-05
1.172610492334801918e-05
1.171651817482322077e-05
1.170698344803980884e-05
1.169755010872279216e-05
1.168818740877072483e-05
1.167887979570222735e-05
1.166966126114310476e-05
1.166051553178131516e-05
1.165132732837794162e-05
1.164211616050273021e-05
1.163282921752456351e-05
1.162349024262813479e-05
1.161416848138341203e-05
1.160479785223737133e-05
1.159545601569145712e-05
1.158612787428042637e-05
1.157682251374944087e-05
1.156752551872112597e-05
1.155829401298739629e-05
1.154907488179193508e-05
1.153987806589022802e-05
1.153071565833315863e-05
1.152159794708964256e-05
1.151250833072897332e-05
1.150341353354357123e-05
1.149439188738191055e-05
1.148535484162418044e-05
1.147631258275247933e-05
1.146730204127653379e-05
1.145836569973377325e-05
1.144943632131076702e-05
1.144051411748793529e-05
1.143161662405021223e-05
1.142279495982989933e-05
1.141402342021193457e-05
1.140529681923854342e-05
1.139660354112752028e-05
1.138789095876152526e-05
1.137919643538772184e-05
1.137061932576749034e-05
1.136197356561522073e-05
1.135336690437262654e-05
1.134476191041100526e-05
1.133623430371205021e-05
1.132774901672761900e-05
1.131919594578452021e-05
1.131073342999429726e-05
1.130230383991989327e-05
1.129396870497560299e-05
1.128562103870190600e-05
1.127722505893560660e-05
1.126888819626024470e-05
1.126053656538039783e-05
1.125224087940837595e-05
1.124389815626002865e-05
1.123553493966256023e-05
1.122715500150261790e-05
1.121874518987090844e-05
1.121033206079815226e-05
1.120192735995469517e-05
1.119353392196447764e-05
1.118515554415641285e-05
1.117680663086650961e-05
1.116847580281695818e-05
1.116020575481281346e-05
1.115200786061382809e-05
1.114389925624659500e-05
1.113594792102031953e-05
1.112809245926493421e-05
1.112032006373643131e-05
1.111258898218976436e-05
1.110493030731729357e-05
1.109733240277719428e-05
1.108977589829815277e-05
1.108221367019933671e-05
1.107456925026797568e-05
1.106698017730015001e-05
1.105927342813214127e-05
1.105155208457982585e-05
1.104384956306113497e-05
1.103611230126048014e-05
1.102845434775123187e-05
1.102079826055784536e-05
1.101307628591399335e-05
1.100536175935357654e-05
1.099766863463840461e-05
1.098996143376447263e-05
1.098230728052072961e-05
1.097463950350075293e-05
1.096715879616040838e-05
1.095971657912793371e-05
1.095232832373202671e-05
1.094509260696112246e-05
1.093806944453022066e-05
1.093114221920728441e-05
1.092436569691384102e-05
1.091755108041280646e-05
1.091056214902354752e-05
1.090358813609969603e-05
1.089645409389032142e-05
1.088930340476413228e-05
1.088203991298102519e-05
1.087481495042230846e-05
1.086753613062960310e-05
1.086018881996287911e-05
1.085273748845150489e-05
1.084531888946636911e-05
1.083789683270381362e-05
1.083038929497419463e-05
1.082287076470451161e-05
1.081543543146127225e-05
1.080797727246274790e-05
1.080059065297256826e-05
1.079315500872507684e-05
1.078572834856782277e-05
1.077830672933206905e-05
1.077088134075339784e-05
1.076345020764066338e-05
1.075601357781713738e-05
1.074859095219215037e-05
1.074117561772822104e-05
1.073377635970085703e-05
1.072639158186694349e-05
1.071902631393976298e-05
1.071168252442563151e-05
1.070434784185147262e-05
1.069702821416184798e-05
1.068971972656146436e-05
1.068243267673981122e-05
1.067516041243136662e-05
1.066789957139027487e-05
1.066065203584824338e-05
1.065342277543572271e-05
1.064622967688030218e-05
1.063906674611912734e-05
1.063195232295056205e-05
1.062492322788948644e-05
1.061792981061599534e-05
1.061101790273956020e-05
1.060408854738486371e-05
1.059714762976297808e-05
1.059020023848892019e-05
1.058332592247749341e-05
1.057654637847141595e-05
1.056983312888313254e-05
1.056307592194845829e-05
1.055633488646265847e-05
1.054952714861978266e-05
1.054270386562428173e-05
1.053584785714349866e-05
1.052894166776568703e-05
1.052201952553347978e-05
1.051509493522055327e-05
1.050816483969139792e-05
1.050124502252092736e-05
1.049434183022578167e-05
1.048745691714818530e-05
1.048057355123146992e-05
1.047370431175315994e-05
1.046686495827024655e-05
1.046004236020476867e-05
1.045323693112639040e-05
1.044645906066567217e-05
1.043970492990884492e-05
1.043295878811695905e-05
1.042620243977748251e-05
1.041946607068247974e-05
1.041273260573112143e-05
1.040603749884602355e-05
1.039934844536670172e-05
1.039266617162677117e-05
1.038598998832175972e-05
1.037933439415432593e-05
1.037267511007292228e-05
1.036602502402322361e-05
1.035938359502206115e-05
1.035275389914519750e-05
1.034614655190478103e-05
1.033955774021723482e-05
1.033299217206939400e-05
1.032643912114266731e-05
1.031988727671377696e-05
1.031334326091480725e-05
1.030682743742937418e-05
1.030030600758814978e-05
1.029380722721847402e-05
1.028732036564303081e-05
1.028085486684746967e-05
1.027444453315882875e-05
1.026804672442078592e-05
1.026167344107938144e-05
1.025531962029851083e-05
1.024899119386741867e-05
1.024269906900189916e-05
1.023638713022251349e-05
1.023013362841459818e-05
1.022390955692545210e-05
1.021769194854351778e-05
1.021140605779613942e-05
1.020510989958609295e-05
1.019878433657420746e-05
1.019246976642005724e-05
1.018615345719305916e-05
1.017984905354323218e-05
1.017355586276669152e-05
1.016727491171064898e-05
1.016100745353398697e-05
1.015475566649997863e-05
1.014852566203451535e-05
1.014231488346676953e-05
1.013611832372827459e-05
1.012992346109780824e-05
1.012373996214695520e-05
1.011758890731366648e-05
1.011144770159954305e-05
1.010533433598498939e-05
1.009922094804661474e-05
1.009315146981580561e-05
1.008706049173084659e-05
1.008100960587594189e-05
1.007495354648901577e-05
1.006889691549295729e-05
1.006285802347208928e-05
1.005680981568654448e-05
1.005077475929475645e-05
1.004474150308871488e-05
1.003870721129966006e-05
1.003267596184412088e-05
1.002665558716904661e-05
1.002064536589372348e-05
1.001464337277072629e-05
1.000865258220960903e-05
1.000267231561419335e-05
9.996702742931026781e-06
9.990744811838375358e-06
9.984800045180095032e-06
9.978862811442055657e-06
9.972947929804936636e-06
9.967043450198440649e-06
9.961153641712715005e-06
9.955280239835638870e-06
9.949432555009959009e-06
9.943608445569863442e-06
9.937832315258746937e-06
9.932053154182208070e-06
9.926302605946213907e-06
9.920578406825083948e-06
9.914923600743914933e-06
9.909310152811149792e-06
9.903682534550396185e-06
9.898090857524622898e-06
9.892516954439893888e-06
9.886948212214712820e-06
9.881462594089879310e-06
9.876016234261525862e-06
9.870668508000079519e-06
9.865445174446586465e-06
9.860326000042233632e-06
9.855139804460849305e-06
9.849976331653078853e-06
9.844792010375100691e-06
9.839592612533381389e-06
9.834484680162760707e-06
9.829308809242495517e-06
9.824176905378898455e-06
9.819150041536397463e-06
9.814109975770573884e-06
9.809034661065478051e-06
9.803961003453080209e-06
9.798818823179816079e-06
9.793804082067138718e-06
9.788691446060721751e-06
9.783503201869742406e-06
9.778278973763427303e-06
9.772994121770237153e-06
9.767694760380204436e-06
9.762343303448437628e-06
9.757002267876761895e-06
9.751637507664695287e-06
9.746316286564641658e-06
9.740999123789363440e-06
9.735681525308702451e-06
9.730397947162403648e-06
9.725094729701277326e-06
9.719818238928291333e-06
9.714539671335892959e-06
9.709247911829487491e-06
9.704004935934467475e-06
9.698706940977216162e-06
9.693428150284716637e-06
9.688118425241932797e-06
9.682866343669947645e-06
9.677633304928080446e-06
9.672338026807636809e-06
9.667036766711177022e-06
9.661731776888706370e-06
9.656475885298759827e-06
9.651227114711638031e-06
9.645960369757006236e-06
9.640736333072788354e-06
9.635541038626692899e-06
9.630365162851893846e-06
9.625228295421978705e-06
9.620126896492529927e-06
9.615028644371795361e-06
9.609920378829408001e-06
9.604840983748235068e-06
9.599772503886172507e-06
9.594753330002538479e-06
9.589690184450358766e-06
9.584646355147647385e-06
9.579584215865818192e-06
9.574544997251783977e-06
9.569542580938089315e-06
9.564557686144126793e-06
9.559640950615178452e-06
9.554805835056798296e-06
9.549987569447954382e-06
9.545109969850119904e-06
9.540170503603228900e-06
9.535293685185096036e-06
9.530425725751675976e-06
9.525564110724999586e-06
9.520726618143561876e-06
9.515871524284836281e-06
9.511068181780639929e-06
9.506352711687993440e-06
9.501761095223406031e-06
9.497271995789182138e-06
9.492890466692602034e-06
9.488593547761157017e-06
9.484385216339223922e-06
9.480203614748204606e-06
9.476087090905796882e-06
9.471938923431995859e-06
9.467822314978084676e-06
9.463781704003245451e-06
9.459734913496720607e-06
9.455733573224786952e-06
9.451835046792739982e-06
9.447942886199518322e-06
9.444180514272940670e-06
9.440425459332923324e-06
9.436698719860721755e-06
9.433186480756998251e-06
9.429663831294955812e-06
9.426200428291789217e-06
9.422791611033402718e-06
9.419430816761716351e-06
9.416057743743129179e-06
9.412758751871296931e-06
9.409571134630958424e-06
9.406219928294787914e-06
9.402881448673476578e-06
9.399421072658185628e-06
9.395900795738672585e-06
9.392273993867232830e-06
9.388518146275463957e-06
9.384748691814101822e-06
9.380945284914932579e-06
9.377000523347031578e-06
9.373031776558729983e-06
9.368969002761369538e-06
9.364768567342115452e-06
9.360559024972881943e-06
9.356371505159626089e-06
9.352199291933251666e-06
9.348089362749360381e-06
9.343969994526075246e-06
9.339867192469959853e-06
9.335635830506892240e-06
9.331426837692070785e-06
9.327133267868148315e-06
9.322848791474964812e-06
9.318613310293650466e-06
9.314347692703054830e-06
9.310163218202409120e-06
9.305939568552077106e-06
9.301701957103174995e-06
9.297535177151939440e-06
9.293393127164306590e-06
9.289229161410691700e-06
9.285040046761947470e-06
9.280852457946492574e-06
9.276631650601558222e-06
9.272433624482241630e-06
9.268297886830467535e-06
9.264144904222182882e-06
9.260039126030531422e-06
9.255927129749842925e-06
9.251728662824880360e-06
9.247423882230244510e-06
9.243159493592155855e-06
9.238915856620909551e-06
9.234670754322559750e-06
9.230449661009148174e-06
