4.194328471317677213e+03
5.451190203995519369e+03
5.451190203995519369e+03
4.471902182704213374e+03
5.648181380773376986e+03
5.454932541097380636e+03
5.126422932982239217e+03
5.823756493335878986e+03
4.831606402513044486e+03
4.966724970024010872e+03
5.291066513001203020e+03
5.430703520119090172e+03
4.760022548160053702e+03
5.363445902633224250e+03
4.801496002918562226e+03
6.063024410070866907e+03
5.319638611762653454e+03
5.038514640063865045e+03
4.918849736483449306e+03
5.117638236980989859e+03
4.899408817291879132e+03
5.078724442891160834e+03
4.816514842048082755e+03
5.318928788917385646e+03
4.815054541277700991e+03
4.572401075642493197e+03
4.945655690368413161e+03
4.255105790167656778e+03
4.439779497007163627e+03
4.901820275905052767e+03
5.295699329576664240e+03
4.004742157682426296e+03
4.549831378860966652e+03
5.042247625842068373e+03
5.237933293400036746e+03
4.953062427382354144e+03
5.272997486394266161e+03
5.115195316579605787e+03
3.922755765019237970e+03
5.841650642697733929e+03
5.841153669960543994e+03
4.643728404802061050e+03
5.449767758978171514e+03
5.419054098887167129e+03
4.213085566726785146e+03
5.718247915390242269e+03
5.082305076615311009e+03
5.805400992383589255e+03
5.559411614550493141e+03
6.015925095008125027e+03
4.574288297557931401e+03
5.495435957791640249e+03
4.286058835922014623e+03
4.761439829827908397e+03
6.639531295943124860e+03
5.112610620445640961e+03
5.235051395625147961e+03
5.479472899368040999e+03
5.382908284661591097e+03
4.555777824309059724e+03
4.843735019346891931e+03
5.202004436207005710e+03
4.875841544836680441e+03
5.564505245394959275e+03
4.763412954332889058e+03
4.915856816535158941e+03
4.752398676369195528e+03
5.894116923816346571e+03
5.589593721651967826e+03
4.060670456903421837e+03
5.539796834744789521e+03
4.575747973968824226e+03
4.212756947609386771e+03
4.537513936592231403e+03
5.059781351660483779e+03
5.064407389249900007e+03
6.214435720380652128e+03
4.839501508914328952e+03
5.066433485028521318e+03
4.990604886372402689e+03
5.352950689357452575e+03
5.209144601408982453e+03
4.718184197861766734e+03
5.469921747294671150e+03
4.719442591712213471e+03
5.245716674668185078e+03
5.038803467650811399e+03
4.512796702664297300e+03
5.507396255572990412e+03
4.728636309524660646e+03
5.643785944634692896e+03
4.292894980049332844e+03
5.416921319342956849e+03
6.495177252177011724e+03
4.886888145002681085e+03
5.256863237705163556e+03
4.711539363340246382e+03
5.027492841714366477e+03
5.450728080085351394e+03
4.789937303965681167e+03
