3.289587499999586939e-05
2.974460829301025684e-05
4.686934812052904786e-05
4.716941643719100723e-05
4.311456213973680567e-05
3.936230711734267260e-05
3.801604666411850222e-05
3.736907886196903246e-05
3.527491599493297482e-05
3.347035593124757935e-05
3.208446676576347787e-05
3.241694243389272158e-05
3.287575397576207299e-05
3.290003848830228060e-05
3.403308330358019088e-05
3.526581364156096811e-05
3.635580620620140069e-05
3.630173083713158659e-05
3.664243719750011216e-05
3.691216574975607150e-05
3.653660673072984318e-05
3.675271136240073721e-05
3.635136061545989544e-05
3.601417990420303699e-05
3.578662288612185832e-05
3.594064324421014634e-05
3.600878122818369092e-05
3.610621192910962678e-05
3.634598978201857819e-05
3.675616918794425862e-05
3.725140036118329919e-05
3.774394705260692410e-05
3.804033708609536648e-05
3.836876612622724654e-05
3.871773138459022931e-05
3.905075142748386230e-05
3.935419355504784686e-05
3.990455769222349999e-05
4.037136237736186565e-05
4.086552191575218250e-05
4.129091587806106079e-05
4.148894363379114860e-05
4.161313047557811890e-05
4.170342116379159651e-05
4.171188280262598492e-05
4.169013367764415849e-05
4.159837315218650874e-05
4.152600647474198874e-05
4.148388342265836608e-05
4.136286346492656809e-05
4.122614803081778219e-05
4.114278615181262100e-05
4.103411436219554949e-05
4.088669362397160826e-05
4.078800098076999314e-05
4.068783338904655991e-05
4.062771330030792803e-05
4.046825638536494392e-05
4.035209711786335516e-05
4.018834732894677447e-05
4.004340827816789541e-05
3.986904574724103829e-05
3.969490826917075366e-05
3.954561649552376098e-05
3.935754233143398922e-05
3.917197875330727798e-05
3.898842438843003785e-05
3.879414275493920538e-05
3.857269961812177973e-05
3.835179616125545252e-05
3.811415757552563395e-05
3.787703882002087073e-05
3.765111689466888064e-05
3.742265759964579321e-05
3.718551342294384602e-05
3.695524127482459022e-05
3.672081450236751689e-05
3.649523594573171815e-05
3.626664627007514930e-05
3.604291445877667822e-05
3.582378443605327650e-05
3.561624889156011836e-05
3.540457157465315581e-05
3.519562978874061918e-05
3.498969465298531388e-05
3.478883715748275343e-05
3.459197722998934765e-05
3.439964780419759360e-05
3.422224304730163679e-05
3.405207302696383522e-05
3.388170681101747322e-05
3.370230715897130279e-05
3.352715428650985050e-05
3.335802962009390893e-05
3.319414671670002870e-05
3.302833031820906750e-05
3.286491485527636948e-05
3.270379269822873506e-05
3.255010285650721821e-05
3.239528928950880855e-05
3.224929037709503864e-05
3.209778495692120045e-05
3.195513662598582208e-05
3.181754395568575552e-05
3.168506691385508466e-05
3.155388539241708488e-05
3.142177145697467341e-05
3.129728862859406996e-05
3.117293311961742149e-05
3.104831905402981004e-05
3.093184884186517096e-05
3.081185817502728392e-05
3.069393144530407105e-05
3.057187021729029276e-05
3.046309333231565756e-05
3.035112639177458405e-05
3.023562593837399946e-05
3.012706350338843512e-05
3.002025299311351640e-05
2.990877588358633454e-05
2.979114789562383795e-05
2.967470219032714227e-05
2.955868938054279779e-05
2.944754910995224870e-05
2.933895970246665877e-05
2.923424357365737630e-05
2.912966620086139541e-05
2.902447427295486146e-05
2.891929979676734571e-05
2.881646475297309874e-05
2.871319429278953366e-05
2.860721712234087777e-05
2.850081119489467145e-05
2.839794225323393981e-05
2.829750391453026817e-05
2.819808424868969985e-05
2.809989149674202178e-05
2.800245610027981180e-05
2.790844934778654365e-05
2.781360203388955405e-05
2.772154288736347949e-05
2.762879496789215748e-05
2.753802674724622587e-05
2.744749989614078857e-05
2.735999137494166944e-05
2.727413928096366819e-05
2.718584746187726941e-05
2.709805565700752693e-05
2.701321841368905174e-05
2.692623177594478687e-05
2.684124684943630052e-05
2.675947270151230432e-05
2.668083357686516224e-05
2.660370021258989858e-05
2.652720517060961280e-05
2.645067243171609215e-05
2.637767106916693227e-05
2.630538770810877475e-05
2.623217755716330030e-05
2.615949398018674682e-05
2.608689321520579312e-05
2.601686648453412697e-05
2.594486052169411790e-05
2.587362571526212633e-05
2.580541195194545746e-05
2.573542607558748760e-05
2.567202405858804907e-05
2.560341401704177892e-05
2.553686476543681427e-05
2.546851453094060061e-05
2.540097362776213031e-05
2.533564004590523644e-05
2.526738019175631608e-05
2.519922661310113144e-05
2.513195035672001698e-05
2.506457665526435415e-05
2.499678268775012781e-05
2.493015027523031918e-05
2.486293476402516694e-05
2.479755637804035976e-05
2.473512263727329136e-05
2.467202170078547970e-05
2.460816551392106604e-05
2.454475126866970138e-05
2.448184879202272582e-05
2.442069164257614481e-05
2.435870939135693556e-05
2.429722443159379409e-05
2.423555462244001289e-05
2.417491656247437840e-05
2.411566161014792547e-05
2.405607808876802773e-05
2.399753779589776788e-05
2.393812159617897083e-05
2.387833122128723841e-05
2.381914727176102648e-05
2.376053149419184775e-05
2.370336891370196513e-05
2.364711191325941702e-05
2.359265802101999035e-05
2.353771873887835196e-05
2.348441397068563299e-05
2.343193240261237060e-05
2.338040892286571233e-05
2.332804330754323840e-05
2.327685080877801599e-05
2.322509268279432306e-05
2.317398004303442775e-05
2.312313955866587492e-05
2.307327789670332374e-05
2.302197190745160560e-05
2.297052063701674322e-05
2.292041063624818066e-05
2.287025564781360729e-05
2.282123682831075045e-05
2.277350892543437779e-05
2.272626730112780824e-05
2.267944707859397504e-05
2.263250711781477457e-05
2.258617775901059909e-05
2.254181546376761067e-05
2.249745783791312143e-05
2.245310608619700341e-05
2.240899173531690156e-05
2.236417017234486852e-05
2.231845712442503919e-05
2.227239335370203395e-05
2.222612799375392191e-05
2.218007054061922503e-05
2.213451778332184227e-05
2.208841959236650020e-05
2.204300988842779313e-05
2.199799722904029434e-05
2.195283585408323279e-05
2.190827929436538673e-05
2.186312914058726253e-05
2.181835487677633828e-05
2.177392335554031229e-05
2.173027251180667272e-05
2.168786207806922990e-05
2.164600127190598728e-05
2.160419989509096024e-05
2.156333206925072519e-05
2.152137045893853589e-05
2.147967256237335660e-05
2.143815013043936122e-05
2.139759908333715985e-05
2.135806008386702108e-05
2.131846621509589858e-05
2.127945364251406378e-05
2.124027037608416528e-05
2.120111038665474499e-05
2.116235943187364665e-05
2.112461597664937662e-05
2.108710553048959651e-05
2.104942526371042375e-05
2.101032505514412792e-05
2.097272591031420447e-05
2.093549589020720188e-05
2.090024580859242031e-05
2.086468921694650019e-05
2.083015760508123332e-05
2.079572883095449134e-05
2.076102662235649007e-05
2.072717895218054786e-05
2.069225625221473745e-05
2.065696975597527653e-05
2.062245280969653101e-05
2.058789607248388452e-05
2.055251027957236289e-05
2.051824357044307001e-05
2.048404329731306732e-05
2.045079151159774199e-05
2.041711263387457605e-05
2.038409414083119483e-05
2.035023653582450660e-05
2.031656715958573810e-05
2.028216248829097684e-05
2.024805192542357592e-05
2.021381237042137782e-05
2.017991477642973024e-05
2.014652874910304763e-05
2.011438291795094593e-05
2.008219720433756147e-05
2.004979943210237191e-05
2.001813364594432125e-05
1.998625308719825076e-05
1.995473574730306066e-05
1.992303130472652698e-05
1.989076076964706169e-05
1.985956235592996458e-05
1.982896628108198791e-05
1.979859611916644924e-05
1.976808285837348728e-05
1.973733496700390673e-05
1.970664107529671009e-05
1.967638826985837206e-05
1.964760882216763435e-05
1.961943589842628471e-05
1.959162039814099144e-05
1.956479432261842703e-05
1.953833369715511834e-05
1.951154105306942624e-05
1.948329252926896238e-05
1.945543885364752314e-05
1.942684456475436114e-05
1.939763069104461074e-05
1.936980046271394862e-05
1.934187313928709877e-05
1.931317704806406849e-05
1.928459418888189817e-05
1.925567553789691707e-05
1.922709369845757981e-05
1.919889212986819420e-05
1.917163084360598064e-05
1.914407331467545518e-05
1.911642854283197613e-05
1.908947757811840559e-05
1.906263256231819088e-05
1.903555939679449404e-05
1.900864682140578120e-05
1.898320097170359811e-05
1.895653647488961378e-05
1.893056475199920432e-05
1.890433857612335908e-05
1.887817100652560852e-05
1.885245519836483639e-05
1.882712813522702242e-05
1.880217598303571765e-05
1.877763715428991005e-05
1.875312459064583945e-05
1.872901821512466659e-05
1.870555909636434355e-05
1.868158982703735293e-05
1.865760062880146008e-05
1.863427175298715301e-05
1.861115506391476418e-05
1.858815396712010562e-05
1.856413131619443678e-05
1.854126890500826027e-05
1.851712580551912493e-05
1.849298107945925479e-05
1.846917521679896808e-05
1.844599675320303343e-05
1.842278601506958102e-05
1.839922219946223066e-05
1.837551739532047171e-05
1.835234688643973510e-05
1.832982284521698189e-05
1.830686892173759230e-05
1.828479405997136763e-05
1.826274632919853806e-05
1.824078089744774370e-05
1.821913314645065492e-05
1.819735265475810637e-05
1.817522191786762162e-05
1.815377697229940968e-05
1.813148769536469671e-05
1.810950685467157482e-05
1.808759816051335061e-05
1.806593842864092121e-05
1.804396479897181016e-05
1.802213555392435891e-05
1.800009896789113033e-05
1.797822579432942748e-05
1.795671202858248292e-05
1.793556447580302773e-05
1.791409422057177936e-05
1.789298045433880479e-05
1.787143447949051756e-05
1.784993926442443138e-05
1.782850054974813745e-05
1.780753073938337472e-05
1.778627105098416682e-05
1.776528248210571708e-05
1.774417888689902906e-05
1.772346552019876399e-05
1.770249168339379570e-05
1.768152647045920676e-05
1.766099466429773811e-05
1.763992748124410085e-05
1.761933839223364933e-05
1.759929952812880002e-05
1.757908958397691357e-05
1.755880004914515179e-05
1.753907679808318143e-05
1.752021847546109232e-05
1.750172866254445041e-05
1.748244985284663029e-05
1.746381730954345759e-05
1.744501554806079740e-05
1.742721224223598754e-05
1.740900770308205736e-05
1.739140263620739843e-05
1.737366741490350288e-05
1.735682521148993875e-05
1.733890733036662745e-05
1.732109378172064912e-05
1.730350422645573452e-05
1.728625684206264309e-05
1.726903809136921442e-05
1.725248582414866511e-05
1.723639849684404916e-05
1.722018320249973477e-05
1.720457017022531372e-05
1.718908231598754703e-05
1.717360337509610547e-05
1.715852450113197701e-05
1.714296645139915367e-05
1.712733791328175122e-05
1.711161798691600728e-05
1.709468053045569387e-05
1.707777026072186636e-05
1.706085239799176589e-05
1.704330101558811946e-05
1.702566088063351020e-05
1.700797314775217854e-05
1.699000219602784270e-05
1.697235612920614824e-05
1.695480267228729009e-05
1.693673850326407734e-05
1.691941778402210447e-05
1.690198470058595294e-05
1.688468137286921173e-05
1.686736152975150220e-05
1.684952505794869886e-05
1.683184955819938555e-05
1.681393336571770190e-05
1.679600177887302510e-05
1.677802449703324133e-05
1.676023654037895073e-05
1.674277273367430271e-05
1.672523884214502946e-05
1.670804065928446517e-05
1.669058430829750778e-05
1.667347043188501359e-05
1.665663026962478792e-05
1.663998891862759102e-05
1.662321622994941873e-05
1.660637666220547091e-05
1.658966768130190259e-05
1.657334303536483883e-05
1.655728172361535053e-05
1.654108447018595899e-05
1.652522510802556494e-05
1.650963217059443067e-05
1.649341628782055621e-05
1.647720283245570762e-05
1.646129976746966701e-05
1.644523635278456538e-05
1.642925131424313972e-05
1.641320242864826285e-05
1.639753083151897523e-05
1.638187176820022831e-05
1.636630672006112542e-05
1.635040959104685780e-05
1.633434244586878746e-05
1.631869295168038650e-05
1.630344986136216754e-05
1.628800425785821657e-05
1.627285858185233545e-05
1.625790400083952476e-05
1.624297107712499683e-05
1.622814717936520317e-05
1.621349504456759009e-05
1.619909474460243782e-05
1.618482609462885635e-05
1.617037136448925226e-05
1.615615190964476438e-05
1.614220382917793751e-05
1.612828041821025743e-05
1.611376702161644803e-05
1.609943496915434939e-05
1.608559033553073981e-05
1.607120353412265024e-05
1.605697869032478986e-05
1.604285574569585201e-05
1.602899243267908987e-05
1.601481593324709354e-05
1.600038884489525360e-05
1.598649309045278600e-05
1.597251415928890449e-05
1.595845442800130024e-05
1.594449585881691625e-05
1.593070896269012084e-05
1.591695447195636112e-05
1.590300804271418958e-05
1.588908532097409144e-05
1.587532432395016228e-05
1.586088224941310340e-05
1.584670505926774465e-05
1.583293376465284613e-05
1.581961973247113340e-05
1.580634223639791668e-05
1.579311916000235018e-05
1.578034435324782213e-05
1.576784029693363836e-05
1.575476903517438707e-05
1.574200756486722296e-05
1.572955640253533092e-05
1.571710009674782439e-05
1.570476147700858541e-05
1.569181264796200759e-05
1.567881436071285459e-05
1.566631086467252707e-05
1.565409183030502078e-05
1.564176589311681913e-05
1.562979953904890934e-05
1.561746497187291749e-05
1.560518343134355724e-05
1.559284947279316580e-05
1.558067481736893895e-05
1.556849081330436406e-05
1.555656639708154071e-05
1.554476218731929327e-05
1.553294137098784107e-05
1.552092310008521857e-05
1.550910302005662058e-05
1.549753800860739216e-05
1.548648372008600360e-05
1.547565355107958772e-05
1.546499289638429865e-05
1.545455604718541269e-05
1.544419832116208444e-05
1.543419939970058647e-05
1.542410372801481146e-05
1.541418563682688599e-05
1.540440578587168793e-05
1.539491312861298076e-05
1.538590858427531043e-05
1.537694416269534629e-05
1.536735192175037802e-05
1.535842452189012543e-05
1.534951440769486477e-05
1.534083347705930071e-05
1.533238723328861176e-05
1.532382934749804476e-05
1.531570347239746900e-05
1.530687671224409134e-05
1.529856261799792739e-05
1.528964143197489273e-05
1.528092570893563955e-05
1.527198226524118755e-05
1.526283998649846597e-05
1.525355588868156509e-05
1.524415485987605180e-05
1.523473501104228649e-05
1.522510043213057099e-05
1.521513305069244822e-05
1.520547202465886595e-05
1.519570939488718742e-05
1.518656159438242078e-05
1.517730968714212496e-05
1.516853881353260901e-05
1.515940645334781087e-05
1.515075591765325460e-05
1.514237472051729218e-05
1.513423343049854603e-05
1.512678860780149097e-05
1.511912882579507559e-05
1.511143711557869791e-05
1.510379708221877202e-05
1.509611966224422558e-05
1.508871729855698930e-05
1.508136025065904981e-05
1.507339228259705756e-05
1.506558541924480434e-05
1.505739860625481658e-05
1.504896273298899922e-05
1.504012426009737800e-05
1.503152251583344784e-05
1.502235168040210645e-05
1.501310740872836879e-05
1.500386253715078159e-05
1.499445845747124481e-05
1.498558650377753220e-05
1.497631230850933726e-05
1.496688858826288378e-05
1.495759807273926955e-05
1.494804812131932574e-05
1.493881698281526159e-05
1.492936611550339481e-05
1.492017283668017342e-05
1.491101197019992863e-05
1.490154173255672061e-05
1.489223945820995331e-05
1.488241493946789433e-05
1.487276038765752173e-05
1.486322559586879835e-05
1.485375102063752165e-05
1.484436785901699921e-05
1.483526916136996823e-05
1.482643154124187195e-05
1.481749569512793179e-05
1.480836238217175338e-05
1.479960920875808103e-05
1.479109499386080791e-05
1.478232593582250760e-05
1.477381592469269895e-05
1.476579250991292107e-05
1.475779337337134090e-05
1.474948091254383601e-05
1.474160561639402413e-05
1.473357791554535400e-05
1.472567284280199266e-05
1.471804388928588274e-05
1.470980541822515505e-05
1.470146736178569787e-05
1.469277760667463256e-05
1.468408107128592549e-05
1.467559202497719948e-05
1.466725739998613894e-05
1.465890811100477879e-05
1.465051727294736965e-05
1.464240460592602498e-05
1.463424711503322860e-05
1.462615058023856399e-05
1.461787363475557130e-05
1.460974968824448409e-05
1.460179156614989329e-05
1.459392931223852508e-05
1.458599584804026960e-05
1.457813632931453148e-05
1.457039957457447026e-05
1.456258356643709020e-05
1.455487253371240084e-05
1.454713875964967312e-05
1.453949991006434928e-05
1.453196953914618909e-05
1.452454026279247403e-05
1.451709518414403265e-05
1.450964401660873840e-05
1.450218681617884705e-05
1.449459785836973132e-05
1.448681933767761629e-05
1.447915892899872330e-05
1.447092363591673962e-05
1.446231910844911367e-05
1.445351814000287137e-05
1.444476033557815501e-05
1.443619904204415379e-05
1.442762031649119117e-05
1.441906209193965469e-05
1.441077697767707322e-05
1.440217007890369948e-05
1.439404838358958281e-05
1.438555853327675975e-05
1.437716541509568315e-05
1.436888943951049585e-05
1.436069890884924143e-05
1.435219905059408110e-05
1.434362836968163714e-05
1.433480104409480198e-05
1.432594430055786405e-05
1.431715556791917324e-05
1.430844259855600664e-05
1.429960750838459614e-05
1.429076699497235820e-05
1.428200769636399439e-05
1.427336134970652361e-05
1.426481587219831854e-05
1.425598152966367634e-05
1.424727191127078311e-05
1.423857050009856633e-05
1.422993200295438819e-05
1.422112243214376705e-05
1.421247113360134181e-05
1.420379987273091386e-05
1.419494826006648909e-05
1.418610207734313413e-05
1.417723858109409991e-05
1.416855637616717244e-05
1.415979079002329530e-05
1.415108226182341497e-05
1.414226725517735389e-05
1.413357242997568404e-05
1.412488953033946030e-05
1.411603919623718481e-05
1.410723566568508734e-05
1.409836319222444497e-05
1.408962451192441304e-05
1.408100777605885078e-05
1.407224262905907978e-05
1.406364649655713043e-05
1.405495101135147417e-05
1.404638133242404961e-05
1.403754244056538397e-05
1.402867208473166197e-05
1.401979219715819481e-05
1.401103355242710274e-05
1.400228358504602589e-05
1.399363241226836587e-05
1.398492738379284195e-05
1.397633843704422942e-05
1.396776148299855968e-05
1.395930951525815639e-05
1.395076446540899882e-05
1.394225959191038758e-05
1.393371450156550469e-05
1.392524842999455423e-05
1.391669322215714438e-05
1.390821898372966978e-05
1.389989679383091752e-05
1.389169212225663523e-05
1.388319814853192226e-05
1.387461715513116451e-05
1.386593405148485992e-05
1.385728777873441039e-05
1.384870924768899973e-05
1.384014219787687087e-05
1.383160801344228419e-05
1.382318705399246300e-05
1.381498114660978059e-05
1.380656465559968862e-05
1.379817526919127301e-05
1.379000660268689302e-05
1.378176871427538453e-05
1.377377230274674494e-05
1.376569987971092096e-05
1.375766072711851257e-05
1.374978440397671233e-05
1.374179239471843516e-05
1.373386575594352725e-05
1.372605566539860118e-05
1.371806120953286948e-05
1.371019854571282540e-05
1.370240318873473544e-05
1.369465464899192827e-05
1.368695076275202666e-05
1.367941871068286796e-05
1.367163812529024073e-05
1.366396510725145159e-05
1.365634835072481145e-05
1.364879111525026832e-05
1.364139543290796247e-05
1.363393510891821242e-05
1.362650436951188230e-05
1.361919552289014993e-05
1.361189823249608899e-05
1.360470415845580664e-05
1.359744407870906277e-05
1.359015461152262242e-05
1.358293089707499011e-05
1.357566746021232195e-05
1.356844312448046644e-05
1.356113352004482085e-05
1.355393951153335358e-05
1.354671439828159035e-05
1.353941792075821319e-05
1.353237992460123822e-05
1.352520893493858971e-05
1.351795750345690789e-05
1.351085655684244547e-05
1.350355168395132551e-05
1.349626179276715282e-05
1.348891669509956262e-05
1.348147186458683291e-05
1.347413611851974898e-05
1.346681963309983123e-05
1.345954251388707982e-05
1.345221743819521365e-05
1.344483714415453826e-05
1.343753043036859924e-05
1.343016966582603261e-05
1.342290735716388071e-05
1.341561300649500594e-05
1.340836474153702495e-05
1.340120263513200589e-05
1.339399706377114815e-05
1.338690144272461428e-05
1.337986478736948663e-05
1.337285816513567358e-05
1.336590539472394560e-05
1.335903791932225234e-05
1.335208960101602110e-05
1.334538845887008538e-05
1.333890369355792117e-05
1.333247875684943710e-05
1.332626333504520221e-05
1.332008986612154757e-05
1.331359210586191738e-05
1.330703377315549602e-05
1.330062212715722761e-05
1.329406485237200278e-05
1.328755728221991633e-05
1.328119089031281921e-05
1.327486855710730121e-05
1.326826065794216617e-05
1.326148044207156242e-05
1.325480935495353588e-05
1.324822225477367153e-05
1.324162950549788361e-05
1.323498769678612849e-05
1.322831167098618376e-05
1.322152530376710814e-05
1.321481066584294022e-05
1.320801063164970956e-05
1.320123904543713930e-05
1.319431743362077018e-05
1.318742403559266576e-05
1.318058440980802300e-05
1.317372677846463750e-05
1.316693263059544985e-05
1.316007609270414155e-05
1.315308275434931323e-05
1.314604942381945549e-05
1.313909111330343300e-05
1.313225579440539588e-05
1.312542090216378351e-05
1.311855416204039036e-05
1.311168247265891214e-05
1.310477906379543112e-05
1.309787220966667917e-05
1.309096692361579727e-05
1.308420137887380400e-05
1.307740303577985692e-05
1.307062994482952398e-05
1.306372475527752619e-05
1.305669579771908499e-05
1.304960861114416794e-05
1.304255428971077241e-05
1.303550630205930687e-05
1.302836887729752046e-05
1.302123293538580115e-05
1.301415126206876073e-05
1.300695709747564357e-05
1.299977692898094863e-05
1.299253626513902549e-05
1.298527005342194999e-05
1.297805084702598823e-05
1.297089292703537469e-05
1.296371975082938749e-05
1.295653754016370666e-05
1.294929773883921303e-05
1.294208644363372399e-05
1.293486993101044043e-05
1.292763730548304660e-05
1.292035945243236614e-05
1.291307702252834607e-05
1.290581566587489581e-05
1.289859845117140140e-05
1.289141903483812655e-05
1.288416817442273571e-05
1.287695403563244301e-05
1.286985536143415137e-05
1.286284243657375396e-05
1.285582314634265586e-05
1.284873317168604635e-05
1.284155128863523354e-05
1.283440853479615605e-05
1.282722859940349840e-05
1.281998965219685577e-05
1.281282673201711975e-05
1.280567562506414162e-05
1.279854075650612038e-05
1.279142210855686676e-05
1.278427215597732317e-05
1.277713591190553451e-05
1.277003014887059932e-05
1.276299901794653789e-05
1.275601764883767069e-05
1.274907529256212345e-05
1.274222721260791786e-05
1.273543791496396263e-05
1.272863066488094883e-05
1.272187255855624388e-05
1.271502478519179519e-05
1.270817390609700109e-05
1.270132974271331731e-05
1.269451566958678477e-05
1.268775110962846741e-05
1.268092669041374345e-05
1.267405565377535817e-05
1.266715087607447254e-05
1.266025708564788598e-05
1.265340585042124525e-05
1.264662741514346556e-05
1.263977097643108074e-05
1.263301249924961862e-05
1.262627890356419843e-05
1.261947486896303574e-05
1.261265357103393107e-05
1.260583952838253268e-05
1.259905762494185216e-05
1.259224543228111579e-05
1.258540330460629681e-05
1.257857590302363781e-05
1.257174238261938359e-05
1.256490996566376912e-05
1.255795248744670654e-05
1.255103887845216862e-05
1.254413758252516303e-05
1.253723955953591524e-05
1.253032228679647680e-05
1.252343756877214352e-05
1.251657422775965509e-05
1.250971403702202100e-05
1.250287990200648945e-05
1.249605376677598794e-05
1.248926956970523714e-05
1.248253448632169917e-05
1.247586272807559744e-05
1.246916233296028477e-05
1.246247306695895652e-05
1.245576472028911877e-05
1.244910783267569638e-05
1.244238118872722228e-05
1.243565553507913783e-05
1.242894105673077469e-05
1.242225508791416780e-05
1.241557656618214267e-05
1.240892063120258983e-05
1.240226743899350662e-05
1.239565624216591178e-05
1.238904356766050068e-05
1.238244145363785535e-05
1.237581702012373337e-05
1.236922963064722994e-05
1.236271948798511148e-05
1.235623845149912284e-05
1.234973400023371099e-05
1.234325360057854243e-05
1.233674811496804073e-05
1.233026329267526034e-05
1.232375470135263630e-05
1.231724142995444587e-05
1.231072981775702192e-05
1.230426591982515050e-05
1.229783069473855087e-05
1.229143282136231423e-05
1.228502529513009756e-05
1.227864378545629365e-05
1.227224317966040622e-05
1.226588510992536553e-05
1.225952413053545375e-05
1.225315409216115455e-05
1.224678790127218414e-05
1.224046422743760675e-05
1.223411145432918807e-05
1.222775951490763344e-05
1.222144964502848316e-05
1.221515647485971540e-05
1.220886608727986521e-05
1.220259645310384752e-05
1.219632560254907125e-05
1.219004836753736700e-05
1.218375430470182479e-05
1.217747845244396645e-05
1.217123629094827177e-05
1.216501907278572231e-05
1.215880376590675338e-05
1.215263301891161290e-05
1.214644649381008141e-05
1.214028863782843529e-05
1.213415061434477842e-05
1.212800362288171003e-05
1.212185886720329205e-05
1.211578558467570393e-05
1.210973293685469723e-05
1.210368372695674266e-05
1.209767418656810540e-05
1.209166121048513928e-05
1.208562194470669223e-05
1.207957173203106481e-05
1.207351163930656756e-05
1.206748566309625964e-05
1.206146457738231699e-05
1.205545907354904772e-05
1.204946910240964667e-05
1.204353961871360949e-05
1.203760117697651695e-05
1.203167094907750003e-05
1.202573024651881502e-05
1.201979176289865544e-05
1.201389044780617467e-05
1.200804466063406161e-05
1.200218516611502011e-05
1.199639139015752900e-05
1.199058016945091500e-05
1.198480333100831482e-05
1.197896593582323110e-05
1.197312501275101443e-05
1.196724862270050212e-05
1.196138840161841633e-05
1.195550585104940772e-05
1.194964518449677923e-05
1.194380245935926693e-05
1.193795889742139229e-05
1.193212403848376405e-05
1.192627759015703300e-05
1.192054347766704914e-05
1.191473459206436407e-05
1.190892061908029784e-05
1.190310481702818461e-05
1.189738946437316429e-05
1.189166648111747231e-05
1.188596724580438132e-05
1.188023218954850377e-05
1.187452633493567453e-05
1.186883756326061147e-05
