3.099362700000024562e-03
2.191782275917832611e-03
1.796588423048245311e-03
1.615155931148772516e-03
1.447877078164524524e-03
1.354615772953532979e-03
1.255406867321396704e-03
1.201974736399268138e-03
1.134105524887724483e-03
1.095682032728256469e-03
1.062271949508531311e-03
1.030198765393742708e-03
1.028236051591394865e-03
1.045820431978970646e-03
1.054082731272659636e-03
1.065541724579399229e-03
1.113560684351720242e-03
1.131632037801747663e-03
1.134223147541415675e-03
1.138647995773497523e-03
1.159567982686284362e-03
1.194402715011780259e-03
1.210056007761197870e-03
1.241441463831328626e-03
1.259793995124368262e-03
1.287802161980207026e-03
1.300883488934111371e-03
1.316683591018388659e-03
1.330815125016906065e-03
1.343234837322972034e-03
1.360375364059891214e-03
1.371274721456447118e-03
1.387130771524734815e-03
1.398293467716504304e-03
1.405487111487756279e-03
1.418804494069452089e-03
1.424571691504142919e-03
1.432727170045765622e-03
1.436247386691760297e-03
1.438729517263090570e-03
1.438435999257974387e-03
1.437626378106063828e-03
1.432719416050752060e-03
1.427289750873769400e-03
1.420508924954539840e-03
1.415773109470808448e-03
1.409757055142796993e-03
1.402883067206273050e-03
1.395058648985909953e-03
1.387966425085993341e-03
1.380370583736892278e-03
1.372210923097869420e-03
1.365238582775379992e-03
1.356698948617452534e-03
1.349052873210437008e-03
1.341810162113501580e-03
1.333294581705887945e-03
1.324068540131185081e-03
1.315657001086754842e-03
1.308676819111443540e-03
1.301351112217569942e-03
1.294652044453692766e-03
1.287597625678466636e-03
1.281815829362279975e-03
1.275129807118838840e-03
1.269135319058078146e-03
1.264187829572056398e-03
1.258865054898268294e-03
1.253097148723760195e-03
1.246492037888065167e-03
1.241356477181713080e-03
1.235544448904880377e-03
1.230044618104206506e-03
1.224385928749666293e-03
1.219069430874516547e-03
1.213730848189409220e-03
1.208385487124974010e-03
1.203239698926596114e-03
1.198204354942142974e-03
1.192596610853617015e-03
1.187174993082260564e-03
1.181107002426109694e-03
1.175235608012374774e-03
1.169427371003754421e-03
1.164159217194871143e-03
1.158620070712489862e-03
1.153327760858661229e-03
1.148542786367378775e-03
1.143642204313083865e-03
1.138833151314239036e-03
1.133994492737926563e-03
1.128741788237506679e-03
1.123955803080114177e-03
1.119666747958926846e-03
1.115350516466768202e-03
1.111058885532005634e-03
1.107064195122271690e-03
1.103140057878083686e-03
1.099240916183978319e-03
1.095230223840477175e-03
1.091113475148899501e-03
1.086846983325117765e-03
1.082613687899334348e-03
1.078305470427673484e-03
1.074120528287812173e-03
1.070011480864761257e-03
1.065812302706650944e-03
1.061631332608635458e-03
1.057480843624656859e-03
1.053445108104588508e-03
1.049373919139744496e-03
1.045504766034945597e-03
1.041762666289456447e-03
1.037793150513537143e-03
1.034031778632692536e-03
1.030093531923510384e-03
1.026318740004598636e-03
1.022640878945903047e-03
1.018846154230786246e-03
1.015125647456951302e-03
1.011454677877332998e-03
1.007842048320229441e-03
1.004328062056264719e-03
1.000839324222720182e-03
9.974495131324708375e-04
9.941249351076817016e-04
9.908258606038751384e-04
9.875132588200330897e-04
9.843934785761195624e-04
9.812219310943095119e-04
9.781163819571046282e-04
9.750725389212315389e-04
9.721271435395492091e-04
9.692734226509377819e-04
9.664245610829903061e-04
9.635402021856961713e-04
9.606387654467048133e-04
9.578214584470021251e-04
9.550066736407669720e-04
9.520874795299308531e-04
9.492772362149531950e-04
9.464043910680768751e-04
9.435894773383978612e-04
9.407072392953286059e-04
9.377929340281633075e-04
9.349999284663525721e-04
9.322639810387499263e-04
9.295636353576009533e-04
9.266808204479069170e-04
9.237879945521114801e-04
9.208732300935595525e-04
9.180049742178259193e-04
9.151526214467947630e-04
9.123401113493030245e-04
9.095924504786698575e-04
9.068606888999712493e-04
9.040810093368144632e-04
9.013215629950821527e-04
8.985497962980520253e-04
8.958037070553986339e-04
8.930646331989935092e-04
8.903559287338027629e-04
8.876882597924121675e-04
8.850491386769570191e-04
8.824111226004255175e-04
8.797766285283490240e-04
8.772016484144451627e-04
8.746374503371977032e-04
8.720653482456439034e-04
8.695541275308131968e-04
8.670357855734254788e-04
8.645146380637035817e-04
8.620182429940524910e-04
8.595461087446595308e-04
8.570911270969289392e-04
8.546647812129907693e-04
8.522503498702892416e-04
8.498537140274010308e-04
8.474766412202724107e-04
8.451195396290601567e-04
8.427820431096214862e-04
8.404636716475872172e-04
8.381656250594191363e-04
8.358849888277517307e-04
8.336227922018060081e-04
8.313790152703094682e-04
8.291649149434340230e-04
8.269593733682362256e-04
8.247745630703057825e-04
8.226103628343121692e-04
8.204575477942963827e-04
8.183324196428903808e-04
8.162200217114310352e-04
8.141264778594098969e-04
8.120499476673360062e-04
8.100021669903177202e-04
8.079692610365153899e-04
8.059548694944943100e-04
8.039615158442531186e-04
8.020080782738342419e-04
8.000740238925166652e-04
7.981306320399582160e-04
7.962156227134649595e-04
7.943006024231038685e-04
7.924222299148319477e-04
7.905386006342956899e-04
7.886736790437957369e-04
7.868108023510784641e-04
7.849528538182355165e-04
7.831069792417286049e-04
7.812961461784937974e-04
7.795013388506656692e-04
7.777285141353826965e-04
7.759826661048494856e-04
7.742559116575663388e-04
7.725268731048334911e-04
7.708468669431901409e-04
7.691528483094128930e-04
7.674564017990433834e-04
7.657681897788636352e-04
7.640950257434078480e-04
7.624477094318324799e-04
7.608083108608785670e-04
7.591572395573697053e-04
7.575470642482271975e-04
7.559700095737089190e-04
7.544108375726475864e-04
7.528984816584025075e-04
7.513659063800182808e-04
7.498246584738629556e-04
7.482718646596884723e-04
7.467368435249704820e-04
7.452257556917168523e-04
7.437193448794557219e-04
7.422265161959385512e-04
7.407461164606097366e-04
7.393256226418388989e-04
7.378737047368684725e-04
7.364055700156356930e-04
7.349925576174764575e-04
7.335955916388642827e-04
7.321950028037268066e-04
7.307921482121908577e-04
7.294046086257878004e-04
7.279962276685105231e-04
7.266247188688965261e-04
7.252498283984512573e-04
7.238914362817635900e-04
7.225704792930174539e-04
7.212370812641952494e-04
7.198791092376949363e-04
7.185666986338092423e-04
7.172642626592063515e-04
7.159670813578437182e-04
7.146555924433730268e-04
7.133706638898211104e-04
7.121025213986573697e-04
7.108004774921391827e-04
7.095404547810849017e-04
7.082859988566052962e-04
7.070201460371253622e-04
7.057684735072818419e-04
7.045379096847693328e-04
7.033033557464636034e-04
7.020688343091672449e-04
7.008376671754788702e-04
6.996080204311897269e-04
6.983680844540626591e-04
6.971651920569417720e-04
6.959533889341747116e-04
6.947471545398728769e-04
6.935485080502881402e-04
6.923873077706805060e-04
6.911952484735981676e-04
6.900287518175477527e-04
6.888756561253406166e-04
6.877231857910214583e-04
6.865479709478760533e-04
6.853800941506604403e-04
6.842002095821953910e-04
6.830319503611445575e-04
6.818851201807180464e-04
6.807245063747834231e-04
6.795700154729047504e-04
6.784214105665868199e-04
6.772709609497590006e-04
6.761283730408789100e-04
6.749934561461750108e-04
6.738561226763759146e-04
6.727280608097451929e-04
6.716150185693868860e-04
6.704940178489778241e-04
6.693802399647082787e-04
6.682676540585820923e-04
6.671586632316128026e-04
6.660697729974282555e-04
6.649832757418213704e-04
6.638882363942010456e-04
6.627968590441036482e-04
6.617305664153932346e-04
6.606632865122228282e-04
6.595957656174815387e-04
6.585333354411439287e-04
6.574854314593414238e-04
6.564388907020215439e-04
6.553857638092640747e-04
6.543447067429640192e-04
6.533138079952103281e-04
6.522948654438126288e-04
6.512830407294932424e-04
6.502777620152422420e-04
6.492866511245755931e-04
6.482910936492643997e-04
6.472930412549685823e-04
6.462957313876324964e-04
6.453077732896659365e-04
6.443265936408162703e-04
6.433615049814324924e-04
6.423922839554075661e-04
6.414272055527003727e-04
6.404708784367732716e-04
6.395275183980057062e-04
6.385707830776429653e-04
6.376354379285170204e-04
6.366982081123298814e-04
6.357800192304473817e-04
6.348789370255560668e-04
6.339730076845473579e-04
6.330726771079436474e-04
6.321875527562228298e-04
6.313009469239734810e-04
6.304420615734387771e-04
6.295710266794071579e-04
6.287121095553656683e-04
6.278577610576697955e-04
6.269862653546434813e-04
6.261182448200223799e-04
6.252519335502293701e-04
6.243848317458046806e-04
6.235156177905326483e-04
6.226628976525687680e-04
6.218068619475000582e-04
6.209512763694545684e-04
6.200932084392847673e-04
6.192384911141986074e-04
6.183922212353288282e-04
6.175517423894279646e-04
6.167117860224952857e-04
6.158578928081439663e-04
6.150275939333304468e-04
6.141880674168209275e-04
6.133582917717808267e-04
6.125355815052983301e-04
6.117142553139732694e-04
6.109049872089675724e-04
6.101094629992257195e-04
6.093164780132971766e-04
6.085204086094532202e-04
6.077320177174909280e-04
6.069474219034202284e-04
6.061569959156670479e-04
6.053613439587948297e-04
6.045536424585686280e-04
6.037518892111294524e-04
6.029517567942380704e-04
6.021603278314138384e-04
6.013698829165901351e-04
6.005820199841871605e-04
5.997982240007934110e-04
5.990148935879152864e-04
5.982373615308332095e-04
5.974594577582996360e-04
5.966796708452422283e-04
5.958979211904822564e-04
5.951202553460566711e-04
5.943426297696696638e-04
5.935637869964562529e-04
5.927848481483850287e-04
5.920102308872925937e-04
5.912392207515082413e-04
5.904715805237133750e-04
5.897110211913368042e-04
5.889520339166436991e-04
5.881917479268825976e-04
5.874336047068064908e-04
5.866874006330724143e-04
5.859485810514470641e-04
5.852105426630651620e-04
5.844807511470284352e-04
5.837465843815671214e-04
5.830122694877511733e-04
5.822767156962573108e-04
5.815471885650840868e-04
5.808164420015640966e-04
5.800875642834959784e-04
5.793623008729182006e-04
5.786354692761502523e-04
5.779109482623142127e-04
5.771943934587092477e-04
5.764813371280998492e-04
5.757718916849835413e-04
5.750677118286634656e-04
5.743656319917141368e-04
5.736665224488221798e-04
5.729724345230520228e-04
5.722835769031449750e-04
5.716061420157039948e-04
5.709332393960363369e-04
5.702652580845180876e-04
5.695980611662153663e-04
5.689382457081859547e-04
5.682786250922469218e-04
5.676158697278478387e-04
5.669630265923167540e-04
5.663053702864125549e-04
5.656491569697826493e-04
5.650019836772866323e-04
5.643556068654386523e-04
5.637082619312090400e-04
5.630589669350978153e-04
5.624121788768835558e-04
5.617656768524270650e-04
5.611241657474281283e-04
5.604767385554392098e-04
5.598267740214599121e-04
5.591794587597620925e-04
5.585344132082933899e-04
5.578910041061266008e-04
5.572485840387008532e-04
5.566098868184332594e-04
5.559677579678179438e-04
5.553286911886361719e-04
5.546905727514985082e-04
5.540572051339410272e-04
5.534259024584722853e-04
5.528028016996234867e-04
5.521777889219586267e-04
5.515609893620082105e-04
5.509484712831633170e-04
5.503346997239299274e-04
5.497245468705780347e-04
5.491175604574150774e-04
5.485109926379890498e-04
5.479080746984375935e-04
5.473038668126759595e-04
5.467013224260291494e-04
5.461085949134317869e-04
5.455124818474568500e-04
5.449181252429233756e-04
5.443251918176378540e-04
5.437299502466130157e-04
5.431340719812656958e-04
5.425415248019650229e-04
5.419491741208558745e-04
5.413593340891076616e-04
5.407700137158070151e-04
5.401853489120482261e-04
5.396038045168434884e-04
5.390232834068591980e-04
5.384424787430226343e-04
5.378631810469156017e-04
5.372861057238527329e-04
5.367109016066655500e-04
5.361408544683532234e-04
5.355706141150338604e-04
5.350031865838517087e-04
5.344343100602657378e-04
5.338672845678780945e-04
5.333005247970674630e-04
5.327365036392136839e-04
5.321766649061559400e-04
5.316179618369638784e-04
5.310579008774904798e-04
5.305005775624786844e-04
5.299466720972118667e-04
5.293929454298719256e-04
5.288411321143085889e-04
5.282909563325669010e-04
5.277415736199391741e-04
5.271933554041356110e-04
5.266455660200256191e-04
5.261004705657500429e-04
5.255559838351015270e-04
5.250142859368226930e-04
5.244756865923835831e-04
5.239406630037530014e-04
5.234092227555456334e-04
5.228847510738034556e-04
5.223625886158810364e-04
5.218489705038618399e-04
5.213373997338579657e-04
5.208285906680581740e-04
5.203199262487398068e-04
5.198100929246297951e-04
5.193006964282833064e-04
5.187892523895315522e-04
5.182801244545247885e-04
5.177727105554921598e-04
5.172644257797198849e-04
5.167609420593370119e-04
5.162601176224476370e-04
5.157605115838679146e-04
5.152632271762121576e-04
5.147625735958589500e-04
5.142637362243910682e-04
5.137662616390217818e-04
5.132667639866973254e-04
5.127700469431336911e-04
5.122718911314071795e-04
5.117719887890206628e-04
5.112767544505858420e-04
5.107809669729495867e-04
5.102871821886089277e-04
5.097946700071628607e-04
5.093027478421038867e-04
5.088116729806522890e-04
5.083229378093961828e-04
5.078353179878820033e-04
5.073484148890698448e-04
5.068622511179580927e-04
5.063776842992151863e-04
5.058938266923075893e-04
5.054117881589227732e-04
5.049324510431556614e-04
5.044541517996556281e-04
5.039765091572036499e-04
5.034997349647800336e-04
5.030241576668324169e-04
5.025509417969156734e-04
5.020774931291923987e-04
5.016050135103368576e-04
5.011342428369070260e-04
5.006644478799850010e-04
5.001958051036572896e-04
4.997282548903966143e-04
4.992620610090584736e-04
4.987970145549941881e-04
4.983334379510708087e-04
4.978709623775088222e-04
4.974102829321156664e-04
4.969510644498278864e-04
4.964937705546040424e-04
4.960374879577046864e-04
4.955839972952512254e-04
4.951327012586245356e-04
4.946833290540471328e-04
4.942335982369240382e-04
4.937859529837582617e-04
4.933412346754404354e-04
4.928969475714542903e-04
4.924552255974799743e-04
4.920173745025397402e-04
4.915797210448674941e-04
4.911462226502577447e-04
4.907148241842081366e-04
4.902854834919744562e-04
4.898567820144048316e-04
4.894275819239299026e-04
4.890008679751843080e-04
4.885786669414996777e-04
4.881561132498451637e-04
4.877356367830110780e-04
4.873145261526944691e-04
4.868978185133377530e-04
4.864765940958335724e-04
4.860571794032590926e-04
4.856380961478825578e-04
4.852205839995631380e-04
4.848062326052709342e-04
4.843939992929096596e-04
4.839779319394523307e-04
4.835632267132568968e-04
4.831466034367212174e-04
4.827319052087986756e-04
4.823178367566544273e-04
4.819070328397086602e-04
4.814953186960013081e-04
4.810855434566118716e-04
4.806781218170517881e-04
4.802693209593325899e-04
4.798635909132952068e-04
4.794586317046073409e-04
4.790531796302153881e-04
4.786494250248848523e-04
4.782456886736385416e-04
4.778454986437042523e-04
4.774476381556512451e-04
4.770514341039537218e-04
4.766557461668430307e-04
4.762596427799241036e-04
4.758631994769633566e-04
4.754674118063224745e-04
4.750730921576953305e-04
4.746813399951503782e-04
4.742913212446163060e-04
4.739034337932773061e-04
4.735207447431361992e-04
4.731385561285618847e-04
4.727558773367838388e-04
4.723711361602475948e-04
4.719883336830772713e-04
4.716074133914968419e-04
4.712251313757061331e-04
4.708430197818958799e-04
4.704600598247672292e-04
4.700803036028016976e-04
4.696991549349699272e-04
4.693193564809248000e-04
4.689401586525049175e-04
4.685646467791079544e-04
4.681908776368171174e-04
4.678145099020213126e-04
4.674397841732551339e-04
4.670664997863346901e-04
4.666925382178180206e-04
4.663203356072359519e-04
4.659459194237446024e-04
4.655735002500766017e-04
4.652037888531926455e-04
4.648364967869665913e-04
4.644698868028214575e-04
4.641039657795132181e-04
4.637391231135983764e-04
4.633732647809296547e-04
4.630074813530874692e-04
4.626435332853673582e-04
4.622840210259276158e-04
4.619225039725402136e-04
4.615641061109390197e-04
4.612061413554357408e-04
4.608499243567324788e-04
4.604953162263688226e-04
4.601417868999798668e-04
4.597930115904701274e-04
4.594420405336386301e-04
4.590938683338056741e-04
4.587502820320412864e-04
4.584094986944473450e-04
4.580700676357073479e-04
4.577305067107502868e-04
4.573945912538940079e-04
4.570594108367316620e-04
4.567233052227210374e-04
4.563880292751141881e-04
4.560543535360248989e-04
4.557239499602984672e-04
4.553947016464830722e-04
4.550661951875993832e-04
4.547363987631139102e-04
4.544059428063796356e-04
4.540748622610792182e-04
4.537404047600489937e-04
4.534065509691681864e-04
4.530747179945340862e-04
4.527449083201126882e-04
4.524144396825209103e-04
4.520847570761836486e-04
4.517570952029930633e-04
4.514311812325685794e-04
4.511066865176843895e-04
4.507803824096359843e-04
4.504576000094954579e-04
4.501356756177354217e-04
4.498127641141022961e-04
4.494898892998191878e-04
4.491636404170838205e-04
4.488374091321909614e-04
4.485147116317119006e-04
4.481906348884570233e-04
4.478673659820400429e-04
4.475449519577864941e-04
4.472241707529736902e-04
4.469032315280633909e-04
4.465828520522238622e-04
4.462615736295560617e-04
4.459430537876446087e-04
4.456285605584211834e-04
4.453145996772329323e-04
4.450011257659623591e-04
4.446908016099769914e-04
4.443819370388241239e-04
4.440708862519331915e-04
4.437611068077526198e-04
4.434509051974129751e-04
4.431419553928556262e-04
4.428351530085428860e-04
4.425308828169255805e-04
4.422236261882274075e-04
4.419210504395184604e-04
4.416163520509489753e-04
4.413127338931861505e-04
4.410118075251780699e-04
4.407084787207163302e-04
4.404057630634720510e-04
4.401057023614838486e-04
4.398066620817215840e-04
4.395112246868340396e-04
4.392133750700599011e-04
4.389155258348129292e-04
4.386214342175838053e-04
4.383279058762552132e-04
4.380361963227435355e-04
4.377455386089280920e-04
4.374527930524726624e-04
4.371589155758876660e-04
4.368682800539277805e-04
4.365782740104912378e-04
4.362871468932943953e-04
4.359960069375763995e-04
4.357052472994640997e-04
4.354135594836008329e-04
4.351229294497479323e-04
4.348324352812860723e-04
4.345417612215272040e-04
4.342539032670105631e-04
4.339664067520076032e-04
4.336804980721256251e-04
4.333982525711976125e-04
4.331113244843798706e-04
4.328267969702436304e-04
4.325406398680009534e-04
4.322576291646054703e-04
4.319756052901921784e-04
4.316965245058683931e-04
4.314171032058032444e-04
4.311390725546133387e-04
4.308665821733155413e-04
4.305936201087475564e-04
4.303197747436735910e-04
4.300499345664553132e-04
4.297852562826398777e-04
4.295212735134187106e-04
4.292543116000161960e-04
4.289861169674645926e-04
4.287147766596455202e-04
4.284454204880069981e-04
4.281812314094181294e-04
4.279122384301760665e-04
4.276441562556034274e-04
4.273755140588945392e-04
4.271092893211470704e-04
4.268392555723692951e-04
4.265715784150129813e-04
4.263052931731019842e-04
4.260361165260624790e-04
4.257699795790433105e-04
4.255071167250547965e-04
4.252407709021393937e-04
4.249729626501956375e-04
4.247036633302225263e-04
4.244349411108084332e-04
4.241665464947106680e-04
4.238981859668398272e-04
4.236309411237214155e-04
4.233664089607385361e-04
4.231017707432787158e-04
4.228369817423997790e-04
4.225752867937048992e-04
4.223119718686299279e-04
4.220498990235161383e-04
4.217896874367013638e-04
4.215294038428906830e-04
4.212703955258245052e-04
4.210080124973732043e-04
4.207459223012508724e-04
4.204804477204337381e-04
4.202165655802361853e-04
4.199550795205313409e-04
4.196961405504746889e-04
4.194386173950432977e-04
4.191819030745272921e-04
4.189262528051693971e-04
4.186747590741515270e-04
4.184205534023515273e-04
4.181694253206781728e-04
4.179177485736248706e-04
4.176671480585186086e-04
4.174163999878462736e-04
4.171674072981531299e-04
4.169202966979660406e-04
4.166750056882937803e-04
4.164283762119121461e-04
4.161845371483885924e-04
4.159401042830058472e-04
4.156948204958114111e-04
4.154497964721801193e-04
4.152061403128466232e-04
4.149611381408645108e-04
4.147209347623823940e-04
4.144805712285655366e-04
4.142428627398641911e-04
4.140067192467931662e-04
4.137708362351416700e-04
4.135356089162714943e-04
4.133006733319241968e-04
4.130646683043941799e-04
4.128272713040060586e-04
4.125931385830388688e-04
4.123583594848008525e-04
4.121213909884187182e-04
4.118814985671593546e-04
4.116415812471621344e-04
4.114007675524079962e-04
4.111587687284743321e-04
4.109172534034104610e-04
4.106779244469900125e-04
4.104401748445346641e-04
4.102026505273851883e-04
4.099664743107242124e-04
4.097308503477442273e-04
4.094962539476897242e-04
4.092633362243127564e-04
4.090299090718740828e-04
4.087975169435175294e-04
4.085647693860345242e-04
4.083323759842587752e-04
4.081007642871929946e-04
4.078675598755421034e-04
4.076361285239172693e-04
4.074049110548822426e-04
4.071744146590087370e-04
4.069422863271445379e-04
4.067121430054118658e-04
4.064822341740537397e-04
4.062525371487471526e-04
4.060267150609734102e-04
4.058014460724604497e-04
4.055757093960083858e-04
4.053506038935863554e-04
4.051266783019444079e-04
4.049034450134452248e-04
4.046835132653161279e-04
4.044651236967004631e-04
4.042459913767440060e-04
4.040288872981022492e-04
4.038150637423698034e-04
4.035942933978005874e-04
4.033742182591633103e-04
4.031567593118542785e-04
4.029406328660758031e-04
4.027262222169625564e-04
4.025131805740566975e-04
4.023023238948822671e-04
4.020934607630798313e-04
4.018890676574754886e-04
4.016832089943966682e-04
4.014778769610709459e-04
4.012713401245412439e-04
4.010667247043936618e-04
4.008628119515520935e-04
4.006595311053783048e-04
4.004569593017838860e-04
4.002545761217166922e-04
4.000534601998392684e-04
3.998496607767618931e-04
3.996476572661933390e-04
3.994480312462614390e-04
3.992487932806293330e-04
3.990529895646334154e-04
3.988554798520999381e-04
3.986594296677869651e-04
3.984613716630207997e-04
3.982643897083810785e-04
3.980641958476533100e-04
3.978625926713609561e-04
3.976609937391699834e-04
3.974598880361884931e-04
3.972589233748635468e-04
3.970571739322880365e-04
3.968545390193633561e-04
3.966497180864315747e-04
3.964434393770698418e-04
3.962398790092995374e-04
3.960365079801150042e-04
3.958313139428234237e-04
3.956287702829342531e-04
3.954269258197513665e-04
3.952251217857837939e-04
3.950250481481574105e-04
3.948260392658135593e-04
3.946242042875353420e-04
3.944195092215014111e-04
3.942145020315184520e-04
3.940087304654849194e-04
3.938023789809947609e-04
3.935958914949059476e-04
3.933900917390008626e-04
3.931837981631764681e-04
3.929795035489156785e-04
3.927790087127366967e-04
3.925756855159823460e-04
3.923733369593077384e-04
3.921715674806526076e-04
3.919721355231520882e-04
3.917704944425973775e-04
3.915704212631017605e-04
3.913678336813681299e-04
3.911685620428182711e-04
3.909680070548323056e-04
3.907669210265000948e-04
3.905671114742302673e-04
3.903687426505851122e-04
3.901712498802396302e-04
3.899777694402074141e-04
3.897821201790936489e-04
3.895891404862508061e-04
3.893981316808851640e-04
3.892032376616243422e-04
3.890095217480353485e-04
3.888160712122003607e-04
3.886227340940955500e-04
3.884275341940208320e-04
3.882362356432664838e-04
3.880436375197722954e-04
3.878510378157495387e-04
3.876587575802011346e-04
3.874675692987358203e-04
3.872731945335651906e-04
3.870803740013396507e-04
3.868859714437064079e-04
3.866920929276977128e-04
3.864960519552116790e-04
3.863015050984001985e-04
3.861067497924001979e-04
3.859124343332044128e-04
3.857172465872998348e-04
3.855241503343420249e-04
3.853294091680204390e-04
3.851350052232766635e-04
3.849401902975292103e-04
3.847440619168330037e-04
3.845487056759200068e-04
3.843537280537383748e-04
3.841596687924219615e-04
3.839660680613076371e-04
3.837718576080345373e-04
3.835785370268069545e-04
3.833844810944259758e-04
3.831900678366531197e-04
3.829971348043185249e-04
3.828046922178755655e-04
3.826126393381991376e-04
3.824201843574036525e-04
3.822274454414187339e-04
3.820357927907430174e-04
3.818442696361105297e-04
3.816536844677487824e-04
3.814624953889700809e-04
3.812703463269384954e-04
3.810785989826921943e-04
3.808887360502075624e-04
3.806986970751234330e-04
3.805089662194198453e-04
3.803198512274803236e-04
3.801309163012437102e-04
3.799430321427367595e-04
3.797553256283414148e-04
3.795665501314529427e-04
3.793785431495650773e-04
3.791915221008379543e-04
3.790056101228168732e-04
3.788208506127331717e-04
3.786361776212337051e-04
3.784504798816014262e-04
3.782651474686559096e-04
3.780816607317217777e-04
3.778974754896373867e-04
3.777134237151907078e-04
3.775292753855643245e-04
3.773448715489551822e-04
3.771605160582481371e-04
3.769756759765940783e-04
3.767904706679409306e-04
3.766066249731491117e-04
3.764227272164422382e-04
3.762393610825824001e-04
3.760551104912980536e-04
3.758707859683712150e-04
3.756845024944753270e-04
3.754973777165337501e-04
3.753116284912059899e-04
3.751252920669771816e-04
3.749393041381289299e-04
3.747528767689891770e-04
3.745665944799068210e-04
3.743807717747812394e-04
3.741936953165113313e-04
3.740074898878236517e-04
3.738227864631664551e-04
3.736379223567705106e-04
3.734538206263932720e-04
3.732690700132451677e-04
3.730855499733746181e-04
3.729030989499856332e-04
3.727222997238859286e-04
3.725403904064387116e-04
3.723600201976278779e-04
3.721806777930862010e-04
3.720015497783120189e-04
3.718224473357746021e-04
