2.513217251791994254e-03
1.951938166429069161e-03
1.614310547472222815e-03
1.398034799910019338e-03
1.269942217349032901e-03
1.185906172554855413e-03
1.099640258502963212e-03
1.034096760603282371e-03
1.000482726408205526e-03
9.599721291925590117e-04
9.181346304319880011e-04
8.816266111430792231e-04
8.482928656825993374e-04
8.175240959060472382e-04
7.898072812304958229e-04
7.651454212524007531e-04
7.440246078569749634e-04
7.251991652722991491e-04
7.084738221701355121e-04
6.914861367916129214e-04
6.749921361653178631e-04
6.595518800110971702e-04
6.450711060299290766e-04
6.316620518524534945e-04
6.194194286776097532e-04
6.075242500167182856e-04
5.961897989400298092e-04
5.854654079901779572e-04
5.754529514984655812e-04
5.657849194561885434e-04
5.567320979591367826e-04
5.480871606664166392e-04
5.401926841060492555e-04
5.328058651289907088e-04
5.256788542625962261e-04
5.187831104026228990e-04
5.125737543955723782e-04
5.067256892630402770e-04
5.006425104907777238e-04
4.948248785386556063e-04
4.890053754132934810e-04
4.836363174885502229e-04
4.782110928239983040e-04
4.728711780703360708e-04
4.678618590103198784e-04
4.630268922429595373e-04
4.581388567611180754e-04
4.534404135177307949e-04
4.491452033884300366e-04
4.449155298932248306e-04
4.408895241755037562e-04
4.373669890572218786e-04
4.336563527895333551e-04
4.301033053528986044e-04
4.265968298117204832e-04
4.232197794122273733e-04
4.198953006081983176e-04
4.168922555143432778e-04
4.141623267546505009e-04
4.114708227693340977e-04
4.088063579039909515e-04
4.060327914524867912e-04
4.031222018989875531e-04
4.002715200903616231e-04
3.974196016256017518e-04
3.945855303052508067e-04
3.918499790096133901e-04
3.891717905478061503e-04
3.865855217490422446e-04
3.839847320401699928e-04
3.814530670601422920e-04
3.789812417019685210e-04
3.765151339787053638e-04
3.741158605807481073e-04
3.717282486532297770e-04
3.694801041727941359e-04
3.672072401982041370e-04
3.651903680993887980e-04
3.632122059687833342e-04
3.613220544807020347e-04
3.594230048416197716e-04
3.576538513602636857e-04
3.560355804937883890e-04
3.544707498775353507e-04
3.529667008343963979e-04
3.514939569054245042e-04
3.500843372976874656e-04
3.486756959329730923e-04
3.473658346425748675e-04
3.458739205391116395e-04
3.443643223645759493e-04
3.429064962468760837e-04
3.414072011630498739e-04
3.399952573000907387e-04
3.386155959818996919e-04
3.372624423502163090e-04
3.359619645169650121e-04
3.347679882637471247e-04
3.335579711419022516e-04
3.322250833779317406e-04
3.309400473875997030e-04
3.296649637361117680e-04
3.283973308458947547e-04
3.271446849842392216e-04
3.258936367767287364e-04
3.246288275780065944e-04
3.233315247141639896e-04
3.219975234259866634e-04
3.206882765219967778e-04
3.194007226052435026e-04
3.181983609703319723e-04
3.169573914587937467e-04
3.156903694269092378e-04
3.145125401139000840e-04
3.133563954501839238e-04
3.121497994904124675e-04
3.109661030203480342e-04
3.097734457951133928e-04
3.085853263368364065e-04
3.073915031911864841e-04
3.061751296796309677e-04
3.049956159018881547e-04
3.038845505798034620e-04
3.028537198063493540e-04
3.018074750795945527e-04
3.007956765562128771e-04
2.998246202369722092e-04
2.988339567715923221e-04
2.978366120605875958e-04
2.968285757337108801e-04
2.958136664146047284e-04
2.949016425934690780e-04
2.940139125236141586e-04
2.930984228753864460e-04
2.922432071439640643e-04
2.914469780193000960e-04
2.906959610696666606e-04
2.900395697877052644e-04
2.893969214751608023e-04
2.887122410981449172e-04
2.880478825916520406e-04
2.874818896539001038e-04
2.869179675773283491e-04
2.863151571517589308e-04
2.857536176704544698e-04
2.852557140572482179e-04
2.847351855629584897e-04
2.842130244036822112e-04
2.837012149772605752e-04
2.831381646440849311e-04
2.825884455075921469e-04
2.820408984483233918e-04
2.814895444188636161e-04
2.809173268809419589e-04
2.803941340444964761e-04
2.799024011196013517e-04
2.793892956177924025e-04
2.789012823105934324e-04
2.783923101556362275e-04
2.779241140847351255e-04
2.773923034317215923e-04
2.769125759351308931e-04
2.764030770550321035e-04
2.759209744316728032e-04
2.754474735588389057e-04
2.749600712575360961e-04
2.744945145629266287e-04
2.740669109525980781e-04
2.736032898377406975e-04
2.731191854862043025e-04
2.726703592144060807e-04
2.722598071116120923e-04
2.718660116184202580e-04
2.714185970113281192e-04
2.709736615154226627e-04
2.705234569366143037e-04
2.700889581470492570e-04
2.696973241815694500e-04
2.693101570016578580e-04
2.688752858634715828e-04
2.684409596449773591e-04
2.680408564381231537e-04
2.676554699881930014e-04
2.672584391511400757e-04
2.669770630585328983e-04
2.666629194073563756e-04
2.662752689371653513e-04
2.659045560488388846e-04
2.655553571869260880e-04
2.651818953732412829e-04
2.648389502622753764e-04
2.644667336676657758e-04
2.640499996867287213e-04
2.636211212854672539e-04
2.632041388786783695e-04
2.627753191350067010e-04
2.623202233553874850e-04
2.618434052821040398e-04
2.613640862735917727e-04
2.608871509546239207e-04
2.603897135589155988e-04
2.598778364038363195e-04
2.593839621457730673e-04
2.588815420357433060e-04
2.583954074913722646e-04
2.579354958013419744e-04
2.574771808588640059e-04
2.570149377182894814e-04
2.565586071846341610e-04
2.560882378739997049e-04
2.556052198340509770e-04
2.551466788694823165e-04
2.546849069217002040e-04
2.542189407558509981e-04
2.537305171195543426e-04
2.532427493428020954e-04
2.527582168549284995e-04
2.523001320048776303e-04
2.518317288442362069e-04
2.513564456325235010e-04
2.509010052579514522e-04
2.504328064102096353e-04
2.499832967221525537e-04
2.495287331854351620e-04
2.490683852470630048e-04
2.486241591972981088e-04
2.481942235670448436e-04
2.477525753190695746e-04
2.473046689356983943e-04
2.468612813808377044e-04
2.464091339119191563e-04
2.459866899937003179e-04
2.455700952448217089e-04
2.451661470859406531e-04
2.447515730432586528e-04
2.443525534902629887e-04
2.439437297083148692e-04
2.435276874616578054e-04
2.431240182331147507e-04
2.427354811425926724e-04
2.423661212557335525e-04
2.419962448949859279e-04
2.416190749139397623e-04
2.412419794527076086e-04
2.408618544279875738e-04
2.404877179929283801e-04
2.400992153090274900e-04
2.396966125717287920e-04
2.392961528242896346e-04
2.388935633731745862e-04
2.384925444801881558e-04
2.380969523243822814e-04
2.376936889055605840e-04
2.372972055185569541e-04
2.369068137576005545e-04
2.365073520408115994e-04
2.361018530689147242e-04
2.356893282692816029e-04
2.352835020622310669e-04
2.348705380002526980e-04
2.344607945115593822e-04
2.340567233212797809e-04
2.336498061294005899e-04
2.332539350424863616e-04
2.328530107691156490e-04
2.324601062263138580e-04
2.320720933420604231e-04
2.316790012214143429e-04
2.312878229292043234e-04
2.308938388305815470e-04
2.304992249779970102e-04
2.301138753596969702e-04
2.297264834575059647e-04
2.293340333055700364e-04
2.289469539485426090e-04
2.285697208948035686e-04
2.281927933734723601e-04
2.278114760779582427e-04
2.274299232248176337e-04
2.270498333519083145e-04
2.266651181109389970e-04
2.262873810589038155e-04
2.259209006793595504e-04
2.255599375948539285e-04
2.251996943443060741e-04
2.248363665801460264e-04
2.244682665215814630e-04
2.240991402807047874e-04
2.237369868179632959e-04
2.233790119375113402e-04
2.230230189570187710e-04
2.226763192074631629e-04
2.223353683947548243e-04
2.220055580103500305e-04
2.216801875017578591e-04
2.213583736385355070e-04
2.210363238084517615e-04
2.207081001900414185e-04
2.203908346315991266e-04
2.200702660536453406e-04
2.197573852722378360e-04
2.194561802342670260e-04
2.191534222505605060e-04
2.188572796429040567e-04
2.185519346285273105e-04
2.182474339595557623e-04
2.179467086783150093e-04
2.176419326709440284e-04
2.173539991180772977e-04
2.170617145399265501e-04
2.167755079078636322e-04
2.164852726093132818e-04
2.161999895794051898e-04
2.159250938255654034e-04
2.156460210982337304e-04
2.153737031885726233e-04
2.150959639569577668e-04
2.148148795348633910e-04
2.145330516951941466e-04
2.142609654491088133e-04
2.139815667201414061e-04
2.137008519653276763e-04
2.134290347644189428e-04
2.131571432977544733e-04
2.128874991037589830e-04
2.126252405164695384e-04
2.123615451009633586e-04
2.121083763769382382e-04
2.118470995102191901e-04
2.115880607095191118e-04
2.113376765013632555e-04
2.110970892488193149e-04
2.108627131452389626e-04
2.106239144398166260e-04
2.103819904133648095e-04
2.101361749811152182e-04
2.098833383003262929e-04
2.096227424546083116e-04
2.093658465079460543e-04
2.091045032223542717e-04
2.088387293195646561e-04
2.085760958572908041e-04
2.083101079900698380e-04
2.080456360337176822e-04
2.077876270573653366e-04
2.075306476870879496e-04
2.072745174587042167e-04
2.070345574315122822e-04
2.067941955457174756e-04
2.065640529046869616e-04
2.063343606660585083e-04
2.061158612492987265e-04
2.058940637544178463e-04
2.056762391551258116e-04
2.054510289248163946e-04
2.052247051420251728e-04
2.049999371837540028e-04
2.047821205928424665e-04
2.045594966938402636e-04
2.043337453938382431e-04
2.041172796600145987e-04
2.039150487437673656e-04
2.037224454096039060e-04
2.035243001080841202e-04
2.033299363634810057e-04
2.031244522224855077e-04
2.029268790856253132e-04
2.027323876129419702e-04
2.025323407320507607e-04
2.023398778610052174e-04
2.021440037161550366e-04
2.019510987872969105e-04
2.017681342523646880e-04
2.015893896326221570e-04
2.014215288097995465e-04
2.012527071747756240e-04
2.010833719345304688e-04
2.009155986916484453e-04
2.007465815746945360e-04
2.005757673193434368e-04
2.004076806113608842e-04
2.002297887103907635e-04
2.000512532218736989e-04
1.998725687922330127e-04
1.996966494305220754e-04
1.995292594856647194e-04
1.993488223125025583e-04
1.991771220381630028e-04
1.990140102468731088e-04
1.988520746139103867e-04
1.986927043341750639e-04
1.985321138630676452e-04
1.983666793407772944e-04
1.982003573901935229e-04
1.980358539520933072e-04
1.978678316275225780e-04
1.977059183824149890e-04
1.975558806058948192e-04
1.974030750519136250e-04
1.972481841852606502e-04
1.971031615610688173e-04
1.969547023723575662e-04
1.968051343257508096e-04
1.966524540319198222e-04
1.964976968562013096e-04
1.963511613238499672e-04
1.962037469231323039e-04
1.960551458711783828e-04
1.958996899838848628e-04
1.957500705563359892e-04
1.956084705879458641e-04
1.954576566367450142e-04
1.953107386698740182e-04
1.951615071052562348e-04
1.950082921985683609e-04
1.948580941119941955e-04
1.947114538008481630e-04
1.945607496543792433e-04
1.944122462739249809e-04
1.942670264985161925e-04
1.941224786496998408e-04
1.939743369689948046e-04
1.938279820929774029e-04
1.936769893559680210e-04
1.935228060403541264e-04
1.933616576278632650e-04
1.931960512251947384e-04
1.930329791508085470e-04
1.928751562816005747e-04
1.927162411478494945e-04
1.925629930396035813e-04
1.924153595042064674e-04
1.922731472800406688e-04
1.921309097340820576e-04
1.919818681809227730e-04
1.918445315487739245e-04
1.917038479478434690e-04
1.915741146873161955e-04
1.914374914808004784e-04
1.912980974240397120e-04
1.911651155022010959e-04
1.910375284406680624e-04
1.909089683921803512e-04
1.907779901095461015e-04
1.906455988983262785e-04
1.905156217509205931e-04
1.903836982456898880e-04
1.902610742457177824e-04
1.901415056907158180e-04
1.900216003716002152e-04
1.899001372999600378e-04
1.897755788962834130e-04
1.896463855865168104e-04
1.895048856058689194e-04
1.893676263618028293e-04
1.892265812615462133e-04
1.890815820578068882e-04
1.889367749915745311e-04
1.887916516710582099e-04
1.886485626242739389e-04
1.885073911667968190e-04
1.883675854769725343e-04
1.882206830663183078e-04
1.880706253532891514e-04
1.879266469123816983e-04
1.877766335452986737e-04
1.876266177033714263e-04
1.874740402927816991e-04
1.873165338546700588e-04
1.871602107030678037e-04
1.870031511635397053e-04
1.868453184155025059e-04
1.866881987360630190e-04
1.865334493045536703e-04
1.863776932566494553e-04
1.862211516630616715e-04
1.860675572530161304e-04
1.859144276127697875e-04
1.857615912092390887e-04
1.856064262968608737e-04
1.854493064370061337e-04
1.852967235096382372e-04
1.851447233644886576e-04
1.849924623448484214e-04
1.848381277523459686e-04
1.846843350124185046e-04
1.845343444807858889e-04
1.843877328882268809e-04
1.842398864831092456e-04
1.840920303635964692e-04
1.839498263168160344e-04
1.838134050585370964e-04
1.836764898604942580e-04
1.835444701567505573e-04
1.834029927335615511e-04
1.832603550181005061e-04
1.831201296321777899e-04
1.829811370566260871e-04
1.828379596950463167e-04
1.826921543604277112e-04
1.825465773148574695e-04
1.824010050546259385e-04
1.822551737558855299e-04
1.821064046654220423e-04
1.819594205838159675e-04
1.818141409581281766e-04
1.816709206116491832e-04
1.815317494083057231e-04
1.813893114160617011e-04
1.812441525188986894e-04
1.810956602925749433e-04
1.809451596965748216e-04
1.807970621159526916e-04
1.806493179964594169e-04
1.804998614912803388e-04
1.803527909070697056e-04
1.802059322046861245e-04
1.800598343979868665e-04
1.799119950588108673e-04
1.797613818689734429e-04
1.796119483607861811e-04
1.794615797217933109e-04
1.793109299652386216e-04
1.791653550251404538e-04
1.790231312254259759e-04
1.788792036374023842e-04
1.787342410953167524e-04
1.785909583516743951e-04
1.784516871564134383e-04
1.783098700241651552e-04
1.781689573472216312e-04
1.780258956155096020e-04
1.778826570170183210e-04
1.777423540900577780e-04
1.776036068593295528e-04
1.774667639989813324e-04
1.773282411816816753e-04
1.771905652468001608e-04
1.770517749873768538e-04
1.769177852137736274e-04
1.767819344123937471e-04
1.766454642430216430e-04
1.765092385325345585e-04
1.763741868545151800e-04
1.762384321235656922e-04
1.761074698180676960e-04
1.759749162319158779e-04
1.758395135133494454e-04
1.757057574306991469e-04
1.755718884630042204e-04
1.754428292966243375e-04
1.753148614720560533e-04
1.751861630650217714e-04
1.750569576151466431e-04
1.749335716594409491e-04
1.748096419646390806e-04
1.746860006322360586e-04
1.745587698257919308e-04
1.744281389159619492e-04
1.743009405466258612e-04
1.741730870157055008e-04
1.740444123722609477e-04
1.739179029210249981e-04
1.737920029339347307e-04
1.736663929875515724e-04
1.735398715726703791e-04
1.734121853661386298e-04
1.732844774340819370e-04
1.731548763156837438e-04
1.730232742770569719e-04
1.728908711570676326e-04
1.727587094607923213e-04
1.726244387468599077e-04
1.724901713852938117e-04
1.723571668438262337e-04
1.722232021928824127e-04
1.720888421159035497e-04
1.719567319612705847e-04
1.718250639251345702e-04
1.716948853082281073e-04
1.715633816934519209e-04
1.714333117625722164e-04
1.713039398930098125e-04
1.711744218534738226e-04
1.710477951394880698e-04
1.709217087359032026e-04
1.707954683565172862e-04
1.706691485839422439e-04
1.705428839722416049e-04
1.704156301359817112e-04
1.702870591195170121e-04
1.701580381628664551e-04
1.700297609037256690e-04
1.699022070462730984e-04
1.697740419837018657e-04
1.696467669374212531e-04
1.695198247560717342e-04
1.693925984210797593e-04
1.692627368554504286e-04
1.691357182953386810e-04
1.690086670735102591e-04
1.688807899924244730e-04
1.687536762032244115e-04
1.686255972774547548e-04
1.685001648073853795e-04
1.683760928684279021e-04
1.682521761636777220e-04
1.681281789700042086e-04
1.680044811431220342e-04
1.678824766923376515e-04
1.677621765424168725e-04
1.676420438549165162e-04
1.675245211987157006e-04
1.674071997554182662e-04
1.672895265984584599e-04
1.671737772696512097e-04
1.670558266953778629e-04
1.669371781690946353e-04
1.668205043870556463e-04
1.667018174370354618e-04
1.665829140985404034e-04
1.664660289433847321e-04
1.663476439013934793e-04
1.662300832737934996e-04
1.661110472817993618e-04
1.659925882146969000e-04
1.658750215478072465e-04
1.657591069109484879e-04
1.656430366672713916e-04
1.655270740413838123e-04
1.654118205110088739e-04
1.652992741644735580e-04
1.651860562675236269e-04
1.650731594626309896e-04
1.649599778584427147e-04
1.648469286685971141e-04
1.647339770653378133e-04
1.646189263698379915e-04
1.645036418758644516e-04
1.643894382558490656e-04
1.642765650467767943e-04
1.641646432763680817e-04
1.640529702285797495e-04
1.639416229274933280e-04
1.638297584724565463e-04
1.637167938119619666e-04
1.636025849240323562e-04
1.634894175547094023e-04
1.633750355322550086e-04
1.632604168323632549e-04
1.631462215475728216e-04
1.630319136101940401e-04
1.629195573260350163e-04
1.628073239232314198e-04
1.626960989812912780e-04
1.625854110152924958e-04
1.624745851262404998e-04
1.623644690947516421e-04
1.622542532727114467e-04
1.621435487006386996e-04
1.620335986333197391e-04
1.619236256382241581e-04
1.618137301306538166e-04
1.617034660764801919e-04
1.615946226597128100e-04
1.614874427766269484e-04
1.613793471589101405e-04
1.612711146658945855e-04
1.611633516669878224e-04
1.610551744771660681e-04
1.609490400964766965e-04
1.608415678384760288e-04
1.607345867868446149e-04
1.606277733036145486e-04
1.605214645716726931e-04
1.604169758686520037e-04
1.603116523321902493e-04
1.602040532713306514e-04
1.600961524891684887e-04
1.599873411307663467e-04
1.598802313297472354e-04
1.597716856866234327e-04
1.596637516406870208e-04
1.595564410140170957e-04
1.594486692424887603e-04
1.593405210820389569e-04
1.592314527406587859e-04
1.591227324660665176e-04
1.590132752362259313e-04
1.589038561940293100e-04
1.587951781475666719e-04
1.586870975019386183e-04
1.585798901874415289e-04
1.584724245684333854e-04
1.583659057643779355e-04
1.582585696384390542e-04
1.581513645220538559e-04
1.580452396089052222e-04
1.579395303971267792e-04
1.578344310983037361e-04
1.577305450082586798e-04
1.576266871639190941e-04
1.575245077740325969e-04
1.574217401668255448e-04
1.573183656982268146e-04
1.572141748812796807e-04
1.571090975548914955e-04
1.570049600663226688e-04
1.569018209662131501e-04
1.567982007682697785e-04
1.566955274599718753e-04
1.565934429540054079e-04
1.564922468834635885e-04
1.563900469900229146e-04
1.562882920053650158e-04
1.561870396688442599e-04
1.560863377972430814e-04
1.559864347395555734e-04
1.558869629160663996e-04
1.557870886326448749e-04
1.556865075518240691e-04
1.555855918496120392e-04
1.554838427631954542e-04
1.553810611301937976e-04
1.552777268479129638e-04
1.551743607539345397e-04
1.550708743477633442e-04
1.549678077998231489e-04
1.548643979817326659e-04
1.547615123604699733e-04
1.546583995174215145e-04
1.545559118707042574e-04
1.544539011468739525e-04
1.543517859299044627e-04
1.542496661709514573e-04
1.541477270272710001e-04
1.540460289390752524e-04
1.539447679689718781e-04
1.538442529184777053e-04
1.537430197541890021e-04
1.536421510847241353e-04
1.535417555058518754e-04
1.534413236744889414e-04
1.533407127703993083e-04
1.532402387504431791e-04
1.531391077025075014e-04
1.530385387093976277e-04
1.529383887019677534e-04
1.528376618865485406e-04
1.527375913040864626e-04
1.526376258128700405e-04
1.525378756375631430e-04
1.524382994260270159e-04
1.523384949849672842e-04
1.522389548107909397e-04
1.521395004140634597e-04
1.520401934607874708e-04
1.519413225499110164e-04
1.518427602051448065e-04
1.517446501657957294e-04
1.516468754526510915e-04
1.515492457583734857e-04
1.514522074697214151e-04
1.513550963408889240e-04
1.512576875263186378e-04
1.511605667684567749e-04
1.510635380266899864e-04
1.509665637305986237e-04
1.508695499466287991e-04
1.507725274227950530e-04
1.506756966957736529e-04
1.505789772470224612e-04
1.504824458927333944e-04
1.503859681172718460e-04
1.502895709513262944e-04
1.501934014863084358e-04
1.500973279500187002e-04
1.500016950343745117e-04
1.499065471071789487e-04
1.498116318889888528e-04
1.497166677863073856e-04
1.496215852041325311e-04
1.495267787465698382e-04
1.494318187779319017e-04
1.493372633026864948e-04
1.492426647232640677e-04
1.491482925826075989e-04
1.490540444891054874e-04
1.489599797928478696e-04
1.488663073025444077e-04
1.487727830154489254e-04
1.486792900464020207e-04
1.485859614078735200e-04
1.484929929056595882e-04
1.484002909440103953e-04
1.483076713307729020e-04
1.482153067680787837e-04
1.481229616820461329e-04
1.480308155570288968e-04
1.479391453901939782e-04
1.478479283415477005e-04
1.477568854582099272e-04
1.476660978960286235e-04
1.475756451726078795e-04
1.474855522387683200e-04
1.473959851417071503e-04
1.473064775750450371e-04
1.472166820025918601e-04
1.471268706564289792e-04
1.470366122820822871e-04
1.469468170299074463e-04
1.468571271407210675e-04
1.467678212179640324e-04
1.466787582108401082e-04
1.465893995631899096e-04
1.465000094024788871e-04
1.464110739325848176e-04
1.463221530207924341e-04
1.462333148769402844e-04
1.461445244051773926e-04
1.460558143984053993e-04
1.459670808904744608e-04
1.458785214510832965e-04
1.457903153465942676e-04
1.457022735668164390e-04
1.456142960221365099e-04
1.455266886922745298e-04
1.454393290827310644e-04
1.453521337075030638e-04
1.452648114868049548e-04
1.451777575986795872e-04
1.450910580343750457e-04
1.450047364000450918e-04
1.449185720030586448e-04
1.448329624964007890e-04
1.447472928805348762e-04
1.446619764069438532e-04
1.445766951871377205e-04
1.444916595272997535e-04
1.444065844275472632e-04
1.443217858971871336e-04
1.442377818152624808e-04
1.441540464115256533e-04
1.440705397482230530e-04
1.439871777428138370e-04
1.439041006395085369e-04
1.438210081376455637e-04
1.437379590499140113e-04
1.436551022317625174e-04
1.435729862816798215e-04
1.434908128003916858e-04
1.434086920332294747e-04
1.433269819387206179e-04
1.432455417697455088e-04
1.431643129123730284e-04
1.430837864706354821e-04
1.430032684399554308e-04
1.429228518555098219e-04
1.428423068554446308e-04
1.427625496535013430e-04
1.426828857273759244e-04
1.426036694932867265e-04
1.425244698651294631e-04
1.424452121546015265e-04
1.423654092696663171e-04
1.422859611221546526e-04
1.422061416877887534e-04
1.421263790164791862e-04
1.420470284835041470e-04
1.419678118762614553e-04
1.418883739379400819e-04
1.418090133640895493e-04
1.417298889321573735e-04
1.416507097523845779e-04
1.415711921422412760e-04
1.414914950770915095e-04
1.414120959283909570e-04
1.413328035922766868e-04
1.412536422569687835e-04
1.411747994257378882e-04
1.410962592889733816e-04
1.410178005133355054e-04
1.409396712180062254e-04
1.408615368289186580e-04
1.407842263538522463e-04
1.407069216513776033e-04
1.406298562870372056e-04
1.405530877316507144e-04
1.404762922887960327e-04
1.403999139166887283e-04
1.403242567371017322e-04
1.402488011381206761e-04
1.401733901048841610e-04
1.400980026295548170e-04
1.400232082028175329e-04
1.399486351160904253e-04
1.398742898450580391e-04
1.398000422256788012e-04
1.397264352669255944e-04
1.396534298146133977e-04
1.395801550575303618e-04
1.395071465177587591e-04
1.394352052159537772e-04
1.393631837603826840e-04
1.392909992088200175e-04
1.392184537027140779e-04
1.391455809842490694e-04
1.390727595167953626e-04
1.389994984241639769e-04
1.389261420106647745e-04
1.388527129631270585e-04
1.387787032243035959e-04
1.387056971718026094e-04
1.386327487447877387e-04
1.385608114643843767e-04
1.384889297394606650e-04
1.384176953841666170e-04
1.383460535112220578e-04
1.382743785634417953e-04
1.382025313797547079e-04
1.381304999963036718e-04
1.380587727493352900e-04
1.379867959909921577e-04
1.379150841609075285e-04
1.378430703714312721e-04
1.377709663995352156e-04
1.376989352569537868e-04
1.376272053157774297e-04
1.375563727257149795e-04
1.374857566441334863e-04
1.374156237430519169e-04
1.373453864635849908e-04
1.372756546121286527e-04
1.372058279371937369e-04
1.371362276944668472e-04
1.370668246750560864e-04
1.369976626205627788e-04
1.369283027785026018e-04
1.368593036146241362e-04
1.367917814979518673e-04
1.367253037187603768e-04
1.366587041056750826e-04
1.365926729581053340e-04
1.365267349296148461e-04
1.364619639668511052e-04
1.363966437219269997e-04
1.363322346820558474e-04
1.362686819873690474e-04
1.362053937667269355e-04
1.361415802375842948e-04
1.360777401448067631e-04
1.360139164677416081e-04
1.359500917560049185e-04
1.358861890143395462e-04
1.358223207491182259e-04
1.357592778595516098e-04
1.356962503908699946e-04
1.356325882026467511e-04
1.355697263823608522e-04
1.355072336223633596e-04
1.354451365267232373e-04
1.353821179108594878e-04
1.353198079040492260e-04
1.352573275599650558e-04
1.351950070846803180e-04
1.351326041261366147e-04
1.350700307903593769e-04
1.350078793630703200e-04
1.349463087116197359e-04
1.348838809683085326e-04
1.348216732895840000e-04
1.347593204067497720e-04
1.346964825882321110e-04
1.346343185468127192e-04
1.345726346967933439e-04
1.345102095768575074e-04
1.344483899300248305e-04
1.343867816995107688e-04
1.343247529465338539e-04
1.342627572701815758e-04
1.342002537385856263e-04
1.341376046808928884e-04
1.340751631349104938e-04
1.340121052429057026e-04
1.339488824276988902e-04
1.338857944918703333e-04
1.338228190450371628e-04
1.337592369982022094e-04
1.336956892419334921e-04
1.336316112744009919e-04
1.335675507950640623e-04
1.335030043114716295e-04
1.334384351048411188e-04
1.333741413245230619e-04
1.333095981937275105e-04
1.332456117422328680e-04
1.331826319856474353e-04
1.331197189574356973e-04
1.330567866921710907e-04
1.329944560895925739e-04
