5.110746060000021657e-04
4.982181361457149607e-04
4.744235905952233555e-04
4.293114730399336500e-04
4.030261701372173707e-04
3.742955088247975292e-04
3.507376936880208162e-04
3.295373457727847257e-04
3.115168976077490508e-04
2.968437999416827493e-04
2.836285539337059952e-04
2.725686651972527999e-04
2.623926032595000975e-04
2.538776479351721044e-04
2.466225489092640144e-04
2.400603112266898483e-04
2.336696411475035933e-04
2.274705228505207886e-04
2.231010870306242072e-04
2.182836419016506181e-04
2.140131255245046756e-04
2.096861479447676270e-04
2.056926041452881808e-04
2.020339013912955163e-04
1.983584369638853909e-04
1.948517594141372419e-04
1.916981697237887816e-04
1.892406081839947539e-04
1.866959644009739971e-04
1.845556985701327947e-04
1.827171970393436822e-04
1.807136403038915487e-04
1.786108976372957646e-04
1.763550712073766122e-04
1.741987357686737993e-04
1.718760076646835909e-04
1.696807248182236581e-04
1.675056528948104843e-04
1.655077373065175293e-04
1.635691344103381846e-04
1.617015266963503679e-04
1.598753098273559333e-04
1.580820090447049894e-04
1.563138994112527427e-04
1.546011698655921928e-04
1.529546491534046818e-04
1.513786926600381314e-04
1.498315551902241257e-04
1.482979165704611916e-04
1.468131418387610379e-04
1.453729290073121894e-04
1.439736629016612559e-04
1.426118662589661505e-04
1.413031772235011862e-04
1.400370932878435969e-04
1.387865923180848344e-04
1.375712051307473370e-04
1.363849866939892365e-04
1.352323062186258098e-04
1.341070291602051024e-04
1.330216155956818645e-04
1.319471344345802914e-04
1.309022777497855612e-04
1.298847217190543708e-04
1.288955523850905140e-04
1.279174799105891485e-04
1.269716886932807361e-04
1.260390254891254763e-04
1.251378449274882364e-04
1.242607322716046334e-04
1.234094142133645327e-04
1.225601178945031526e-04
1.217428774272684704e-04
1.209411356523928623e-04
1.201516011253552581e-04
1.193781486149938137e-04
1.186109452584505243e-04
1.178604782755961157e-04
1.171480298029248007e-04
1.164692157689428323e-04
1.158289082630932515e-04
1.151750458595869283e-04
1.145494541458430603e-04
1.139139763875875264e-04
1.132764141187956561e-04
1.126739278336268477e-04
1.120580857929662000e-04
1.114668623956541627e-04
1.108887839377028790e-04
1.103268858418260270e-04
1.097559582875916626e-04
1.091955937178030442e-04
1.086568984136469416e-04
1.081196409043967731e-04
1.075818539586836453e-04
1.070469295338738952e-04
1.065203809245105117e-04
1.060107931194754192e-04
1.055123502196665154e-04
1.050322745771057692e-04
1.045469273946848619e-04
1.040539124189282278e-04
1.035845342500170315e-04
1.031181370545189766e-04
1.026592994117674410e-04
1.022049917733293818e-04
1.017501793853234560e-04
1.013144448508725143e-04
1.008795363152313146e-04
1.004599174056320743e-04
1.000465059966197911e-04
9.963959904501569931e-05
9.925015687380925810e-05
9.886482108652688882e-05
9.849862918065460269e-05
9.813351777405288469e-05
9.776725594278560226e-05
9.742235194145422742e-05
9.705807682259536841e-05
9.668920346172704878e-05
9.630965559254096387e-05
9.595029117099523419e-05
9.559806263259088802e-05
9.525494026660237784e-05
9.489676100626988949e-05
9.453904884583981864e-05
9.418758585526674945e-05
9.385651744329222453e-05
9.352306485622990289e-05
9.318622110415822845e-05
9.285243066887122296e-05
9.253376468532974956e-05
9.221753325150687693e-05
9.192123036324729318e-05
9.163585761410465030e-05
9.136529787888677590e-05
9.107997540470251019e-05
9.078998108891551282e-05
9.051130560559631812e-05
9.022338488997664056e-05
8.994321085237428660e-05
8.965866475276303626e-05
8.939140616407645075e-05
8.911541725688258600e-05
8.884820131884339149e-05
8.857694890163645210e-05
8.831621640536568613e-05
8.804701434228890484e-05
8.778181350159664420e-05
8.751918769504981026e-05
8.725871841544232635e-05
8.699523519548620456e-05
8.673206344275321666e-05
8.647559050392075958e-05
8.621575527456269987e-05
8.596193746512244293e-05
8.570463010352560829e-05
8.544194485797545384e-05
8.518603327890180419e-05
8.492897941672068296e-05
8.467604242934348630e-05
8.442469508065852057e-05
8.417467154056557099e-05
8.392779030507482559e-05
8.369158237057417772e-05
8.345402116723372803e-05
8.321843430176081597e-05
8.298519820104458542e-05
8.275145572442467641e-05
8.252367713288812708e-05
8.229310888144195492e-05
8.206914320140493374e-05
8.184755011209054185e-05
8.163005626395715983e-05
8.141124850270308551e-05
8.119060130658698805e-05
8.097593361725699350e-05
8.075920685356162713e-05
8.055270080222999205e-05
8.034268885624484347e-05
8.013530697353905407e-05
7.993304530522582041e-05
7.973234984875252204e-05
7.954152485758471077e-05
7.933945186951011936e-05
7.913462636435055549e-05
7.892842413056572464e-05
7.872126593422592818e-05
7.851825583547347536e-05
7.831667363387338722e-05
7.812231401903330541e-05
7.792356034646811147e-05
7.772885106691007314e-05
7.753559647850601436e-05
7.734378997467846741e-05
7.715422710659672594e-05
7.696593209265661765e-05
7.678275798695386768e-05
7.660167364243764280e-05
7.642590909962914097e-05
7.624591311382986785e-05
7.606761661082575533e-05
7.589392008272773940e-05
7.571992584689736939e-05
7.555064845793572448e-05
7.537888889521375145e-05
7.521852943769107285e-05
7.505454214708199190e-05
7.489672141326042401e-05
7.473734116425964353e-05
7.458151711006307211e-05
7.442558087155122363e-05
7.426898930590077844e-05
7.411280507199380927e-05
7.396547088826272299e-05
7.381913419283683440e-05
7.368119227151597079e-05
7.353634246630799285e-05
7.339334550454390007e-05
7.324569203101768977e-05
7.309500823890295856e-05
7.294368903022647999e-05
7.279365438131555222e-05
7.264288484320933711e-05
7.249095719271176253e-05
7.233558101029535390e-05
7.218476276986022589e-05
7.203389749276134936e-05
7.188451791878395537e-05
7.173778461687562921e-05
7.159272367177298005e-05
7.144858234333686649e-05
7.130717107641208351e-05
7.116445834317260458e-05
7.102364459861215901e-05
7.088044804796058893e-05
7.073797027953321619e-05
7.059511412291853737e-05
7.045224714359502700e-05
7.030906523569844233e-05
7.016650497062825180e-05
7.002361387666636826e-05
6.988148490718003303e-05
6.974082482502432802e-05
6.960038433936394835e-05
6.946054035997210213e-05
6.932109300864261285e-05
6.918322555628474136e-05
6.904655705119154031e-05
6.891134297217955148e-05
6.877753723844086354e-05
6.864308355935511380e-05
6.851075717618388685e-05
6.837914169779466911e-05
6.824850153276998659e-05
6.811715022048858053e-05
6.798628390456268311e-05
6.785691355648907892e-05
6.772759872808014605e-05
6.759985901544466073e-05
6.747242217179853069e-05
6.734590563625939854e-05
6.722002861700969185e-05
6.709479095921571810e-05
6.696942868110132010e-05
6.684415996877456751e-05
6.672009510922423251e-05
6.659636623043527117e-05
6.647392572148502147e-05
6.635212460653318529e-05
6.623060926870489922e-05
6.611080188003355424e-05
6.599180590099112216e-05
6.587266349615067624e-05
6.575433631344688003e-05
6.563632590261203267e-05
6.552042448346950224e-05
6.540464663148179826e-05
6.529078383907273005e-05
6.517814344927440968e-05
6.506643949082787563e-05
6.495554364929893604e-05
6.484337389972215338e-05
6.473265514808154025e-05
6.462185690149898016e-05
6.451278986066718256e-05
6.440474158560842096e-05
6.429751387202586172e-05
6.418928418795586061e-05
6.408218614935846089e-05
6.397734760346552999e-05
6.387303130783894718e-05
6.376839198670599643e-05
6.366399292077967135e-05
6.356364272642579338e-05
6.346471083943901539e-05
6.336369434618196041e-05
6.326167909330471814e-05
6.315970156782997678e-05
6.305699820673966560e-05
6.295585460955517056e-05
6.285456611214749415e-05
6.275535910849377368e-05
6.265639346038923358e-05
6.255988485335311415e-05
6.246325064978827982e-05
6.236808071488869447e-05
6.227431286796533422e-05
6.217850494293819714e-05
6.208337305623333360e-05
6.198853640281264685e-05
6.189343269338277683e-05
6.179821865925374212e-05
6.170180545895368233e-05
6.160657138318049498e-05
6.151207462926984893e-05
6.141799864290656708e-05
6.132336422677959152e-05
6.122988707283465463e-05
6.113585477042196754e-05
6.104238897772260670e-05
6.095043845313259000e-05
6.085810845441785627e-05
6.076676673428829748e-05
6.067668153267067135e-05
6.058588412212839009e-05
6.049631625512951117e-05
6.040609614628828877e-05
6.031641912278319504e-05
6.022644281232760670e-05
6.013700543738726567e-05
6.004817204975229167e-05
5.995990396371951136e-05
5.987247307766861080e-05
5.978492583209877979e-05
5.969836036553248911e-05
5.961186192156096148e-05
5.952559346817314052e-05
5.944006164057030652e-05
5.935530723985939835e-05
5.927050602104457172e-05
5.918551750406884367e-05
5.910079166783980392e-05
5.901680176509087480e-05
5.893246874554779983e-05
5.884884263635811941e-05
5.876550199049201842e-05
5.868248087942387809e-05
5.859918090564236704e-05
5.851598032371043789e-05
5.843303212318807604e-05
5.835010333442515907e-05
5.826788525304261985e-05
5.818596585011585496e-05
5.810466329523111622e-05
5.802374899470041860e-05
5.794381498704589836e-05
5.786450275838266890e-05
5.778536358411912071e-05
5.770611760326467755e-05
5.762693676390582561e-05
5.754837094040924007e-05
5.746942864446304497e-05
5.739074531555691595e-05
5.731226627697671473e-05
5.723397305629594490e-05
5.715626548960570894e-05
5.707901387704884290e-05
5.700189251640489706e-05
5.692498019381576142e-05
5.684843353043339000e-05
5.677197464024812888e-05
5.669592063301061351e-05
5.662008522019974940e-05
5.654454273604343041e-05
5.646930098556576674e-05
5.639445667626774052e-05
5.632005174591122226e-05
5.624579176127117794e-05
5.617185208755017792e-05
5.609808736610035401e-05
5.602464692081387892e-05
5.595151144824218322e-05
5.587863231393052033e-05
5.580608900845079092e-05
5.573376380768906344e-05
5.566172786278728902e-05
5.558995285407676150e-05
5.551849765899696478e-05
5.544731790622756020e-05
5.537637623261122737e-05
5.530572213507170396e-05
5.523538281500313548e-05
5.516532315196091737e-05
5.509548971907542500e-05
5.502595463391694256e-05
5.495670117762122806e-05
5.488792448648733467e-05
5.481973210524702906e-05
5.475130504802417188e-05
5.468321540784096296e-05
5.461543612210971715e-05
5.454848893294689781e-05
5.448135798023817411e-05
5.441474823339943794e-05
5.434836400413574115e-05
5.428203071976041435e-05
5.421629784949446202e-05
5.415109724763048440e-05
5.408554214345384962e-05
5.402054637001543465e-05
5.395574714807176516e-05
5.389133594936049642e-05
5.382713583379781429e-05
5.376248193752425564e-05
5.369799493907436295e-05
5.363431338658287387e-05
5.357112414719624556e-05
5.350810793862868732e-05
5.344501412463982656e-05
5.338246928348884361e-05
5.332006396784158049e-05
5.325816042212588440e-05
5.319618240348386129e-05
5.313447400757935902e-05
5.307357441484229560e-05
5.301245777313412370e-05
5.295227462142642656e-05
5.289194021220543327e-05
5.283220870406912789e-05
5.277232396101809556e-05
5.271295845489409773e-05
5.265352570055236331e-05
5.259425174351981365e-05
5.253473060874212748e-05
5.247606408992563107e-05
5.241754994246460361e-05
5.235916335877638058e-05
5.230115011672786541e-05
5.224338346609775036e-05
5.218523029443519675e-05
5.212752348066616078e-05
5.207007332339265362e-05
5.201243364641531522e-05
5.195500739325178882e-05
5.189754418255101216e-05
5.184066164986877626e-05
5.178453951017751084e-05
5.172880765097573764e-05
5.167364036376448811e-05
5.161797217248534028e-05
5.156326597258876202e-05
5.150875241016776216e-05
5.145457766235862014e-05
5.140084008226420608e-05
5.134682466320703817e-05
5.129316057524804963e-05
5.124024438763488893e-05
5.118781537308256572e-05
5.113547873310171518e-05
5.108454013535910875e-05
5.103479891467536115e-05
5.098570356257503501e-05
5.093782333580406556e-05
5.088911426870679482e-05
5.083987735774620636e-05
5.079086569110064566e-05
5.074077032187819682e-05
5.069113550669618882e-05
5.064136682986173916e-05
5.059138567631484294e-05
5.054282417356161026e-05
5.049377762554702970e-05
5.044512509358272512e-05
5.039714985160035867e-05
5.034990765447575100e-05
5.030248427467350411e-05
5.025422259931685155e-05
5.020771168305982395e-05
5.016103947044179027e-05
5.011428725343207490e-05
5.006766114164058691e-05
5.002085555690616948e-05
4.997302785494065505e-05
4.992668418399404904e-05
4.987984969330975263e-05
4.983402434543697984e-05
4.978785555876408275e-05
4.974256326179159128e-05
4.969601219752497914e-05
4.964985023196835179e-05
4.960330259736352019e-05
4.955638972153803858e-05
4.951003378151783098e-05
4.946261670598573254e-05
4.941535187957055294e-05
4.936832544340826449e-05
4.932080656062577835e-05
4.927347957194232566e-05
4.922610898422153546e-05
4.917931258406054183e-05
4.913211393477889848e-05
4.908618685712869850e-05
4.903929233304772515e-05
4.899251380100218636e-05
4.894562901795382597e-05
4.889862024779387907e-05
4.885138327508583997e-05
4.880462976011629741e-05
4.875773390380299885e-05
4.871094568794449766e-05
4.866426115343825071e-05
4.861736861705977399e-05
4.857022725498711058e-05
4.852326550990586639e-05
4.847637686299187122e-05
4.842959595631148088e-05
4.838292673646230817e-05
4.833639119689169959e-05
4.828996679092278834e-05
4.824362754147939173e-05
4.819739682754285069e-05
4.815130791809587419e-05
4.810543432096635894e-05
4.805979249853276921e-05
4.801434813646458029e-05
4.796919979286316284e-05
4.792433716663413451e-05
4.787936634620674114e-05
4.783474176095126235e-05
4.779012852108580409e-05
4.774614439178792097e-05
4.770207413887519955e-05
4.765841692585454824e-05
4.761463809929574836e-05
4.757063728450321806e-05
4.752688381092108068e-05
4.748335324275283070e-05
4.743986409900269601e-05
4.739637289838583332e-05
4.735309847190383403e-05
4.731018919273009875e-05
4.726718234114911057e-05
4.722433885715347150e-05
4.718155195195964996e-05
4.713864932612931824e-05
4.709591412873755860e-05
4.705315764761527008e-05
4.701063237584174700e-05
4.696828176946758927e-05
4.692614612441017017e-05
4.688417450940428940e-05
4.684231194467178408e-05
4.680032049047669937e-05
4.675870644604578123e-05
4.671706922059902685e-05
4.667590941622234366e-05
4.663471144816375613e-05
4.659357602001324209e-05
4.655239025955069292e-05
4.651141428036766317e-05
4.647050804844338998e-05
4.642959261343819249e-05
4.638882227315495137e-05
4.634827785177910510e-05
4.630778040637003581e-05
4.626757244078371533e-05
4.622768390188362767e-05
4.618756363897554327e-05
4.614804946009920322e-05
4.610845087176175294e-05
4.606908760573406392e-05
4.603005840401826654e-05
4.599134852754839536e-05
4.595259393871804180e-05
4.591373330068730180e-05
4.587492625843299935e-05
4.583634760963048519e-05
4.579820464098820752e-05
4.575977464229380557e-05
4.572193864318224824e-05
4.568420309911627893e-05
4.564670141041856662e-05
4.560919420784575833e-05
4.557223243439967271e-05
4.553568507072437531e-05
4.549900489397952155e-05
4.546247381826519436e-05
4.542634011724472695e-05
4.539057073734220431e-05
4.535453176252379824e-05
4.531930111363323849e-05
4.528396565032204038e-05
4.524874171923785231e-05
4.521412744510312711e-05
4.517975428449755521e-05
4.514499291074019973e-05
4.511111604114229393e-05
4.507668716623765558e-05
4.504289687292653885e-05
4.500886757944035690e-05
4.497462469954653403e-05
4.494076806728403595e-05
4.490757105414922809e-05
4.487413537370598993e-05
4.484127374539038262e-05
4.480880955305089963e-05
4.477638339179219011e-05
4.474413245661471798e-05
4.471190181222812359e-05
4.468081422283488581e-05
4.464929592312724227e-05
4.461811008036481192e-05
4.458732622271915176e-05
4.455665884417900688e-05
4.452733749080814310e-05
4.449674210737768090e-05
4.446650156974794481e-05
4.443571492857836466e-05
4.440515739827759759e-05
4.437494975117526707e-05
4.434575307062046696e-05
4.431737787435936245e-05
4.428874599472280263e-05
4.425981143671858944e-05
4.423061793646750663e-05
4.420106547609351319e-05
4.417130311581624801e-05
4.414227186972283879e-05
4.411350789789123423e-05
4.408487487530357064e-05
4.405627534123048754e-05
4.402741039474476206e-05
4.399875871890758733e-05
4.397004354731574475e-05
4.394140584124888398e-05
4.391257791664802452e-05
4.388343204930647383e-05
4.385524267265893111e-05
4.382675983916817832e-05
4.379825791768427655e-05
4.377031899831867551e-05
4.374250863257364292e-05
4.371519764163062506e-05
4.368764864647079491e-05
4.366091691127121222e-05
4.363559647189045934e-05
4.360984025634890383e-05
4.358445687859579588e-05
4.355931866752880765e-05
4.353513380752064199e-05
4.351092366653724642e-05
4.348722186975643913e-05
4.346266314162759362e-05
4.343799566514733258e-05
4.341395576486284852e-05
4.338904676468624723e-05
4.336498471849625850e-05
4.334053041560636995e-05
4.331602411080444793e-05
4.329121535807346554e-05
4.326648533574598671e-05
4.324161118578397783e-05
4.321674834531242246e-05
4.319187208389752822e-05
4.316746739013190942e-05
4.314339391569437833e-05
4.311908775699671581e-05
4.309552051660028762e-05
4.307320445809043795e-05
4.305058558229820341e-05
4.302776294811996421e-05
4.300527202097617104e-05
4.298192581188404554e-05
4.295805196325882099e-05
4.293372273047917282e-05
4.290904716565613141e-05
4.288464994821072115e-05
4.286060164723125504e-05
4.283594963669015840e-05
4.281106393581265876e-05
4.278610256963303736e-05
4.276083345813997116e-05
4.273468496832212815e-05
4.270916514949571653e-05
4.268317628652602402e-05
4.265835545670414771e-05
4.263314290365320176e-05
4.260810951810271922e-05
4.258359716216081396e-05
4.255836919810199642e-05
4.253365655155556840e-05
4.250837109340207420e-05
4.248368692795677034e-05
4.245887574705097315e-05
4.243407134914572201e-05
4.240915443165959897e-05
4.238432879582730854e-05
4.235950472951533613e-05
4.233484651072855708e-05
4.231001271107377726e-05
4.228548305570333329e-05
4.226107710164737371e-05
4.223684180742716458e-05
4.221203075067655655e-05
4.218800284570228094e-05
4.216310197609794491e-05
4.213880520423689339e-05
4.211385730289263170e-05
4.208868142424054153e-05
4.206373238809380920e-05
4.203931858975395883e-05
4.201543810340032211e-05
4.199091708530642073e-05
4.196660321078359381e-05
4.194286848333391359e-05
4.191947601182367708e-05
4.189601685474848614e-05
4.187239953887044130e-05
4.184905340052323940e-05
4.182594770015950507e-05
4.180274407209903022e-05
4.177945616172961985e-05
4.175637186041427165e-05
4.173290418294365228e-05
4.170927738344664597e-05
4.168535412966692052e-05
4.166133336370075923e-05
4.163733757254515442e-05
4.161362604938461133e-05
4.158976011857402476e-05
4.156593746647764163e-05
4.154204169138519696e-05
4.151784989000441084e-05
4.149314521409819647e-05
4.146924750796082145e-05
4.144485809709432829e-05
4.142072078526835106e-05
4.139623666880591944e-05
4.137197605815200072e-05
4.134790660466609142e-05
4.132374272413697792e-05
4.129994827791670610e-05
4.127572414107748532e-05
4.125177448770929841e-05
4.122802782834657324e-05
4.120461768796799482e-05
4.118145327042649340e-05
4.115841648996994132e-05
4.113541239311138442e-05
4.111268698232368416e-05
4.109047410882479194e-05
4.106807531882275986e-05
4.104597025797052242e-05
4.102367542506876302e-05
4.100162442899411668e-05
4.097986682512838125e-05
4.095845854611483255e-05
4.093729276325700113e-05
4.091563036458776176e-05
4.089469993926543373e-05
4.087397332444048817e-05
4.085316734173372158e-05
4.083261145048021177e-05
4.081228773074436990e-05
4.079189823485441911e-05
4.077165271143360096e-05
4.075176592604448818e-05
4.073169680967038907e-05
4.071155805033254435e-05
4.069127026911153474e-05
4.067123001977622699e-05
4.065053161475017172e-05
4.062974805539437548e-05
4.060887497085073844e-05
4.058875659174044216e-05
4.056824210820535263e-05
4.054746672746803085e-05
4.052734587598079001e-05
4.050666805624410113e-05
4.048636649024991643e-05
4.046658517637347145e-05
4.044691449827941549e-05
4.042732739708468061e-05
4.040784483366007576e-05
4.038828204667999755e-05
4.036941960842871141e-05
4.034960550653880545e-05
4.032971422448929728e-05
4.030975650033403172e-05
4.029054222727751836e-05
4.027091833207251462e-05
4.025136164262937440e-05
4.023161553118200201e-05
4.021169231089755271e-05
4.019161674537510256e-05
4.017102319740066416e-05
4.015052741382159378e-05
4.013051331987253317e-05
4.011039058909543031e-05
4.009064540087659256e-05
4.007127357423000461e-05
4.005201623968566440e-05
4.003250223969057682e-05
4.001291391921873482e-05
3.999302622180113978e-05
3.997351062105489758e-05
3.995414306786498632e-05
3.993554913668499328e-05
3.991658868183766719e-05
3.989809306310522605e-05
3.987943486033085908e-05
3.986085203293382532e-05
3.984270614844975458e-05
3.982426002463593440e-05
3.980572788182301419e-05
3.978706323133496671e-05
3.976819078585859047e-05
3.974878613603722135e-05
3.972942856057273630e-05
3.970992128762968317e-05
3.969069063644203226e-05
3.967115858558674032e-05
3.965207809734459657e-05
3.963263768797639419e-05
3.961314291477785308e-05
3.959432756608784827e-05
3.957521571987873411e-05
3.955682420217025019e-05
3.953845087943349320e-05
3.951990782670925228e-05
3.950150012661418798e-05
3.948270469462953952e-05
3.946444865291064700e-05
3.944557540836608203e-05
3.942636774748481962e-05
3.940754700472220897e-05
3.938819043100232319e-05
3.936935008156810671e-05
3.934991648791419773e-05
3.933057580091980015e-05
3.931123299679045079e-05
3.929189658064968923e-05
3.927277806886623937e-05
3.925402377692962418e-05
3.923540315213354325e-05
3.921642244214590585e-05
3.919713227542974280e-05
3.917772204122248078e-05
3.915840379076306039e-05
3.913900371140297636e-05
3.911937518029345157e-05
3.909992203789763811e-05
3.908035509109425621e-05
3.906058359460453549e-05
3.904070113588788620e-05
3.902087298229322740e-05
3.900128999505084892e-05
3.898220426746103960e-05
3.896308519135222243e-05
3.894386808175509567e-05
3.892490628825960347e-05
3.890592623622633604e-05
3.888675445683335851e-05
3.886776594412266739e-05
3.884901024441436652e-05
3.883020101888036006e-05
3.881144499464795342e-05
3.879227096319601043e-05
3.877308731187060678e-05
3.875400146907367790e-05
3.873494592511633782e-05
3.871620207669384525e-05
3.869726627904729983e-05
3.867842492580257071e-05
3.865994701946511616e-05
3.864115763526517047e-05
3.862267421357111187e-05
3.860417157675117070e-05
3.858597690630523704e-05
3.856766545471490375e-05
3.854919374505392870e-05
3.853057987247497358e-05
3.851209874147888755e-05
3.849371796678630297e-05
3.847547842138350336e-05
3.845698717989462495e-05
3.843862367906180537e-05
3.842012664391012268e-05
3.840180249178645603e-05
3.838310093108415722e-05
3.836453282914259081e-05
3.834608953896364767e-05
3.832747359450478669e-05
3.830912638622332734e-05
3.829072373606887873e-05
3.827207013296657508e-05
3.825350570071102369e-05
3.823482106079814728e-05
3.821567669897061405e-05
3.819681683698960683e-05
3.817782574307441236e-05
3.815870567604852322e-05
3.813975388796881131e-05
3.812079021508778303e-05
3.810195762700694836e-05
3.808341519475845125e-05
3.806443166314391632e-05
3.804605064813054764e-05
3.802759291717435619e-05
3.800930385279269370e-05
3.799141550489516187e-05
3.797319387770983626e-05
3.795519579948467660e-05
3.793716218663537780e-05
3.791919093345532624e-05
3.790120585722304763e-05
3.788335574551093322e-05
3.786577757250718683e-05
3.784821834059705451e-05
3.783088727794052769e-05
3.781371052477094209e-05
3.779670004456528004e-05
3.777995795925230701e-05
3.776309044939670846e-05
3.774609053789432114e-05
3.772968689949661013e-05
3.771354215586585865e-05
3.769746965083117324e-05
3.768142439598017832e-05
3.766540029922758903e-05
3.764942861271285184e-05
3.763326307485046157e-05
3.761677302621866639e-05
3.760028697578400320e-05
3.758375234770471371e-05
3.756715525995302777e-05
3.755090276891310977e-05
3.753421947097365869e-05
3.751739227109498771e-05
3.750046663611185496e-05
3.748324465476231027e-05
3.746580324969275426e-05
3.744819535314357166e-05
3.743047276625755801e-05
3.741271509898673285e-05
3.739508548058561942e-05
3.737735499720898157e-05
3.735991033584292088e-05
3.734226981679834856e-05
3.732452793105801121e-05
3.730703218295935509e-05
3.728954412994584829e-05
3.727198078210752308e-05
3.725476236875020710e-05
3.723749791202548946e-05
3.722010827817065617e-05
3.720283640969323553e-05
3.718547324881427260e-05
3.716811428738551836e-05
3.715076675564816562e-05
3.713344661077043869e-05
3.711613549978649590e-05
3.709886307774224612e-05
3.708119171558431858e-05
3.706387617104297952e-05
3.704645128727485385e-05
3.702883467263632403e-05
3.701126265190537421e-05
3.699352536238627439e-05
3.697585080661358131e-05
3.695825661805027631e-05
3.694044106565093019e-05
3.692272932710012682e-05
3.690507078960026250e-05
3.688714104119707377e-05
3.686943843277007855e-05
3.685195612422387186e-05
3.683432229039260234e-05
3.681677219763995231e-05
3.679915618140723496e-05
3.678160157095298311e-05
3.676433030231659435e-05
3.674688853759764854e-05
3.672955259257122272e-05
3.671228296407791310e-05
3.669493674731686610e-05
3.667745611414968573e-05
3.666012760006956010e-05
3.664286879134098524e-05
3.662545614097557271e-05
3.660801464710708729e-05
3.659060464677226036e-05
3.657326734511377660e-05
3.655592460392262524e-05
3.653872135695168519e-05
3.652137294816269340e-05
3.650412428262960618e-05
3.648675478669445213e-05
3.646974137692609008e-05
