1.440100841435457135e-02
1.485229483893482291e-02
1.316460809459175062e-02
1.234012712955824889e-02
1.154910858724314364e-02
1.101545035401909831e-02
1.057670559766282596e-02
1.012463493005981603e-02
9.677246311658055725e-03
9.298873471427599249e-03
8.952605529879881924e-03
8.626770226465433830e-03
8.409239855149410262e-03
8.168023727029483441e-03
7.946510578617832846e-03
7.733995772229051990e-03
7.544442065373251245e-03
7.351338570982665459e-03
7.180601876678062608e-03
7.018170470714619850e-03
6.869675246645993126e-03
6.716543261947888026e-03
6.570970724094585269e-03
6.432696939642219836e-03
6.304327156798564778e-03
6.183291417670508036e-03
6.067721863348154998e-03
5.958569590707545743e-03
5.854996265024373439e-03
5.756630978403289370e-03
5.663252588254243623e-03
5.574110870734166369e-03
5.490061299778164171e-03
5.410667542841712634e-03
5.333946556358028224e-03
5.260061233849005168e-03
5.191762081980759794e-03
5.124994599353754898e-03
5.062346084760493449e-03
5.001096319158023808e-03
4.942910261540606025e-03
4.890328046335094825e-03
4.838367523054100568e-03
4.786677758859605829e-03
4.735382698914574438e-03
4.688005870039033303e-03
4.640434160672407375e-03
4.596615683843873965e-03
4.554437896461017987e-03
4.512149677945830571e-03
4.469863663761193713e-03
4.427551775441222574e-03
4.386304670489641830e-03
4.346698179812265306e-03
4.308594529908262027e-03
4.271040713778453263e-03
4.234765894925233455e-03
4.200846711475955675e-03
4.169291790909512678e-03
4.138594886351323714e-03
4.107965346670699840e-03
4.079693799502399736e-03
4.050518655938579841e-03
4.021654933342814868e-03
3.995132899925249968e-03
3.967669853910039089e-03
3.940172127573178182e-03
3.913297710740246647e-03
3.887808963474983798e-03
3.861908338207787131e-03
3.837023778999757231e-03
3.812139185640543715e-03
3.788451450199800154e-03
3.766083204455647655e-03
3.743812254897100397e-03
3.722277749687959679e-03
3.701425110212223403e-03
3.679910024330125366e-03
3.658774457025740223e-03
3.637633063217515349e-03
3.617135581407672929e-03
3.597440679055899978e-03
3.579565831220181057e-03
3.561480257352333569e-03
3.544765042287011635e-03
3.527923585273390599e-03
3.512203692784499672e-03
3.495693284687140419e-03
3.479178540739216730e-03
3.462191540552032702e-03
3.445475403185268085e-03
3.428671235082446020e-03
3.411548183607737879e-03
3.394675831977408183e-03
3.378102443421467527e-03
3.362724636900190234e-03
3.347017196030103916e-03
3.331456718692744207e-03
3.316046274699360492e-03
3.301419227551900381e-03
3.286986171034677294e-03
3.272316043132661879e-03
3.257652354220188975e-03
3.242968007874284277e-03
3.228519171084845950e-03
3.214160483754819383e-03
3.200067101541131855e-03
3.185960949676048572e-03
3.172015646196000606e-03
3.158298381604739483e-03
3.144991196519659679e-03
3.131776496277656301e-03
3.118758729664797454e-03
3.105609601278624173e-03
3.092797919514504029e-03
3.080092008816383373e-03
3.067374830117448620e-03
3.054695696664330024e-03
3.042038691940093711e-03
3.029483655558581727e-03
3.016955512411024186e-03
3.004604569327224816e-03
2.992387406074150866e-03
2.980375952725189924e-03
2.968587687517935340e-03
2.957116753763153541e-03
2.945882121837176126e-03
2.934770789296556239e-03
2.923603230481613708e-03
2.912603809181101185e-03
2.901837652672045742e-03
2.891113170297104819e-03
2.880356200363477694e-03
2.869771741115243521e-03
2.859463555793778644e-03
2.849335297238837425e-03
2.839498088992984184e-03
2.829755348992104083e-03
2.820022490463310744e-03
2.810360865625876996e-03
2.800948130805053574e-03
2.791720903033323171e-03
2.782680240616155522e-03
2.773834731533455968e-03
2.765147786523175499e-03
2.756436487902447739e-03
2.748070765948321722e-03
2.739846654884759911e-03
2.731797753139888780e-03
2.723661987605304445e-03
2.715552438438570589e-03
2.707621819501484801e-03
2.699563140770419502e-03
2.692030331435472153e-03
2.684509709722890554e-03
2.677037767299915612e-03
2.669677980065371815e-03
2.662304065890137850e-03
2.655026788250510871e-03
2.647956562674686713e-03
2.641019219211754743e-03
2.634308533539030366e-03
2.627678091609369441e-03
2.621350622454075418e-03
2.615051732261827744e-03
2.608787666039273645e-03
2.602727882331397607e-03
2.596884287261573294e-03
2.590840363062468180e-03
2.584870809850517339e-03
2.579089790043034153e-03
2.573357196176578095e-03
2.567840820271266328e-03
2.562329706168884128e-03
2.556841851909676284e-03
2.551374842019679158e-03
2.545835370649802715e-03
2.540590295039427907e-03
2.535635189089468534e-03
2.530827425106954229e-03
2.525905657887607403e-03
2.520968021247505658e-03
2.516032796960656400e-03
2.511306178930780824e-03
2.506881954359530939e-03
2.502706623981139269e-03
2.498572736717631464e-03
2.494658117225994828e-03
2.490694193672533200e-03
2.486711524442015379e-03
2.482816949288087476e-03
2.478673494815761529e-03
2.474724491977923005e-03
2.470555315968326303e-03
2.466458967689987968e-03
2.462322376654034646e-03
2.458027566667832231e-03
2.453941435788210921e-03
2.449848956767540324e-03
2.445627268484917589e-03
2.441271638933306936e-03
2.437000344490235313e-03
2.432598788844455694e-03
2.428479088532097766e-03
2.424246694208011515e-03
2.420120454132449524e-03
2.416004368109739113e-03
2.411769976707643821e-03
2.407494966306478884e-03
2.403317607189931881e-03
2.399335563333496006e-03
2.395433045090744704e-03
2.391358364174704827e-03
2.387198058911094850e-03
2.383211596901148397e-03
2.379345466905251599e-03
2.375492079953165931e-03
2.371808684951168689e-03
2.368212827133881100e-03
2.364775119968959196e-03
2.361482176120470455e-03
2.358235500529036379e-03
2.355077582800842433e-03
2.351891572596019261e-03
2.348551975817154448e-03
2.345096714822463013e-03
2.341488382520704858e-03
2.337837830822076662e-03
2.334411581851257491e-03
2.330942442673737420e-03
2.327377611417321118e-03
2.324010106213977769e-03
2.320577471570303956e-03
2.317198881800983708e-03
2.313903471024015331e-03
2.310445483719701827e-03
2.306975107551786225e-03
2.303567786626897589e-03
2.300221055325216493e-03
2.296727625763526643e-03
2.293208455720441123e-03
2.289757210337810441e-03
2.286223698676956555e-03
2.282738085393952194e-03
2.279298207000877291e-03
2.275967151580691843e-03
2.272649935607916945e-03
2.269401317597165898e-03
2.266107066112531092e-03
2.262729415042037413e-03
2.259375125774422226e-03
2.256075492949439262e-03
2.252862108002426020e-03
2.249614922506824443e-03
2.246426967525004710e-03
2.243155718315149698e-03
2.239885841972114044e-03
2.236517367789995440e-03
2.233215077939292373e-03
2.229876881764268366e-03
2.226581711795751293e-03
2.223293035305001428e-03
2.220006185939071928e-03
2.216645039206493681e-03
2.213319635486254381e-03
2.209856222656555146e-03
2.206385027014518170e-03
2.202928183773789853e-03
2.199562737388807091e-03
2.196203803519796143e-03
2.192864426253997041e-03
2.189534947092017150e-03
2.186254299711101745e-03
2.182903799016884267e-03
2.179641098740338779e-03
2.176321884774153406e-03
2.173064490222100485e-03
2.169767435338594130e-03
2.166491371170406466e-03
2.163140361979898341e-03
2.159881283230306176e-03
2.156614890327917568e-03
2.153344619402172526e-03
2.150180188715269773e-03
2.147112931026621315e-03
2.144040056498434238e-03
2.141084137122942904e-03
2.138126601081590059e-03
2.135156903497324732e-03
2.132211770865511790e-03
2.129332595359264765e-03
2.126479562778754717e-03
2.123718356448303299e-03
2.120932552160232319e-03
2.118053090454010984e-03
2.115135623701781820e-03
2.112211294230794800e-03
2.109388509273871573e-03
2.106578285810855461e-03
2.103758422191267033e-03
2.100980094321860774e-03
2.098187343862569117e-03
2.095447429716497043e-03
2.092687896620237450e-03
2.089937944615284909e-03
2.087154880097356890e-03
2.084456708339617586e-03
2.081769360277847293e-03
2.079149977867557082e-03
2.076562573920270795e-03
2.074012711618756621e-03
2.071386675882740981e-03
2.068830268423604759e-03
2.066289614030811239e-03
2.063622998766978609e-03
2.060958610719369061e-03
2.058324844401088812e-03
2.055707928019730873e-03
2.053099394126177511e-03
2.050474636151654404e-03
2.047864534092026182e-03
2.045259198967473366e-03
2.042693877390345213e-03
2.040206973961162292e-03
2.037793943817578762e-03
2.035358047941374961e-03
2.032885319490645212e-03
2.030465730967693453e-03
2.028195727830084394e-03
2.025981043116339541e-03
2.023809814269291862e-03
2.021627708833506013e-03
2.019503856640182150e-03
2.017325224884299485e-03
2.015136025806574162e-03
2.012937672636991478e-03
2.010821340450175739e-03
2.008718687589167509e-03
2.006583002331143676e-03
2.004475559035408597e-03
2.002277569427701829e-03
2.000049558449292289e-03
1.997882262685124390e-03
1.995718341427105396e-03
1.993513790474581767e-03
1.991349209883914399e-03
1.989183984417611066e-03
1.987051456089407656e-03
1.984952183828826190e-03
1.982855256869061559e-03
1.980818654240861648e-03
1.978731101922248919e-03
1.976689127731558627e-03
1.974701865684920163e-03
1.972707585999597998e-03
1.970660726531716245e-03
1.968670042567229744e-03
1.966712330971345183e-03
1.964711706830158267e-03
1.962699393332097836e-03
1.960647237606971682e-03
1.958588602219059598e-03
1.956486124586104790e-03
1.954373420833535688e-03
1.952303106102343125e-03
1.950222880651972506e-03
1.948174676315193952e-03
1.946120927883233541e-03
1.944088350219527707e-03
1.942095625518288444e-03
1.940114701519113144e-03
1.938159254900596352e-03
1.936221707781549638e-03
1.934252051739871088e-03
1.932310516667540149e-03
1.930354744735735114e-03
1.928481226225084357e-03
1.926633514798530705e-03
1.924816873673268697e-03
1.922988313708697081e-03
1.921178590113223209e-03
1.919354309676144172e-03
1.917553888114076647e-03
1.915749712713074549e-03
1.913972460265171791e-03
1.912254496202701274e-03
1.910604984465356015e-03
1.908971883571744391e-03
1.907359775402560700e-03
1.905728150985369152e-03
1.904151235798101508e-03
1.902599750810390466e-03
1.901086040897486317e-03
1.899545596145650085e-03
1.898032451912023662e-03
1.896543013117388786e-03
1.895051133032704454e-03
1.893649494960054566e-03
1.892227364185914730e-03
1.890774485599757250e-03
1.889324480893514631e-03
1.887876463567697604e-03
1.886434385193921882e-03
1.884982445938927168e-03
1.883467084464436093e-03
1.882033854170250993e-03
1.880637175112346822e-03
1.879222482293738204e-03
1.877864112874201227e-03
1.876456540556562056e-03
1.875062260982316960e-03
1.873630871884804198e-03
1.872197762449242337e-03
1.870759899898392182e-03
1.869322250799799415e-03
1.867868255091504085e-03
1.866405899603738741e-03
1.864983787897070682e-03
1.863597291420524254e-03
1.862163562381354172e-03
1.860751797218820804e-03
1.859349293661432569e-03
1.857900646107631809e-03
1.856434164962934060e-03
1.855002075658877944e-03
1.853545573935277838e-03
1.852121036057321167e-03
1.850701912022892706e-03
1.849253095156413269e-03
1.847794463650869910e-03
1.846296132431261361e-03
1.844796330596467195e-03
1.843335737328074013e-03
1.841880682861080998e-03
1.840456177658440990e-03
1.839102906748248546e-03
1.837770410042169561e-03
1.836473318537644971e-03
1.835139736018519306e-03
1.833819074625567865e-03
1.832543860484237746e-03
1.831259714332167648e-03
1.829974241321889825e-03
1.828722060507571249e-03
1.827514232075312011e-03
1.826313706375776863e-03
1.825054090170862746e-03
1.823779716544843841e-03
1.822436635473421475e-03
1.821206849677935993e-03
1.819956803278323376e-03
1.818748406639738181e-03
1.817535401171834581e-03
1.816259318355588391e-03
1.814927954729504255e-03
1.813618650937074556e-03
1.812296834436389909e-03
1.810988173763001304e-03
1.809641220662563162e-03
1.808275627684682906e-03
1.806907312832499880e-03
1.805566647260023992e-03
1.804233505438990279e-03
1.802887861426907433e-03
1.801534823090704569e-03
1.800172357125645085e-03
1.798792293562843101e-03
1.797476397735594134e-03
1.796165458968118026e-03
1.794861794141801824e-03
1.793538581855473211e-03
1.792228767645716401e-03
1.790902749368243705e-03
1.789585548435342066e-03
1.788278117949408403e-03
1.786954545155637749e-03
1.785687104093318378e-03
1.784371586684544786e-03
1.783022562936026128e-03
1.781686756685742700e-03
1.780401187103895343e-03
1.779120953256433995e-03
1.777819480625662677e-03
1.776536502322609724e-03
1.775238519104398085e-03
1.773939492532731815e-03
1.772648076005312002e-03
1.771383160575807497e-03
1.770148359929576195e-03
1.768917462753998157e-03
1.767675810651262065e-03
1.766439551819216480e-03
1.765205198793441503e-03
1.764006579244396843e-03
1.762809349213651216e-03
1.761590381774731130e-03
1.760394183010040910e-03
1.759190023302153495e-03
1.757984502542336500e-03
1.756774519940197893e-03
1.755589208132560556e-03
1.754376975288522451e-03
1.753153446483027332e-03
1.751980321330673645e-03
1.750816417629113674e-03
1.749628870827042021e-03
1.748463519462463292e-03
1.747326780796575833e-03
1.746190966187106345e-03
1.745099070657331287e-03
1.744001069935468239e-03
1.742922074019529052e-03
1.741828446008492678e-03
1.740723585090951393e-03
1.739607628543148954e-03
1.738437148583597911e-03
1.737288740334065780e-03
1.736144738565017749e-03
1.735024009556193235e-03
1.733888182739687801e-03
1.732775078671529344e-03
1.731656567565389255e-03
1.730555230408407572e-03
1.729441521086691556e-03
1.728317117127796008e-03
1.727232219196493841e-03
1.726131539489424594e-03
1.725018999387414225e-03
1.723888407128119438e-03
1.722741007537019475e-03
1.721612510181180257e-03
1.720494608759702950e-03
1.719352399852031423e-03
1.718188324887043100e-03
1.717026311874934917e-03
1.715864694866408875e-03
1.714697104829433381e-03
1.713530001073365573e-03
1.712384960765924238e-03
1.711225486097587125e-03
1.710030538916358341e-03
1.708848223490887696e-03
1.707665568189691615e-03
1.706473956301552504e-03
1.705290375225976306e-03
1.704109927009548643e-03
1.702948929441633385e-03
1.701760210264189601e-03
1.700570344958878726e-03
1.699378982942638177e-03
1.698168437080948374e-03
1.696980442322467558e-03
1.695792900388283465e-03
1.694637558412478940e-03
1.693474570122473905e-03
1.692298309659837985e-03
1.691124444492769210e-03
1.689956804066177843e-03
1.688792025530640260e-03
1.687618023998983894e-03
1.686458332637568152e-03
1.685285534152663849e-03
1.684122282451175215e-03
1.682987857922021123e-03
1.681821467521616483e-03
1.680659003207074075e-03
1.679501033583620821e-03
1.678359228437897215e-03
1.677219976792577788e-03
1.676078511903898293e-03
1.674934049528842934e-03
1.673811870380522088e-03
1.672682803642372472e-03
1.671557001017461453e-03
1.670449065971506969e-03
1.669335583333419418e-03
1.668227900178875008e-03
1.667121976044325365e-03
1.666010012188287159e-03
1.664909560902496982e-03
1.663811639635729865e-03
1.662678939939170233e-03
1.661557475471605802e-03
1.660437784448877017e-03
1.659317197889366782e-03
1.658190273277149749e-03
1.657063354123524627e-03
1.655921126838231843e-03
1.654775161084019210e-03
1.653622137427718719e-03
1.652472062845064538e-03
1.651344702475228713e-03
1.650223753079565646e-03
1.649123214455722230e-03
1.648022208089291963e-03
1.646902759259881313e-03
1.645802363425925667e-03
1.644719099507154468e-03
1.643613651155898447e-03
1.642506021712256733e-03
1.641393596443512523e-03
1.640280368816260988e-03
1.639151345591944534e-03
1.638007727609020695e-03
1.636846309385404192e-03
1.635692564527943278e-03
1.634541582715711610e-03
1.633398935262601404e-03
1.632284893239620846e-03
1.631179341268691654e-03
1.630081376823169477e-03
1.628955040388268107e-03
1.627838534104774455e-03
1.626725957738741919e-03
1.625622260076737451e-03
1.624506297927356567e-03
1.623404808540409271e-03
1.622323129963570672e-03
1.621267933511565161e-03
1.620234880930360903e-03
1.619199749749400570e-03
1.618189762130239689e-03
1.617187624050113199e-03
1.616201647066578756e-03
1.615205209291515091e-03
1.614211331491862767e-03
1.613220110464675446e-03
1.612243895648568081e-03
1.611292243252836339e-03
1.610334101866572410e-03
1.609380664917614773e-03
1.608425443294990691e-03
1.607474374087962876e-03
1.606521073335989052e-03
1.605576480705019462e-03
1.604632327794981630e-03
1.603685144285871972e-03
1.602763473052958021e-03
1.601840043130520847e-03
1.600924846597804110e-03
1.599994848637944188e-03
1.599069677455045241e-03
1.598138930392251338e-03
1.597205737511871214e-03
1.596258835657801776e-03
1.595300555426552858e-03
1.594342253585313667e-03
1.593404019481225531e-03
1.592478153889781813e-03
1.591572669969665982e-03
1.590645605159880880e-03
1.589694132691912582e-03
1.588761780398846623e-03
1.587849805355637548e-03
1.586932433091502647e-03
1.586024026399657314e-03
1.585102821322429681e-03
1.584185485042553321e-03
1.583277329230233909e-03
1.582376047047762092e-03
1.581492345975283242e-03
1.580597524817220489e-03
1.579701638881476130e-03
1.578764199964402320e-03
1.577831625433790720e-03
1.576897309705502194e-03
1.575961459669460336e-03
1.575028954168466912e-03
1.574105876609390234e-03
1.573173093951910897e-03
1.572241137958912786e-03
1.571314981319040004e-03
1.570391486534677972e-03
1.569471917798762571e-03
1.568556361412798373e-03
1.567655997449321319e-03
1.566749427749144141e-03
1.565854068891549787e-03
1.564964427372418990e-03
1.564082350637191867e-03
1.563211906547880064e-03
1.562340205154163358e-03
1.561462933598456362e-03
1.560609458196866861e-03
1.559760892416836705e-03
1.558915059575675466e-03
1.558083179328364262e-03
1.557251814107725625e-03
1.556426159661517808e-03
1.555584548863550142e-03
1.554748905082973956e-03
1.553930825170343104e-03
1.553114914951005988e-03
1.552276934853609675e-03
1.551437248528094283e-03
1.550622517722514797e-03
1.549801036370273069e-03
1.548986512857655241e-03
1.548162050041712373e-03
1.547354932148750249e-03
1.546566845873630991e-03
1.545775690600825324e-03
1.544984701081539074e-03
1.544188771761381739e-03
1.543399225686555151e-03
1.542625208553745396e-03
1.541831928123967672e-03
1.541042149410985600e-03
1.540262791500033842e-03
1.539483108123528270e-03
1.538699906899171571e-03
1.537929250446716696e-03
1.537147456921293545e-03
1.536362927350478627e-03
1.535587453327800361e-03
1.534819706395135295e-03
1.534057986205097750e-03
1.533298178413944422e-03
1.532547298322259680e-03
1.531793032045646128e-03
1.531030580764800465e-03
1.530275060567802070e-03
1.529519005508165339e-03
1.528773383075486894e-03
1.528029499063170106e-03
1.527284417592117416e-03
1.526524840686222699e-03
1.525779448319187223e-03
1.525029245205396147e-03
1.524287790379417985e-03
1.523537679317941247e-03
1.522794144654849571e-03
1.522047828852164967e-03
1.521302030681914242e-03
1.520548658989774897e-03
1.519799867394814241e-03
1.519051047663839017e-03
1.518293641195715650e-03
1.517543393989126584e-03
1.516794624055325990e-03
1.516074941402723421e-03
1.515357425086777572e-03
1.514641429319430214e-03
1.513932107163673936e-03
1.513216363726749194e-03
1.512482992441529887e-03
1.511754211180613931e-03
1.511012604016101621e-03
1.510288961599770335e-03
1.509553916535249889e-03
1.508823702864992402e-03
1.508088528263394493e-03
1.507352751809900139e-03
1.506614972040045981e-03
1.505881019128630250e-03
1.505158438985102539e-03
1.504435005220039175e-03
1.503708634178748879e-03
1.502985684927361657e-03
1.502268434644941312e-03
1.501555128078491726e-03
1.500851901303299667e-03
1.500133333950887625e-03
1.499428350605446283e-03
1.498721462940904095e-03
1.498003835181567055e-03
1.497291530334644025e-03
1.496578794982646697e-03
1.495884235645623082e-03
1.495190953059985072e-03
1.494498805930268622e-03
1.493795643808105587e-03
1.493114883906914922e-03
1.492433646727994983e-03
1.491767367832583365e-03
1.491107481262060781e-03
1.490462007061845156e-03
1.489820531793797573e-03
1.489186906598603897e-03
1.488542499805256460e-03
1.487906911004929257e-03
1.487292420886526453e-03
1.486678181510947289e-03
1.486061421696726042e-03
1.485429345121312304e-03
1.484806134832598401e-03
1.484181686180109693e-03
1.483563963695789427e-03
1.482943022958606825e-03
1.482319828879942068e-03
1.481701614735447857e-03
1.481074922438342266e-03
1.480454320131518705e-03
1.479826580023666308e-03
1.479199139711456432e-03
1.478568110463435040e-03
1.477958416940790189e-03
1.477340327029257137e-03
1.476702923585814908e-03
1.476069602967826268e-03
1.475449130316517764e-03
1.474828049342603864e-03
1.474191500421785086e-03
1.473548421238396250e-03
1.472916488893671969e-03
1.472295225680538694e-03
1.471664042898152176e-03
1.471037910396812316e-03
1.470414273355042560e-03
1.469803376137794734e-03
1.469188876369084251e-03
1.468570673078791041e-03
1.467941637696521190e-03
1.467325532054944599e-03
1.466725071449104549e-03
1.466132770975153493e-03
1.465541184833220453e-03
1.464950502228542194e-03
1.464352633093004164e-03
1.463769442694207428e-03
1.463188353688366821e-03
1.462617559680595312e-03
1.462039951049199944e-03
1.461467332866897605e-03
1.460890023025534449e-03
1.460301748391875818e-03
1.459713778235948410e-03
1.459131451788721681e-03
1.458549908535252413e-03
1.457972847046509193e-03
1.457382144133816115e-03
1.456789138821674859e-03
1.456194222260545320e-03
1.455603976764904828e-03
1.455013400383189069e-03
1.454407454164609792e-03
1.453805744698205083e-03
1.453215470706277447e-03
1.452622049623949248e-03
1.452023948783203681e-03
1.451426094334748581e-03
1.450826353030315163e-03
1.450235746164258007e-03
1.449639959206855833e-03
1.449049349188120473e-03
1.448461144693998165e-03
1.447874810737792691e-03
1.447272566017157504e-03
1.446674423749739298e-03
1.446083431585245540e-03
1.445489999299089763e-03
1.444904466694658723e-03
1.444298289670751471e-03
1.443707129235062992e-03
1.443112597355634226e-03
1.442508766795605208e-03
1.441920127841698780e-03
1.441335305829762091e-03
1.440745535649441689e-03
1.440148923338906021e-03
1.439563789552965800e-03
1.438975156490741262e-03
1.438374783672273418e-03
1.437790574608647761e-03
1.437202582576361989e-03
1.436620067797934148e-03
1.436031658276523725e-03
1.435450003410163218e-03
1.434849784405443137e-03
1.434254282037132188e-03
1.433663854039747294e-03
1.433088916306814176e-03
1.432518356723433157e-03
1.431957944044528076e-03
1.431402230976576428e-03
1.430846889401439590e-03
1.430284773432362192e-03
1.429721028396404702e-03
1.429168436528761030e-03
1.428607984275079984e-03
1.428055290798687770e-03
1.427506775134148101e-03
1.426963054271778754e-03
1.426416299807924809e-03
1.425864586044210333e-03
1.425297135353666058e-03
1.424734433983954225e-03
1.424176572931406398e-03
1.423609636906975019e-03
1.423047360218235215e-03
1.422480536366372379e-03
1.421927270470595053e-03
1.421359419497553308e-03
1.420773400178442425e-03
1.420186634525883156e-03
1.419603842070457167e-03
1.419021964124137641e-03
1.418446703917675307e-03
1.417873192282494447e-03
1.417301583825285359e-03
1.416733948869782975e-03
1.416174706982772100e-03
1.415605528858275000e-03
1.415044352970968276e-03
1.414482187475543445e-03
1.413919622278402661e-03
1.413367071080682798e-03
1.412819473664431299e-03
1.412271227586490334e-03
1.411726309067648294e-03
1.411179690840392523e-03
1.410625466823473527e-03
1.410074261215513288e-03
1.409525269576659403e-03
1.408965066301349914e-03
1.408403030704707569e-03
1.407834400816076895e-03
1.407263052802707913e-03
1.406700878451715760e-03
1.406131268548891809e-03
1.405561951928739010e-03
1.404999279985556532e-03
1.404442674016199294e-03
1.403888624905453393e-03
1.403331842148834675e-03
1.402771725020938607e-03
1.402216492238198085e-03
1.401667881012194292e-03
1.401121726210030225e-03
1.400586041490673415e-03
1.400051796524542100e-03
1.399514345191791090e-03
1.398975470801691471e-03
1.398443243491218589e-03
1.397914198839721482e-03
1.397379241590251736e-03
1.396846255381781676e-03
1.396312896518611983e-03
1.395778000717485179e-03
1.395249246543150577e-03
1.394734554942815129e-03
1.394233094932683823e-03
1.393728347133321764e-03
1.393227977510388743e-03
1.392721934256398132e-03
1.392212334122253830e-03
1.391718349775582101e-03
1.391225145415567232e-03
1.390725169473745792e-03
1.390231899635716853e-03
1.389739899242974216e-03
1.389232915969836448e-03
1.388729782809277474e-03
1.388219959035030858e-03
1.387706255265075189e-03
1.387188386167057886e-03
1.386676420570895699e-03
1.386149661306525531e-03
1.385628246244193082e-03
1.385101710533633360e-03
1.384570023596732539e-03
1.384035575890972753e-03
1.383509385627318703e-03
1.382980692096469778e-03
1.382454260200490902e-03
1.381928118452283288e-03
1.381394598012811777e-03
1.380867623519315638e-03
1.380347180949405500e-03
1.379814091204047176e-03
1.379265110590212513e-03
1.378724951538156437e-03
1.378189501651398523e-03
1.377656199227731641e-03
1.377117064686668967e-03
1.376580516851311393e-03
1.376036749795697288e-03
1.375499523397502501e-03
1.374958460028452090e-03
1.374414822398822020e-03
1.373868746286570830e-03
1.373319029991453130e-03
1.372762356659530062e-03
1.372204770669472381e-03
1.371649905718408868e-03
1.371085379004492689e-03
1.370516943531407527e-03
1.369945627198371598e-03
1.369375591220570697e-03
1.368807060136515005e-03
1.368242762061893823e-03
1.367678348738250510e-03
1.367113871997711980e-03
1.366548629914591823e-03
1.365995458052158325e-03
1.365440397099899721e-03
1.364880667944228746e-03
1.364326751437511948e-03
1.363780503033315506e-03
1.363233929841270106e-03
