1.220613708714238328e+03
1.096851674802692742e+03
1.096851674802692742e+03
1.305707600639810835e+03
1.597192985431538318e+03
1.757834925300399163e+03
1.331173976832633798e+03
1.382004791286906766e+03
1.229845829782585952e+03
1.196926210784868090e+03
1.505513980681954308e+03
1.790316721774246616e+03
1.332773008420821270e+03
1.671231769918922737e+03
1.275569337058686415e+03
1.699095949164559897e+03
1.385514750419774373e+03
1.723706450530386746e+03
1.322650154161340197e+03
1.281036766517298929e+03
9.288488354605975701e+02
1.450438798415110341e+03
1.450084253900521389e+03
1.255105533013166905e+03
1.730299598042821117e+03
1.368731669429266731e+03
1.580199508309084422e+03
1.312130243818751978e+03
1.273935746437103717e+03
1.882671320999553899e+01
1.761083560563311948e+03
1.622986672258581621e+03
1.480580060623595500e+03
1.290214411206467503e+03
1.226958948984430435e+03
1.499529252715645725e+03
1.001038510481927347e+03
1.251531767592435699e+03
1.248158053594731882e+03
1.463529277908960012e+03
1.827076284884300776e+03
1.602478409524481776e+03
1.391992519183848572e+03
1.321586361787148462e+03
1.394504571459857800e+01
2.236692464009722244e+03
1.404633796901491678e+03
1.597110418781983981e+03
1.693252870551271371e+03
1.554681331967287178e+03
1.062844191476219066e+03
1.424002772383659021e+03
1.476845679576119437e+03
1.182979155282049305e+03
1.395415698999194092e+03
1.658210037969323821e+03
1.349960472534088694e+03
1.615658075229551287e+03
1.447646533415691010e+03
1.278416689701798077e+03
1.835406450255650498e+03
1.656942760231928332e+03
1.509560482092835173e+03
1.437244573739610587e+03
1.971041558648024420e+03
1.308958039171782048e+03
9.637265819509601670e+02
1.436047947426770179e+03
1.688347810039651904e+03
1.522965484550614519e+03
1.631455808017788513e+03
1.293975769505517519e+03
1.698942648517420821e+03
1.578880121237956018e+03
1.283607904858591155e+03
1.827418860753050012e+03
1.130345544845846916e+03
1.389706081545611369e+03
1.390050301164237453e+03
1.566388209221205670e+03
1.304378713596174975e+03
1.234669519607459279e+03
1.743834262430877743e+03
1.330983546152250028e+03
1.882134656565734758e+03
1.356312807930449480e+03
1.305501765590122432e+03
1.605838063948963736e+03
1.615081571407486308e+03
1.817277449318010440e+03
1.355923379192706989e+03
1.772285755871867877e+03
1.427565767396730507e+03
2.025376758511930575e+03
1.550747998106401155e+03
1.835128471293952771e+03
1.706368470678942913e+03
1.515016178155158741e+03
1.354315339927655941e+03
6.473948966004040528e+01
