5.184315044264170865e+03
5.365380916941094256e+03
5.365380916941094256e+03
4.910770888260234642e+03
4.963972554537901487e+03
5.541144436864288764e+03
4.933195741851170169e+03
5.006315297195854328e+03
4.844312228693826000e+03
4.744302903042712387e+03
4.712520972526897822e+03
5.383085918740563102e+03
4.960521366993655647e+03
4.870169576202129065e+03
5.713829835928222565e+03
5.567453690790651308e+03
5.666984241179691708e+03
5.362559135576780136e+03
5.565638241462480437e+03
5.235064382001573904e+03
4.875379426570752003e+03
4.271959534839005755e+03
4.917975645831852489e+03
5.483206555714656133e+03
5.061137502368255809e+03
4.392548137721130843e+03
5.769332005588319589e+03
5.377429900887334043e+03
4.680305511892996947e+03
4.790070021922497290e+03
5.124581672429762875e+03
4.717326245323810326e+03
5.226018523183388425e+03
4.311077545163820105e+03
5.128421597561228737e+03
4.779464592557097603e+03
4.897581683575483112e+03
5.402820548766772845e+03
5.354712906126131202e+03
5.522363387181679172e+03
4.629275050665096387e+03
5.794081590903848337e+03
5.279521631623579196e+03
4.943014565988210052e+03
5.245074932336280654e+03
4.864389257982914387e+03
5.475694866494430244e+03
5.383229592854857401e+03
5.027097268287042425e+03
4.509475263159970382e+03
4.574140462131083041e+03
5.149594978418594110e+03
6.191449990816417994e+03
5.860858225609982583e+03
5.858530886951627508e+03
4.049814087329556969e+03
4.580124585436740745e+03
3.993360047232353281e+03
5.555734873963710925e+03
6.014503799924228588e+03
5.088059140869101611e+03
4.830058705057342195e+03
5.084097184609131546e+03
4.621029608142037432e+03
4.178650231611462914e+03
3.802364841292880556e+03
5.929099734653741507e+03
4.874562941518376647e+03
5.066107372638367451e+03
4.253320025275693297e+03
5.261697995307390556e+03
5.243948161827037438e+03
4.516424685476667037e+03
4.924308929444729984e+03
6.182464720126858992e+03
5.359817560067973318e+03
5.397987766473470401e+03
5.638731753167020543e+03
5.390149969654888991e+03
4.266341155565899498e+03
4.989961581682872747e+03
5.156577479804495852e+03
5.448495162858632284e+03
6.291955035899954964e+03
4.688337967186452261e+03
5.578659372184761196e+03
5.167211687528318180e+03
5.353629415762510689e+03
5.307303921100112348e+03
5.339620237247570913e+03
5.237437716444844227e+03
5.451914164260820144e+03
4.301043286269657983e+03
5.220376917868505188e+03
5.108406544685361041e+03
4.609148969704359843e+03
5.367290744961273049e+03
4.751418333785897630e+03
4.256832693568188915e+03
5.477146421876768727e+03
