5.425386831258470920e+03
6.104356819281036223e+03
6.104356819281036223e+03
4.938514880394739521e+03
5.638357234012255503e+03
5.606746476907987017e+03
5.453867398888830394e+03
7.684096859353188847e+03
5.930723963376895881e+03
5.761069132103020820e+03
5.557553662115768020e+03
5.213548262637648804e+03
5.642790914702373811e+03
5.772047208093827976e+03
5.489734935849720387e+03
5.236158919717707249e+03
6.263205472751723391e+03
5.852596635259013055e+03
4.797788905867467292e+03
5.334760730154978773e+03
6.550339689421291951e+03
5.951371578811050313e+03
5.486700336157781749e+03
5.416583057333082252e+03
5.765224809860825189e+03
6.103709550788822526e+03
5.031951950080557253e+03
5.341903069674936887e+03
6.970252587395567389e+03
6.404161049696961527e+03
5.632977148212765314e+03
5.042687749716023973e+03
6.562490585241946064e+03
6.229970674144933582e+03
6.023550967121464964e+03
5.785656362332299977e+03
6.880581795702640193e+03
5.881434216291344455e+03
5.020596613170528144e+03
6.289386993351132332e+03
5.856087744058017961e+03
5.585618169037501502e+03
5.345458279840428077e+03
5.326771807968457324e+03
5.953815546544159588e+03
5.713915563319306784e+03
6.518155732284379155e+03
6.126779915660911684e+03
5.450815951065350419e+03
6.503401754203045130e+03
5.774095594977807195e+03
5.881143700652541156e+03
4.820531245734565346e+03
4.663214427855434224e+03
6.079560593091802730e+03
6.500612535741040119e+03
5.753637133709274167e+03
4.933922746795777130e+03
6.135815551565642636e+03
6.472975845495513568e+03
4.542618425104824382e+03
5.298192356384737650e+03
6.157703445339020618e+03
5.521857387595430737e+03
6.029172630124617172e+03
5.059778686064923022e+03
6.865478199929885704e+03
4.782732698946418168e+03
5.436165630393171341e+03
5.522562727999435083e+03
5.476318751794134187e+03
5.015239103460498882e+03
4.259090576695552954e+03
4.865678381222312055e+03
6.488409762948237585e+03
5.334103785174333098e+03
5.535290101995663463e+03
5.548214243613468170e+03
6.491801430443968457e+03
4.619706903835352932e+03
5.909354468150656430e+03
5.354128312458125038e+03
4.955654474761898200e+03
5.621620478877293863e+03
5.916529805083609972e+03
7.379840301539426946e+03
6.928195245728124974e+03
6.403767182475155096e+03
5.107284189593825431e+03
5.406460276992344006e+03
5.600879096415255844e+03
5.165129254121282429e+03
5.836131966581502638e+03
4.535201570097770855e+03
4.977438308637740192e+03
6.202498367690395753e+03
6.583615214551082317e+03
5.379436339047876572e+03
6.132786513361872494e+03
5.534405175038305970e+03
