8.548558365000062664e-04
7.339867747926941436e-04
6.739043331590565669e-04
5.902359791690978434e-04
5.368346816498545393e-04
4.947383050151603649e-04
4.656994719366820364e-04
4.379595893726319421e-04
4.152131611367691809e-04
3.970844231803049478e-04
3.792459496757608875e-04
3.645030069946856633e-04
3.507601935599927233e-04
3.391071371395916250e-04
3.283641110499789886e-04
3.187454141724028610e-04
3.105366671750463660e-04
3.024566053443955333e-04
2.944518396724302091e-04
2.870063367152227846e-04
2.801284003405494875e-04
2.736908773527042035e-04
2.676998088485357157e-04
2.620897111249229625e-04
2.568359633560429582e-04
2.518886190740497527e-04
2.471890291744125953e-04
2.427370746373471962e-04
2.385273840247704405e-04
2.345486037103935301e-04
2.307348020302505255e-04
2.271199424165936212e-04
2.236792973658542280e-04
2.204088106281995292e-04
2.172679109345579743e-04
2.142615980494297085e-04
2.113464258823137141e-04
2.085490363970982650e-04
2.058802155361017709e-04
2.033212089722341435e-04
2.008425377289233590e-04
1.985012533212752680e-04
1.962152703246524917e-04
1.940067673242904911e-04
1.918961940944531499e-04
1.898013201146965447e-04
1.877737443077321939e-04
1.858076729418776149e-04
1.839070136560749954e-04
1.820589175311983958e-04
1.802654408892349338e-04
1.785246496474745962e-04
1.768326476424571638e-04
1.751884618158787009e-04
1.735928690024112365e-04
1.720364590483419319e-04
1.705242095730683406e-04
1.690482533313317811e-04
1.676123409285755527e-04
1.662108308303288746e-04
1.648481906450626887e-04
1.635305690135926472e-04
1.622458080845798985e-04
1.610097341754668297e-04
1.598010544849539803e-04
1.586148276119853822e-04
1.574595781049699123e-04
1.563357791999239982e-04
1.552347641330888064e-04
1.541484915784744074e-04
1.530695025396198159e-04
1.520288914813197156e-04
1.510001710155831891e-04
1.500128172264545172e-04
1.490541027325844562e-04
1.481133479911905337e-04
1.471989259073775661e-04
1.462803219078650445e-04
1.453812857242398776e-04
1.445067379418928154e-04
1.436366491711094377e-04
1.427742123738482154e-04
1.419289469108192731e-04
1.410950481192511951e-04
1.402690815199575814e-04
1.394634718607005400e-04
1.386656142260948735e-04
1.378855703282081074e-04
1.371168815670297501e-04
1.363561462828388358e-04
1.356053945847108665e-04
1.348689829653370936e-04
1.341440614920410548e-04
1.334293160231419129e-04
1.327256752233819416e-04
1.320349498676980093e-04
1.313538056423455751e-04
1.306821609936692627e-04
1.300218165137084466e-04
1.293703666365853119e-04
1.287294663308415164e-04
1.280973945152786848e-04
1.274740885914866920e-04
1.268603250429036324e-04
1.262548284769109499e-04
1.256586889663681775e-04
1.250712613426331176e-04
1.244911787696556657e-04
1.239189891044768592e-04
1.233544411291477214e-04
1.227976722456578863e-04
1.222489807385061529e-04
1.217079169152662804e-04
1.211734094193727941e-04
1.206475521743454712e-04
1.201298429114537716e-04
1.196210794188843230e-04
1.191218312682358052e-04
1.186312480712813951e-04
1.181438914189632456e-04
1.176596871116717926e-04
1.171875775748611084e-04
1.167181681364168203e-04
1.162602259382955944e-04
1.158036716224752341e-04
1.153546175216537057e-04
1.149238734133911692e-04
1.144978689857700181e-04
1.140739266122924332e-04
1.136570174728776636e-04
1.132592696725899712e-04
1.128556359177704303e-04
1.124642517920043059e-04
1.120788111702931196e-04
1.117009795978759655e-04
1.113255609296744900e-04
1.109716771500431694e-04
1.106205697984296795e-04
1.102719060458397970e-04
1.099496223126351533e-04
1.096124409109589952e-04
1.092803943414495064e-04
1.089600650046516320e-04
1.086375445261853151e-04
1.083073450791036840e-04
1.079801188204248055e-04
1.076745349242377305e-04
1.073603293202357427e-04
1.070551642452184703e-04
1.067459279331110962e-04
1.064405189645344497e-04
1.061309558986129248e-04
1.058307523842492173e-04
1.055258408444268993e-04
1.052361253266625204e-04
1.049536448626104096e-04
1.046686761898252781e-04
1.043798581813227964e-04
1.040924402208996560e-04
1.038026808215005282e-04
1.035085772202463039e-04
1.032161343319835885e-04
1.029256884775001839e-04
1.026326601343038446e-04
1.023513444790549780e-04
1.020678493636453994e-04
1.017838092698807609e-04
1.015017748570331538e-04
1.012242495959913007e-04
1.009460294273439493e-04
1.006702800533769968e-04
1.003936568302939977e-04
1.001209345998698092e-04
9.986488690019388866e-05
9.960508072433819004e-05
9.934960075935126951e-05
9.909219883639060937e-05
9.883982471216308356e-05
9.859686131613584824e-05
9.835747894338794039e-05
9.811691216477106466e-05
9.788131703497286620e-05
9.764476779746789992e-05
9.740488336918105828e-05
9.718026366002949299e-05
9.695955329723098025e-05
9.673863188698308057e-05
9.651895390073483621e-05
9.630029226966994209e-05
9.608003740476384470e-05
9.586051941494561838e-05
9.564462741831572816e-05
9.542892879628002087e-05
9.521908185275630059e-05
9.501051497346279877e-05
9.480972273757241919e-05
9.460832999913095323e-05
9.441778262628229015e-05
9.422301739923219705e-05
9.402603924195610387e-05
9.383395567354792808e-05
9.363689265418996858e-05
9.343220929025413627e-05
9.322995586710496204e-05
9.302652599002312987e-05
9.282360554898785420e-05
9.261923414298386644e-05
9.241098767839966955e-05
9.220169149735317309e-05
9.199380590014431900e-05
9.178500205206892629e-05
9.157709542052350042e-05
9.136868806780815741e-05
9.116243131366977628e-05
9.095786683342760488e-05
9.075307448907146278e-05
9.055024762069915152e-05
9.034674733795556353e-05
9.014676075484704429e-05
8.994895447611788006e-05
8.975303205046555920e-05
8.955990002219861546e-05
8.936770154830676568e-05
8.917813503175277994e-05
8.898734656453990391e-05
8.879561240997599489e-05
8.860701467605954895e-05
8.841857479945280571e-05
8.823203471767989423e-05
8.804345043509854616e-05
8.785640146061363413e-05
8.767057949615672801e-05
8.748552975185575184e-05
8.730135094101903928e-05
8.711891330355844712e-05
8.693680100644518235e-05
8.675676538954612931e-05
8.657813031142572288e-05
8.640069326262563682e-05
8.622426304419493937e-05
8.604985182121725686e-05
8.587775110753050631e-05
8.570639674615027862e-05
8.553465885506147579e-05
8.536190316515012853e-05
8.519001701902128600e-05
8.501883195825190166e-05
8.484957933795765270e-05
8.468047899311837161e-05
8.451223436830958345e-05
8.434431003235452967e-05
8.417709572669095520e-05
8.401067425954856149e-05
8.384515884979007331e-05
8.368104737961428417e-05
8.351773467367204344e-05
8.335641463481102968e-05
8.319676170090404567e-05
8.303923639462532623e-05
8.288190413329767081e-05
8.272532111995494560e-05
8.257214164614940790e-05
8.242030457223750738e-05
8.226741123024763913e-05
8.211451230504599439e-05
8.196543398342277169e-05
8.181615413200410674e-05
8.167033374206032347e-05
8.152635891275789048e-05
8.138613668471990814e-05
8.124426902450510284e-05
8.110619289398356092e-05
8.096717845904830577e-05
8.082936134472819528e-05
8.068969515052004573e-05
8.055198118827225470e-05
8.041805309262650171e-05
8.028282513945268371e-05
8.014607646133972967e-05
8.001084985354052904e-05
7.987612398223609090e-05
7.974552639772001259e-05
7.961421846196475947e-05
7.948329997168145761e-05
7.935339843625737323e-05
7.922737681815905176e-05
7.909968959276629508e-05
7.897263257041926550e-05
7.884868334925055906e-05
7.872618336302459794e-05
7.860275269236105262e-05
7.848111958011433429e-05
7.835974112460059981e-05
7.823981456628632401e-05
7.812196949277855796e-05
7.800214085930840544e-05
7.788512169596696047e-05
7.776725918954901715e-05
7.764893522971387529e-05
7.753091720482121975e-05
7.741377102089561980e-05
7.729809914030293214e-05
7.718449763190513664e-05
7.707055689960191935e-05
7.696088144438633380e-05
7.685438318915483813e-05
7.674443695945478035e-05
7.663291926328709457e-05
7.652206920135994409e-05
7.641188788771140347e-05
7.630325696048497191e-05
7.619436990786557825e-05
7.608581016790322445e-05
7.597848968483075349e-05
7.587023697428914022e-05
7.576167004824201068e-05
7.565729371160580176e-05
7.555278373991076350e-05
7.544810289092922933e-05
7.534565568905550502e-05
7.524382412963540945e-05
7.514118806557101458e-05
7.503917997493641373e-05
7.493711818566320534e-05
7.483317929329995355e-05
7.473106151409072322e-05
7.463198891631019332e-05
7.453800846393657969e-05
7.444139548256903046e-05
7.434332486383739909e-05
7.424746678794076149e-05
7.414982273808029827e-05
7.405390790584802678e-05
7.396009220327625386e-05
7.386553418522045654e-05
7.377017757744356067e-05
7.367549713377456429e-05
7.358090361244540431e-05
7.348460246397884102e-05
7.338658243699416081e-05
7.329113045049746378e-05
7.319450863810982510e-05
7.309829292800679916e-05
7.300348405425207690e-05
7.291020598318667559e-05
7.281787044367094919e-05
7.272543794460449649e-05
7.263424341333532823e-05
7.254278649966984602e-05
7.244968517376917255e-05
7.235576045324389443e-05
7.226374222995777532e-05
7.217236174507265763e-05
7.208197405942895735e-05
7.199285310063869962e-05
7.190236089336390305e-05
7.181203191636115169e-05
7.171985490961717432e-05
7.163005517035118778e-05
7.153915757370968949e-05
7.144933700999957801e-05
7.136008222408322227e-05
7.126988606973644802e-05
7.118052427354515637e-05
7.108963830483228563e-05
7.100252046169782338e-05
7.091599195015723539e-05
7.082951739471926762e-05
7.074419033479717076e-05
7.066165702638820402e-05
7.057977570133059145e-05
7.049704574702277365e-05
7.041392822241645589e-05
7.032893064429435659e-05
7.024497713492910901e-05
7.016081106876757357e-05
7.007580114509397260e-05
6.999182998968356392e-05
6.990995036773525750e-05
6.982734845293205701e-05
6.974469516577962440e-05
6.966016531342742379e-05
6.957702304320884914e-05
6.949456031547267200e-05
6.941246721548946063e-05
6.932985550659891182e-05
6.924801456691765745e-05
6.916796135833749751e-05
6.908754807210423202e-05
6.900779862424770493e-05
6.892738848489042840e-05
6.884677815594861087e-05
6.876539853555524797e-05
6.868418282893590493e-05
6.860467092327933144e-05
6.852717416491785590e-05
6.844829594845068847e-05
6.836901563105700461e-05
6.828894982725511765e-05
6.821159142289595558e-05
6.813348348153267496e-05
6.805562736762158253e-05
6.797754568867351807e-05
6.790114371544216109e-05
6.782443872557970301e-05
6.774941251899627549e-05
6.767346289144067343e-05
6.759880409880214959e-05
6.752393101431166235e-05
6.744914738265058265e-05
6.737384353950741670e-05
6.729958218341118754e-05
6.722632311477635925e-05
6.715442956443582172e-05
6.708268978509974523e-05
6.701086277025742873e-05
6.694172996360721437e-05
6.687242931827351046e-05
6.680419158248478660e-05
6.673667009303071160e-05
6.666886980594063103e-05
6.660318080486920384e-05
6.653843380102828062e-05
6.647364116174226821e-05
6.641080897024528005e-05
6.634600406458625104e-05
6.628236111779525330e-05
6.621831740673954521e-05
6.615413770421679416e-05
6.608885379332817326e-05
6.602273347703172814e-05
6.595577812148152911e-05
6.588881982722782319e-05
6.582160591715762636e-05
6.575407147908214178e-05
6.568718103724123828e-05
6.562087408151114879e-05
6.555383772017250117e-05
6.548716669719394957e-05
6.541986930766708838e-05
6.535323164797591643e-05
6.528654226516774413e-05
6.521989807955099318e-05
6.515265292283921035e-05
6.508476302847291371e-05
6.501739459312541808e-05
6.495050664552749948e-05
6.488416999998302803e-05
6.481743882482817278e-05
6.475087765684196578e-05
6.468392369757080098e-05
6.461937522634759155e-05
6.455592715876224850e-05
6.449118085960430066e-05
6.442712228124488824e-05
6.436293770824046080e-05
6.429905670717351858e-05
6.423477576726625740e-05
6.417039974650700458e-05
6.410813572333425405e-05
6.404532854457749020e-05
6.398205265900057143e-05
6.391997483449197407e-05
6.385801036084993857e-05
6.379723614503362108e-05
6.373665979903773992e-05
6.367847423010543036e-05
6.362000358056056192e-05
6.356102677226269397e-05
6.350345404040343795e-05
6.344484638794787147e-05
6.338711176209069274e-05
6.333095364591582142e-05
6.327380998162150389e-05
6.321727796517813858e-05
6.316155913623618600e-05
6.310686050005784808e-05
6.305198619580145792e-05
6.299854793030827173e-05
6.294364350778282389e-05
6.289160017977941529e-05
6.283914094948905870e-05
6.278899944642306547e-05
6.273869184700711437e-05
6.268948713041465543e-05
6.263954322227306649e-05
6.258905971084704556e-05
6.253878892472291640e-05
6.248835414941019859e-05
6.243673774646798407e-05
6.238786624760619558e-05
6.233805256014735431e-05
6.228871959694203529e-05
6.223919084981247365e-05
6.219028422517334414e-05
6.214118003771344323e-05
6.209214924164710425e-05
6.204242737290385757e-05
6.199190365483797996e-05
6.194308281957912950e-05
6.189389710255439100e-05
6.184560753902057181e-05
6.179861086861043620e-05
6.175173231583775703e-05
6.170353718045588107e-05
6.165597990537557017e-05
6.160881818112575240e-05
6.156210770062287929e-05
6.151623401848122755e-05
6.146989198520899265e-05
6.142451684703141405e-05
6.137971823509159614e-05
6.133436041261710171e-05
6.128886146906183021e-05
6.124525731790689156e-05
6.119968548013041620e-05
6.115477333429433825e-05
6.110778325008647577e-05
6.106150469016989493e-05
6.101549964352206301e-05
6.096982283102936470e-05
6.092409608437828893e-05
6.087806801776956698e-05
6.083200972897519687e-05
6.078664660959358379e-05
6.074084115157396253e-05
6.069557397610535399e-05
6.065040934371114609e-05
6.060534151712966669e-05
6.056152419489619449e-05
6.051645703309370405e-05
6.047200349345475885e-05
6.042730024021563339e-05
6.038389149957856697e-05
6.034077789964720559e-05
6.029764778607672813e-05
6.025457501385862014e-05
6.021200664769613885e-05
6.017077547960886723e-05
6.013093788242913115e-05
6.009066426199623391e-05
6.005065788485342227e-05
6.001010901738367199e-05
5.997159350688496072e-05
5.993241668112452198e-05
5.989258121325383052e-05
5.985437254612320946e-05
5.981592888865506981e-05
5.977768840038576815e-05
5.973871366549120818e-05
5.970033880587769556e-05
5.966112027910456449e-05
5.962110413260385668e-05
5.958190688947090656e-05
5.954298842292286224e-05
5.950348675247376566e-05
5.946441180554715340e-05
5.942621133301416816e-05
5.938802519502406043e-05
5.935141248557265027e-05
5.931372714561550225e-05
5.927741781956988516e-05
5.924148511982008558e-05
5.920544680246245966e-05
5.916938167084684607e-05
5.913244091899524620e-05
5.909658675396760877e-05
5.905979823922230548e-05
5.902259168620596305e-05
5.898547595310271372e-05
5.894783915122878636e-05
5.891004321491484508e-05
5.887194997295009568e-05
5.883439200411075097e-05
5.879701266871899913e-05
5.875982745552896572e-05
5.872269239073295532e-05
5.868682227795265084e-05
5.864988652058116800e-05
5.861269219638322699e-05
5.857642712219913019e-05
5.854000247098635896e-05
5.850457563043841709e-05
5.847044595592448569e-05
5.843657448049180371e-05
5.840256780278422246e-05
5.836829717651003134e-05
5.833425432561738374e-05
5.829888568095666513e-05
5.826427274096242708e-05
5.822954204277318210e-05
5.819564000159412113e-05
5.816150995723209634e-05
5.812902284324557712e-05
5.809630936643362840e-05
5.806367170222492482e-05
5.803075748967862624e-05
5.799788176681801625e-05
5.796509175003785642e-05
5.793267204637524213e-05
5.789957647263312048e-05
5.786695260906348133e-05
5.783449423764578653e-05
5.780224614220699216e-05
5.777064549537687377e-05
5.773896163073774171e-05
5.770857112230006408e-05
5.767821735874019071e-05
5.764753634611363226e-05
5.761682636964539313e-05
5.758727168608963052e-05
5.755740171353337356e-05
5.752889269620774888e-05
5.749998640433529403e-05
5.747170312234073841e-05
5.744286047537429970e-05
5.741451531037424248e-05
5.738612701197094371e-05
5.735826773689349614e-05
5.733306132498216932e-05
5.730689514950807601e-05
5.728120058212717047e-05
5.725470666684958027e-05
5.722830923286620320e-05
5.720228306406424564e-05
5.717793493372084004e-05
5.715323934122159199e-05
5.713022677503734403e-05
5.710671920844941974e-05
5.708332837275572648e-05
5.706030134243043910e-05
5.703699950892691229e-05
5.701476010311731557e-05
5.699133656388830115e-05
5.696832780571830054e-05
5.694520494239520546e-05
5.692344808296817397e-05
5.689944604138634683e-05
5.687752252788704567e-05
5.685540939326648333e-05
5.683347487112778144e-05
5.681161407123622468e-05
5.678951937170510908e-05
5.676777430807690558e-05
5.674678788082849253e-05
5.672555608736924363e-05
5.670480537961256041e-05
5.668258696636769233e-05
5.666122212517085525e-05
5.664123517601366139e-05
5.662171423921375131e-05
5.660114326952899431e-05
5.658206980960861602e-05
5.656277513605769433e-05
5.654395634399944545e-05
5.652540716854818431e-05
5.650693503637367008e-05
5.648931278920549384e-05
5.647230660121644512e-05
5.645534924915714912e-05
5.643980648132213988e-05
5.642401693099405573e-05
5.640750573820850413e-05
5.639143829710068309e-05
5.637527950083592263e-05
5.635982042352775278e-05
5.634374985308708610e-05
5.632824348026372187e-05
5.631283702758878653e-05
5.629645736803936076e-05
5.627920121387403453e-05
5.626122888921941564e-05
5.624304942888744594e-05
5.622592693350691789e-05
5.620855105134078296e-05
5.619214551938861945e-05
5.617567344860989687e-05
5.615941230155960180e-05
5.614316978388464538e-05
5.612553260323741456e-05
5.610870249974278371e-05
5.609102601231080390e-05
5.607215684312297666e-05
5.605360331524520171e-05
5.603483680328758448e-05
5.601594197942528683e-05
5.599617414304598886e-05
5.597718539255775377e-05
5.595700114286709139e-05
5.593928462292440540e-05
5.592046182834612073e-05
5.590294851131308627e-05
5.588473863535388538e-05
5.586688531536424847e-05
5.584885834028130891e-05
5.583047016049395779e-05
5.581198714956821526e-05
5.579434364011988092e-05
5.577650716943894900e-05
5.575933755984442187e-05
5.574156189940429818e-05
5.572516509254918197e-05
5.570817907373051033e-05
5.569147367585830169e-05
5.567601823243647553e-05
5.566001935070735549e-05
5.564574921040497181e-05
5.563005769394952659e-05
5.561463251202284665e-05
5.559846983204635426e-05
5.558352379625298013e-05
5.556841890652258243e-05
5.555309698792218454e-05
5.553804477525407720e-05
5.552282985954384994e-05
5.550892582939527656e-05
5.549410803270551050e-05
5.547970363247409930e-05
5.546519834203914793e-05
5.545281128490231904e-05
5.544251133661668010e-05
5.543159490108463691e-05
5.542007566941690750e-05
5.540944661203625068e-05
5.539752750364190082e-05
5.538611323771990209e-05
5.537411543929923513e-05
5.536185571270164609e-05
5.534943012957560819e-05
5.533695852281649810e-05
5.532417026705844219e-05
5.531110022718822915e-05
5.529667229031480865e-05
5.528296119327577368e-05
5.526867979843330447e-05
5.525535193082807919e-05
5.524158661838203912e-05
5.522799694218543981e-05
5.521503208463655524e-05
5.520169941232277159e-05
5.518743945341382919e-05
5.517223927824236793e-05
5.515667014819877290e-05
5.514184579821495983e-05
5.512651025597846140e-05
5.511276341340161686e-05
5.509903522875383557e-05
5.508616121940194466e-05
5.507299506175826221e-05
5.506020415643904636e-05
5.504662533857446216e-05
5.503342899441387867e-05
5.502012477946252453e-05
5.500723264030018910e-05
5.499528093602457709e-05
5.498283932877701569e-05
5.497099064544115767e-05
5.495848165997962618e-05
5.494676511467517415e-05
5.493432646697090163e-05
5.492300955960922383e-05
5.491219266555530208e-05
5.490141047830505484e-05
5.488982681420120007e-05
5.487838357843772879e-05
5.486873748729013977e-05
5.485812451071450549e-05
5.484729039807487530e-05
5.483681217436893809e-05
5.482729477300015309e-05
5.481769586895784112e-05
5.480859506044273496e-05
5.479983033582977854e-05
5.479079301311277287e-05
5.478138483225134133e-05
5.477202054219350579e-05
5.476146757031598799e-05
5.475190797117253665e-05
5.474114896001173460e-05
5.472978621611888515e-05
5.471812001797577574e-05
5.470661406385641861e-05
5.469570840972525329e-05
5.468537825698630277e-05
5.467446465442136295e-05
5.466359097061771957e-05
5.465233361165840404e-05
5.464110557238851249e-05
5.462978118968841188e-05
5.461975104237745243e-05
5.460872375341687443e-05
5.459797263405594331e-05
5.458630261930980121e-05
5.457427078471852380e-05
5.456211945907216821e-05
5.454953245099386088e-05
5.453716290030465817e-05
5.452451779651988943e-05
5.451164433021588463e-05
5.449815026793402022e-05
5.448469038522469883e-05
5.447117566310697248e-05
5.445768649959959579e-05
5.444317255666650642e-05
5.442945481358259165e-05
5.441522413427074057e-05
5.440129405151108961e-05
5.438741974646132276e-05
5.437351841594183032e-05
5.436010614264070534e-05
5.434715022596821424e-05
5.433437549321520075e-05
5.432149900575556397e-05
5.430896963282369505e-05
5.429659580475124195e-05
5.428452252183566570e-05
5.427237013220868043e-05
5.425928594571764193e-05
5.424642225283308339e-05
5.423419857948196931e-05
5.422174016113769698e-05
5.420898972168295251e-05
5.419638332666947949e-05
5.418350391809567972e-05
5.417095454439946041e-05
5.415759198818566859e-05
5.414386760206455927e-05
5.412997085594335750e-05
5.411669838390567339e-05
5.410428772625629548e-05
5.409118609180728191e-05
5.407809096935868668e-05
5.406504237383422346e-05
5.405163861949513710e-05
5.403764548760193158e-05
5.402379600207699771e-05
5.400951153580425205e-05
5.399533029653787625e-05
5.398115404301293441e-05
5.396726363430097450e-05
5.395304255643027977e-05
5.393839798711181060e-05
5.392480475436284016e-05
5.391108718099076519e-05
5.389761435683708667e-05
5.388456522724870080e-05
5.387109918516740998e-05
5.385796599329470966e-05
5.384489081676954026e-05
5.383196099470071344e-05
5.381802737057960384e-05
5.380558654258757489e-05
5.379250011082981970e-05
5.377973658879176618e-05
5.376733548249877783e-05
5.375469842047739060e-05
5.374261373246359434e-05
5.373031041266151286e-05
5.371879216705703814e-05
5.370676211302243344e-05
5.369493062864288485e-05
5.368252151180165100e-05
5.367082751296770146e-05
5.365851618712474849e-05
5.364602112555099625e-05
5.363360107465411312e-05
5.362133308103730699e-05
5.360910605897640146e-05
5.359652565039725309e-05
5.358335387964693181e-05
5.357077973361805591e-05
5.355828264613318078e-05
5.354568311400344997e-05
5.353431225017204109e-05
5.352255484201148079e-05
5.351141311754087105e-05
5.349991614398886842e-05
5.348830177686413165e-05
5.347674613994972609e-05
5.346443793558397094e-05
5.345206957569705356e-05
5.343947462512547807e-05
5.342644419607126216e-05
5.341295164957007635e-05
5.339880290491289038e-05
5.338551428451366834e-05
5.337131563742892134e-05
5.335775057090102216e-05
5.334418657615177514e-05
5.332995707033536117e-05
5.331587889217509593e-05
5.330116567804638598e-05
5.328691570467690458e-05
5.327198917169375200e-05
5.325630476459961065e-05
5.324128466270283417e-05
5.322597705612314818e-05
5.321072906998410636e-05
5.319516452584562618e-05
5.317936343449698852e-05
5.316297414025231301e-05
5.314750879142293119e-05
5.313152212328621260e-05
5.311623058541628458e-05
5.310049254351564721e-05
5.308479747543877556e-05
5.306908228308532336e-05
5.305278926517592028e-05
5.303658768278437933e-05
5.301963635598695642e-05
5.300397895297311561e-05
5.298795353792876421e-05
5.297164088632536462e-05
5.295557073815288217e-05
5.293929670847743113e-05
5.292393238828520626e-05
5.290829912871072231e-05
5.289319223231616198e-05
5.287778051937560810e-05
5.286238153252602789e-05
5.284685464715855354e-05
5.283178761685144808e-05
5.281705544177209001e-05
5.280265216864689966e-05
5.278825538088592980e-05
5.277328757085269416e-05
5.275849681437894166e-05
5.274378758515848740e-05
5.272923633117500346e-05
5.271468434474632777e-05
5.269970245440318962e-05
5.268487545222919576e-05
5.267052803123615585e-05
5.265625360240178604e-05
5.264160462800034258e-05
5.262683989877398435e-05
5.261216844454587240e-05
5.259775667555189222e-05
5.258317795481006867e-05
5.256897007363544276e-05
5.255425116711472013e-05
5.254007495177080483e-05
5.252611900325248158e-05
5.251198011451592711e-05
5.249763367170585558e-05
5.248344157081827988e-05
5.246962394643752146e-05
5.245554950367269239e-05
5.244107420379989873e-05
5.242725273579265308e-05
5.241302034423371120e-05
5.239886129987711806e-05
5.238461147681691286e-05
5.237003401482001510e-05
5.235547048968727194e-05
5.234045297100088125e-05
5.232530336306532475e-05
5.230991613592735046e-05
5.229399729142771252e-05
5.227814376505288488e-05
5.226251092954952527e-05
5.224664575907053259e-05
5.223031925108195041e-05
5.221425955599018397e-05
5.219850746307339766e-05
5.218240266221485334e-05
5.216643502717622361e-05
5.215040088324545699e-05
5.213448654791814468e-05
5.211869261601372098e-05
5.210309729235553363e-05
5.208700519027132660e-05
5.207099072443517655e-05
5.205435262547291589e-05
5.203764320421619676e-05
5.202091461490051220e-05
5.200342246640992158e-05
5.198642217557050346e-05
5.196850349488713478e-05
5.195082300257357778e-05
5.193331953842336907e-05
5.191603819808805298e-05
5.189829662212832527e-05
5.188080253157310216e-05
5.186331720358910053e-05
5.184604913269658675e-05
5.182902660887135762e-05
5.181201349263221423e-05
5.179513826701372516e-05
5.177817326047765207e-05
5.176061950020521618e-05
5.174319143457593710e-05
5.172632149798876624e-05
5.170954650644573171e-05
5.169247359475678740e-05
5.167507831896084330e-05
5.165806311842276638e-05
5.164081071971239189e-05
5.162380296920313582e-05
5.160734751395184183e-05
