1.020700749999967766e-05
8.519141111313270097e-06
7.863177233730838926e-06
7.083049077308512091e-06
6.431180041002948796e-06
5.996272282128719062e-06
5.608814069153099179e-06
5.281722098074657573e-06
5.021668261007152861e-06
4.775775437358033016e-06
4.556643414562769392e-06
4.372940373018765072e-06
4.210270498585793243e-06
4.057858569687700641e-06
3.923188280693478395e-06
3.798814136147755986e-06
3.691332280338364588e-06
3.610190492105026998e-06
3.574155801364299645e-06
3.512157221919618750e-06
3.432437914488785074e-06
3.359534400871689269e-06
3.285711210298751433e-06
3.216530594947176225e-06
3.152057663631459796e-06
3.107779808394980931e-06
3.052618448449065325e-06
2.998307564176518771e-06
2.953557491753926705e-06
2.905444077439845014e-06
2.858367909815944697e-06
2.815013561287038825e-06
2.772683816058780588e-06
2.735106013928899080e-06
2.701361342450990240e-06
2.665823070200777722e-06
2.629552152376526748e-06
2.596236039292908431e-06
2.563873742749854515e-06
2.531638328435762611e-06
2.500620029462941153e-06
2.471201147872046867e-06
2.443640245821695199e-06
2.416834244584882192e-06
2.392189375262819757e-06
2.368607889851240369e-06
2.349317058345361529e-06
2.329251407967303047e-06
2.310473470139478219e-06
2.288725595397450718e-06
2.267032739049074046e-06
2.247834489501196128e-06
2.228319981216728489e-06
2.208688990946436289e-06
2.190453559235987426e-06
2.175444927414890273e-06
2.160583478155392964e-06
2.146637333309467005e-06
2.136126556417635899e-06
2.125344224336847766e-06
2.117407889798000299e-06
2.108501754916289773e-06
2.096024565409655190e-06
2.083082239140949735e-06
2.069521294894419571e-06
2.062345597911984549e-06
2.053202653901945118e-06
2.046451077709777717e-06
2.038881796301594241e-06
2.033085522353135935e-06
2.028970095766480554e-06
2.022993974185694081e-06
2.018728317077400132e-06
2.017711321679159124e-06
2.017114445232343168e-06
2.016132892705628364e-06
2.019265830830779460e-06
2.021019292954086795e-06
2.022526143049231438e-06
2.025993529447229044e-06
2.027336320049699750e-06
2.024292277665604503e-06
2.023784361972483951e-06
2.023881917611430475e-06
2.021811448949545409e-06
2.020913470659066115e-06
2.019392156121831308e-06
2.018417741695731583e-06
2.021541663919902006e-06
2.025586674807336193e-06
2.029661162996026636e-06
2.031448066873710059e-06
2.032000994566314572e-06
2.034891834491655630e-06
2.036935780727279554e-06
2.038296682801869219e-06
2.037374458827958675e-06
2.038363713527571313e-06
2.037486064771689610e-06
2.040579024181337610e-06
2.041735475808179031e-06
2.041995769519106576e-06
2.041078469005113076e-06
2.043764249840967383e-06
2.045080600874097819e-06
2.046737502801206890e-06
2.046353866107469580e-06
2.044136263045119310e-06
2.041036271528443094e-06
2.040543056279277881e-06
2.040674070875881158e-06
2.043258544230448819e-06
2.046736644207508432e-06
2.051523364420795608e-06
2.054836101303459916e-06
2.058064031110967145e-06
2.060604944293393952e-06
2.062670968830680445e-06
2.066731144543657879e-06
2.070772734161055398e-06
2.073294344430486218e-06
2.075592133869578662e-06
2.078508608698384146e-06
2.079682309409523340e-06
2.080197871174178785e-06
2.080706612172405186e-06
2.083005590854781981e-06
2.084164901187483477e-06
2.084329185243305541e-06
2.085402243656573946e-06
2.085005940292590482e-06
2.084037615749228643e-06
2.084130785871888974e-06
2.083208529988821328e-06
2.082390811076550581e-06
2.080911152922770041e-06
2.078710244589268958e-06
2.075480328917011076e-06
2.072658381859505278e-06
2.069067280962287150e-06
2.064945699711155085e-06
2.060080603056749538e-06
2.055105585366831609e-06
2.049953776179246884e-06
2.045124318477548313e-06
2.040828833572424329e-06
2.036294823733166577e-06
2.031428387353860612e-06
2.026584977339746855e-06
2.021359487441874994e-06
2.016534203314637765e-06
2.011253186058800104e-06
2.005534694432035475e-06
1.999540868559104103e-06
1.993544929864118325e-06
1.987594345695111617e-06
1.981727025014499622e-06
1.975955309432184794e-06
1.970198540455148917e-06
1.964656984913635819e-06
1.958852135648643971e-06
1.953229329939430877e-06
1.947683157768818982e-06
1.942121153976669199e-06
1.936980364236216493e-06
1.931717636410321490e-06
1.926660566839556621e-06
1.921553244733164362e-06
1.916203554930279710e-06
1.911169063317701434e-06
1.905886136374005427e-06
1.900621169716634859e-06
1.895558418430367322e-06
1.890723995219976645e-06
1.885923170477771052e-06
1.880966495704229736e-06
1.876171751110286281e-06
1.871378527807832815e-06
1.866723754371385448e-06
1.862093178152547412e-06
1.857388779858370327e-06
1.852703109339920478e-06
1.848138432823577342e-06
1.843497112181081790e-06
1.838851883915367681e-06
1.834301204643269729e-06
1.829913028684626534e-06
1.825457419022521068e-06
1.821131817467655707e-06
1.816758327389291515e-06
1.812485535478911107e-06
1.808083012950156981e-06
1.803950301071800902e-06
1.799716790678869617e-06
1.795519935105553013e-06
1.791295235897095644e-06
1.787190595120394608e-06
1.783094579497998041e-06
1.779088831090608252e-06
1.775220029215069801e-06
1.771663066884284796e-06
1.768124943740997356e-06
1.764588551301048730e-06
1.761061081877446855e-06
1.757534258063350100e-06
1.754174461239338556e-06
1.750826096134930484e-06
1.747425395290900650e-06
1.744002987795084928e-06
1.740667819811739584e-06
1.737431910705705296e-06
1.733920579770662803e-06
1.730446440516960186e-06
1.727080707799600744e-06
1.723694682353758111e-06
1.720293395394622632e-06
1.717019391280054470e-06
1.713693877950715203e-06
1.710276778360084715e-06
1.707058635129092810e-06
1.703670596517378894e-06
1.700483864109660887e-06
1.697387632521361346e-06
1.694233943302843509e-06
1.691018805968947793e-06
1.687814213775943967e-06
1.684638511158936178e-06
1.681658215179782818e-06
1.678647477060205480e-06
1.675836646675223603e-06
1.672877185608777231e-06
1.669809756941707418e-06
1.666966727559679762e-06
1.663982237681981288e-06
1.661092188182426018e-06
1.658355986600934809e-06
1.655488013613574045e-06
1.652845045280323548e-06
1.650137120962252999e-06
1.647529315006662377e-06
1.644999152188998482e-06
1.642599907681016751e-06
1.640077907281872220e-06
1.637559460952492897e-06
1.635095961666138139e-06
1.632832604652914344e-06
1.630461454416627379e-06
1.628248302550784041e-06
1.626126402617064814e-06
1.623745055035710988e-06
1.621313533052092641e-06
1.618856824169517496e-06
1.616393322884880726e-06
1.614022049400616691e-06
1.611670272103589918e-06
1.609254325070567168e-06
1.606772292595903438e-06
1.604280045574926757e-06
1.601672276757681208e-06
1.599047416342579205e-06
1.596350852245576971e-06
1.593586967201850414e-06
1.590876502346897876e-06
1.588075329135330732e-06
1.585313445226835478e-06
1.582576822848988839e-06
1.579705129237517529e-06
1.576970222397304063e-06
1.574266271631102703e-06
1.571548040103554116e-06
1.568799420930903535e-06
1.566154884060312941e-06
1.563531898804586884e-06
1.560975284856708272e-06
1.558449406281786949e-06
1.555972343755580446e-06
1.553476004903193582e-06
1.551012717418187074e-06
1.548625162745701010e-06
1.546262405183195034e-06
1.543902051959619167e-06
1.541488804600260298e-06
1.539101613904111783e-06
1.536757419160449493e-06
1.534446810008019550e-06
1.532138679911006731e-06
1.529827982676485213e-06
1.527506829329102035e-06
1.525158834878970522e-06
1.522866925006346440e-06
1.520562801700772540e-06
1.518264377324151872e-06
1.515950791885921159e-06
1.513589830022711238e-06
1.511195790299972279e-06
1.508841448632567026e-06
1.506549776187176317e-06
1.504279421235080586e-06
1.501962365644997524e-06
1.499578662875204948e-06
1.497200612924340304e-06
1.494844699533663483e-06
1.492565544876049185e-06
1.490205444950701089e-06
1.487893932500797629e-06
1.485585908530601909e-06
1.483284576921062999e-06
1.481033869541907566e-06
1.478805390903407223e-06
1.476584118385738341e-06
1.474362643740771956e-06
1.472146729792146115e-06
1.469901539034333711e-06
1.467728886634326149e-06
1.465637496212339152e-06
1.463543754438884563e-06
1.461516116192776778e-06
1.459559174847261960e-06
1.457638837749182839e-06
1.455722450897399864e-06
1.453826559919830824e-06
1.451900042636083803e-06
1.449871426734960519e-06
1.447853828855742723e-06
1.445766910611322971e-06
1.443773404267093341e-06
1.441781911090763849e-06
1.439811415903427525e-06
1.437852863870528407e-06
1.435946749941258960e-06
1.434032370917470994e-06
1.432157387100075174e-06
1.430363078558056857e-06
1.428459416578354010e-06
1.426623984709072454e-06
1.424751641621743273e-06
1.422873936132371840e-06
1.420929481188823472e-06
1.418983899580165503e-06
1.417081987912914259e-06
1.415207221465684165e-06
1.413325121410200110e-06
1.411410346312941399e-06
1.409557882830883758e-06
1.407734986303473854e-06
1.405948596152756095e-06
1.404148208138922504e-06
1.402397046426232686e-06
1.400603223299459737e-06
1.398794740193228368e-06
1.397034292327590007e-06
1.395223043780652930e-06
1.393451393665619928e-06
1.391751450012851420e-06
1.390074269290003733e-06
1.388316508650192091e-06
1.386648908448641749e-06
1.384998554660532938e-06
1.383414950767016267e-06
1.381842986370879434e-06
1.380338860111342989e-06
1.378852262459583654e-06
1.377379514157021644e-06
1.375872310632685502e-06
1.374372737856831868e-06
1.372894347062232728e-06
1.371419587866189992e-06
1.369966265479429895e-06
1.368522999670255902e-06
1.367226978175058037e-06
1.365949342398416102e-06
1.364617366667821872e-06
1.363299966624077591e-06
1.361959259390926206e-06
1.360591886888571809e-06
1.359279710333843994e-06
1.357903013380965748e-06
1.356539780085727297e-06
1.355168565845919695e-06
1.353800980456740091e-06
1.352365356854526722e-06
1.350984565996059375e-06
1.349585349444447154e-06
1.348196651334255391e-06
1.346817750926741689e-06
1.345422190494346100e-06
1.344091281743317576e-06
1.342696572710451986e-06
1.341300161105819007e-06
1.339943966883730550e-06
1.338585656810585162e-06
1.337184575498814883e-06
1.335798130176326825e-06
1.334412068836334531e-06
1.333068776038397504e-06
1.331709307560385013e-06
1.330445827594611102e-06
1.329186593429197400e-06
1.327916296192494860e-06
1.326628174348158131e-06
1.325339392448014572e-06
1.323952847397784775e-06
1.322557311856298103e-06
1.321216458235503254e-06
1.319864121301262337e-06
1.318477583370314392e-06
1.317128508809986403e-06
1.315806820367016762e-06
1.314503182602879485e-06
1.313195376460047669e-06
1.311905725037688099e-06
1.310660735302208204e-06
1.309470425850697521e-06
1.308256454820106873e-06
1.307043187959978653e-06
1.305783599108774452e-06
1.304556474429304512e-06
1.303369344975516258e-06
1.302193274794124471e-06
1.301028376239543812e-06
1.299824244949210841e-06
1.298634938118245000e-06
1.297378199014275965e-06
1.296136327786256985e-06
1.294922266857465394e-06
1.293654591888821660e-06
1.292374383322868037e-06
1.291097526849875099e-06
1.289820854208760765e-06
1.288555348393602716e-06
1.287280813176515215e-06
1.285981479384465604e-06
1.284700314660912317e-06
1.283426573056200009e-06
1.282126060754137846e-06
1.280807525546045680e-06
1.279495784516292782e-06
1.278198078555901702e-06
1.276908865287279776e-06
1.275618991525526216e-06
1.274347666557707168e-06
1.273089989100385832e-06
1.271819731386638928e-06
1.270494840477354600e-06
1.269161037004079807e-06
1.267840908114255971e-06
1.266519689562157581e-06
1.265197342056490817e-06
1.263853870358036632e-06
1.262517634107672498e-06
1.261212625902800162e-06
1.259913788522482361e-06
1.258618274033682598e-06
1.257326790008074129e-06
1.256008935424125950e-06
1.254687478868051359e-06
1.253362877960736799e-06
1.252045693937643329e-06
1.250746548358502908e-06
1.249466501346842407e-06
1.248162513187479558e-06
1.246850193638394898e-06
1.245559021341418957e-06
1.244270196804720667e-06
1.242979076954753423e-06
1.241689595573186094e-06
1.240402885029595331e-06
1.239106743544767678e-06
1.237802929808233085e-06
1.236493117428754374e-06
1.235186116158147276e-06
1.233877533741891045e-06
1.232574870004317713e-06
1.231274973398340034e-06
1.229985100829520572e-06
1.228700110243788112e-06
1.227421745222533653e-06
1.226141913229372390e-06
1.224862652499539331e-06
1.223590929268453588e-06
1.222327823960880480e-06
1.221061532899552645e-06
1.219796850354113306e-06
1.218536563289958467e-06
1.217279835161419058e-06
1.216027928995233609e-06
1.214778990416136294e-06
1.213533850460347032e-06
1.212292520366470705e-06
1.211055583145987887e-06
1.209821727976771059e-06
1.208592030065435046e-06
1.207365688109531650e-06
1.206149015655639299e-06
1.204934771954837291e-06
1.203732936675161971e-06
1.202536970011962422e-06
1.201341388385138299e-06
1.200154065503759596e-06
1.198969080557937155e-06
1.197783575614393463e-06
1.196603612739361171e-06
1.195432461844000713e-06
1.194258103734190056e-06
1.193082684983077168e-06
1.191910384138743732e-06
1.190740718183029200e-06
1.189572570759375449e-06
1.188411019191503961e-06
1.187255766829125293e-06
1.186107899434294888e-06
1.184971564760683085e-06
1.183837253916734156e-06
1.182709768610593427e-06
1.181590738432651418e-06
1.180465731064221675e-06
1.179342899359582167e-06
1.178218578336610948e-06
1.177099328283192783e-06
1.175978915663944771e-06
1.174857110343039898e-06
1.173741952280104280e-06
1.172624888592078225e-06
1.171509269798221597e-06
1.170405140695594741e-06
1.169306104646600688e-06
1.168213679979846292e-06
1.167117910118029568e-06
1.166021651061911135e-06
1.164941709294087358e-06
1.163863253652587629e-06
1.162787094307016507e-06
1.161719093299069488e-06
1.160649348534454097e-06
1.159582321977696263e-06
1.158520186744561403e-06
1.157465276601512788e-06
1.156397818250995110e-06
1.155349552921753478e-06
1.154298513117968091e-06
1.153247519209912268e-06
1.152198094052924553e-06
1.151153688863246024e-06
1.150118691832652599e-06
1.149079836397358035e-06
1.148048951897054127e-06
1.147025888927568715e-06
1.146019435272831009e-06
1.144998856464817934e-06
1.143984846937174465e-06
1.142973470436690600e-06
1.141956004790833476e-06
1.140941183504421833e-06
1.139930851475619675e-06
1.138926832691152989e-06
1.137922322832981538e-06
1.136931785316756514e-06
1.135941545231811357e-06
1.134947888518872475e-06
1.133953977018573619e-06
1.132966403506018953e-06
1.131984231199123468e-06
1.131016336195499885e-06
1.130036811074274836e-06
1.129061489659762090e-06
1.128085832568188120e-06
1.127110470660441168e-06
1.126147582418701011e-06
1.125188223772533850e-06
1.124236434095858079e-06
1.123284918562180462e-06
1.122330362682674735e-06
1.121380082690326061e-06
1.120449337733571436e-06
1.119512379266054052e-06
1.118566960407337483e-06
1.117636271002145607e-06
1.116698713826731186e-06
1.115766285650699142e-06
1.114827267917934498e-06
1.113896088848742934e-06
1.112969336900955825e-06
1.112070246995484124e-06
1.111167007426076113e-06
1.110251883309397664e-06
1.109340037794718056e-06
1.108435527324293623e-06
1.107538687743166410e-06
1.106636547926189694e-06
1.105739288615022005e-06
1.104834711865772298e-06
1.103925735462551987e-06
1.103029910550012734e-06
1.102138128227504824e-06
1.101242960305298120e-06
1.100362198444651395e-06
1.099483961430989810e-06
1.098618519916831957e-06
1.097729810580059408e-06
1.096835999980762150e-06
1.095956143160099404e-06
1.095078394585870965e-06
1.094185949965933717e-06
1.093299126496506555e-06
1.092409320067029153e-06
1.091520626668015833e-06
1.090632646022703060e-06
1.089749469625605942e-06
1.088866082186388605e-06
1.087980514036366133e-06
1.087092492043023995e-06
1.086207314236701803e-06
1.085330428722393381e-06
1.084453882233932447e-06
1.083577359217893105e-06
1.082711873364632229e-06
1.081851041594012063e-06
1.080992914058291143e-06
1.080132258702950482e-06
1.079283883421278047e-06
1.078424486249014146e-06
1.077562611385312817e-06
1.076702052261499431e-06
1.075841917544403583e-06
1.074983427820306515e-06
1.074127858587035611e-06
1.073273973215320315e-06
1.072419299536769982e-06
1.071566608919961250e-06
1.070716279329003740e-06
1.069868381358352417e-06
1.069022563780551084e-06
1.068177911282427062e-06
1.067337288654305512e-06
1.066497639670159219e-06
1.065660812611101828e-06
1.064825948874931094e-06
1.063995918446070116e-06
1.063166014190396705e-06
1.062337460197920173e-06
1.061511497579375206e-06
1.060686689005816956e-06
1.059865345850215861e-06
1.059043156351503426e-06
1.058222118048272688e-06
1.057402952035558807e-06
1.056585618512462450e-06
1.055770065568783320e-06
1.054956373149687123e-06
1.054144607882912546e-06
1.053335072390246182e-06
1.052527499351015955e-06
1.051722986931555377e-06
1.050926032181878892e-06
1.050130473135827466e-06
1.049333117120818256e-06
1.048539446642706518e-06
1.047746322604635458e-06
1.046955296070011861e-06
1.046168555980479391e-06
1.045381845160989283e-06
1.044597201135347852e-06
1.043814113830083519e-06
1.043032714281706523e-06
1.042249792133197988e-06
1.041467661444747149e-06
1.040686944239567297e-06
1.039908665692914853e-06
1.039131413780306079e-06
1.038355666415891050e-06
1.037581711604868203e-06
1.036809930390362322e-06
1.036039442724343023e-06
1.035270692317600775e-06
1.034504268569199817e-06
1.033739516287469359e-06
1.032976880061553131e-06
1.032215751804775645e-06
1.031456554111727397e-06
1.030699004006513390e-06
1.029942127978016120e-06
1.029187717741238582e-06
1.028434380358576745e-06
1.027682772719643531e-06
1.026932798577903511e-06
1.026185474531263140e-06
1.025439818479098330e-06
1.024696058354339933e-06
1.023956928981773117e-06
1.023218791772227108e-06
1.022481315294985405e-06
1.021747394837409459e-06
1.021014579884414307e-06
1.020284602135632043e-06
1.019552652483917684e-06
1.018819971587746012e-06
1.018089661361620091e-06
1.017360112299992741e-06
1.016632579339740948e-06
1.015907338015809050e-06
1.015184918008618098e-06
1.014462740332623201e-06
1.013741383005426951e-06
1.013023007454738747e-06
1.012306896092278582e-06
1.011593128598102285e-06
1.010880761338778997e-06
1.010170436934052022e-06
1.009461754683275218e-06
1.008753606868355554e-06
1.008047225560382832e-06
1.007345946935345332e-06
1.006651001118349623e-06
1.005954243942224751e-06
1.005263197245938498e-06
1.004575461778323235e-06
1.003890327974604149e-06
1.003205502708577190e-06
1.002527684118320319e-06
1.001850637339375684e-06
1.001175132147513586e-06
1.000502182399294580e-06
9.998335288534238239e-07
9.991644737341942700e-07
9.984971372817478725e-07
9.978308917045960307e-07
9.971689173117570048e-07
9.965087335020310585e-07
9.958455966614091437e-07
9.951894111939303511e-07
9.945338574251904897e-07
9.938881182884932976e-07
9.932328334028612183e-07
9.925722500730285959e-07
9.919139317724913068e-07
9.912543838248959030e-07
9.905951131468283408e-07
9.899380724204157803e-07
9.892828725368178413e-07
9.886273589792669440e-07
9.879855427169513147e-07
9.873478304802771309e-07
9.867082333902104186e-07
9.860654813448529541e-07
9.854348833198954740e-07
9.847971212405521849e-07
9.841627951565535730e-07
9.835356191000702932e-07
9.829074169453617745e-07
9.822807490593302598e-07
9.816546062238692575e-07
9.810341422600340135e-07
9.804176075185639352e-07
9.797931747160758700e-07
9.791754818136602488e-07
9.785619261579258991e-07
9.779522244094410225e-07
9.773439157504943814e-07
9.767338588398584764e-07
9.761222910986254797e-07
9.755111020143570550e-07
9.749025782781749464e-07
9.742948188872631792e-07
9.736802791744953787e-07
9.730655962497616172e-07
9.724521564181209680e-07
9.718381144723215989e-07
9.712227739344105745e-07
9.706073708411091390e-07
9.699942166757849210e-07
9.693740359628766968e-07
9.687543607391588307e-07
9.681371524231494745e-07
9.675241171831867331e-07
9.669085964927439037e-07
9.662941673779135768e-07
9.656798293476315501e-07
9.650643250944343859e-07
9.644510642768020875e-07
9.638353337936168706e-07
9.632193231861274942e-07
9.626050062088224782e-07
9.619907402660267224e-07
9.613773676624347965e-07
9.607649430005583726e-07
9.601535773564236129e-07
9.595433975069099004e-07
9.589344206324896304e-07
9.583269543224586082e-07
9.577206906801528889e-07
9.571153032851049821e-07
9.565111794395443176e-07
9.559079422376027345e-07
9.553058200524818705e-07
9.547048634084027630e-07
9.541050947247492917e-07
9.535064137610443109e-07
9.529090763404518808e-07
9.523128917559129948e-07
9.517176431128827851e-07
9.511233792882002980e-07
9.505305580852222493e-07
9.499390571725474028e-07
9.493481712979570709e-07
9.487595217147268671e-07
9.481710744203331959e-07
9.475836693526968832e-07
9.469975097584365432e-07
9.464125204284363039e-07
9.458283924641297811e-07
9.452454927809848413e-07
9.446635227634318087e-07
9.440824545379287893e-07
9.435024852559185769e-07
9.429236746663242007e-07
9.423464111873511629e-07
9.417698298958101437e-07
9.411941260384320662e-07
9.406193878719542062e-07
9.400459322984891867e-07
9.394742755229435607e-07
9.389034608444461891e-07
9.383339201028254498e-07
9.377656723869850369e-07
9.371982630077946619e-07
9.366323188400254250e-07
9.360693404127592396e-07
9.355061134184763355e-07
9.349442348881599827e-07
9.343872235950724384e-07
9.338313498437310686e-07
9.332790941608764372e-07
9.327318970638646571e-07
9.321867738066236838e-07
9.316374423881406537e-07
9.310880561986797806e-07
9.305382273779701294e-07
9.299928143801699548e-07
9.294450670861677622e-07
9.289017003340833856e-07
9.283609814931046717e-07
9.278153735521381124e-07
9.272723971625927693e-07
9.267307836664689442e-07
9.261876653955891198e-07
9.256432711714416153e-07
9.250984121133154345e-07
9.245538238660303096e-07
9.240109944367865478e-07
9.234703850935669291e-07
9.229301274046393954e-07
9.223931709452567417e-07
9.218554451534088549e-07
9.213219434958906227e-07
9.207854482208845735e-07
9.202517209345493350e-07
9.197200179839378651e-07
9.191858688358419550e-07
9.186533592715615084e-07
9.181222436197860269e-07
9.175911239020697570e-07
9.170603684564025202e-07
9.165305254295303156e-07
9.160014485042274456e-07
9.154748865348883032e-07
9.149506648353130789e-07
9.144267260448266231e-07
9.139039810243150199e-07
9.133835500722784368e-07
9.128642534152785542e-07
9.123468800150910021e-07
9.118271126075058856e-07
9.113092327202289311e-07
9.107917342346421109e-07
9.102750435614551410e-07
9.097588402514225026e-07
9.092458355232107145e-07
9.087305787099797778e-07
9.082163139518174163e-07
9.077029666332191411e-07
9.071905312727290776e-07
9.066780771728840061e-07
9.061661143553309626e-07
9.056565172140468035e-07
9.051466294603355958e-07
9.046404677671818074e-07
9.041356597770837200e-07
9.036307004349694151e-07
9.031293408210161211e-07
9.026296692206763229e-07
9.021336485292110352e-07
9.016404749176703513e-07
9.011481079529547959e-07
9.006596963032810222e-07
9.001749423523267693e-07
8.996855552356297965e-07
8.991988616531534610e-07
8.987187218054502033e-07
8.982356556960704900e-07
8.977567017167595552e-07
8.972820029224422868e-07
8.968028314191949472e-07
8.963244956322789885e-07
8.958506860240275902e-07
8.953702235864764192e-07
8.948846819399666660e-07
8.943983412768308869e-07
8.939189531567437254e-07
8.934333378682173558e-07
8.929498872673296059e-07
8.924722868682808526e-07
8.919935044965480123e-07
8.915137522206286557e-07
8.910339769104679086e-07
8.905536122151832844e-07
8.900769631488852392e-07
8.896021224024668512e-07
8.891229016619703816e-07
8.886457619974329994e-07
8.881673307601359373e-07
8.876910812589818394e-07
8.872136789836562012e-07
8.867372751723946301e-07
8.862602291598459498e-07
8.857853474248722046e-07
8.853115615746228392e-07
8.848387421556460266e-07
8.843658338695321498e-07
8.838937647878493302e-07
8.834229712218285945e-07
8.829530123948156845e-07
8.824865601398766634e-07
8.820177771124236015e-07
8.815508835817343694e-07
8.810846742955306555e-07
8.806158018572401393e-07
8.801482027605176298e-07
8.796823436081466030e-07
8.792159200955849456e-07
8.787495950350004243e-07
8.782827770312465314e-07
8.778174415100483435e-07
8.773521539552543560e-07
8.768873731930109216e-07
8.764233324932690270e-07
8.759601204144111096e-07
8.754975927605925712e-07
8.750359143645841897e-07
8.745749117170908960e-07
8.741144897658700005e-07
8.736548611511350786e-07
8.731965083064317404e-07
8.727383542570144956e-07
8.722808971068959262e-07
8.718241446915543107e-07
8.713681712678923636e-07
8.709128056887641714e-07
8.704583102439552672e-07
8.700044896849799934e-07
8.695515732227382085e-07
8.690991861242146078e-07
8.686479258792470162e-07
8.681979744571279733e-07
8.677485094576171359e-07
8.672995529087712797e-07
8.668506725570120548e-07
8.664027641890527214e-07
8.659553664762810461e-07
8.655085954288566570e-07
8.650639203479212951e-07
8.646190120890167953e-07
8.641743279449374238e-07
8.637306843313390781e-07
8.632872480838297583e-07
8.628446202561506970e-07
8.624028477610792705e-07
8.619616150934371101e-07
8.615212278125301771e-07
8.610815287368716696e-07
8.606427064779157666e-07
8.602044258002922905e-07
8.597665482530802099e-07
8.593292343008631714e-07
8.588932395218514735e-07
8.584572990018415768e-07
8.580221956917220692e-07
8.575875265814436661e-07
8.571539834917728947e-07
8.567210543403462255e-07
8.562882639943292757e-07
8.558561301324667739e-07
8.554248591563266702e-07
8.549947082932109766e-07
8.545646983349861707e-07
8.541355429390769196e-07
8.537067999849237384e-07
8.532786790878995742e-07
8.528511439791282985e-07
8.524241852552431544e-07
8.519978708748878990e-07
