3.000292500000487084e-05
3.134937259867642779e-05
5.281571733901948532e-05
5.169039614773290490e-05
4.721619541030890911e-05
4.346032786053962804e-05
4.100467939901299613e-05
3.974316306297786324e-05
4.231696575360542237e-05
4.584456744401176515e-05
4.631579672063365307e-05
4.899693589448306295e-05
5.058502795621602766e-05
5.115550094821358921e-05
5.069317369514393824e-05
5.036213661446912348e-05
4.962757413492187362e-05
4.899544185640956201e-05
4.824492862112887340e-05
4.797002911191142530e-05
4.761739197885097029e-05
4.693002347928303158e-05
4.637743779273035150e-05
4.577062797175415672e-05
4.532749279431826588e-05
4.487024545129481668e-05
4.443152351359451696e-05
4.393803351171525181e-05
4.365567326432593731e-05
4.317920194865266658e-05
4.283514201864452412e-05
4.250530399961796650e-05
4.219566941771190092e-05
4.196219539800238012e-05
4.171085461479128018e-05
4.162666750110854947e-05
4.142803813933866917e-05
4.144005923998190762e-05
4.138140780906397954e-05
4.123900716184704591e-05
4.117009893039250411e-05
4.101425919687745272e-05
4.092928826035218678e-05
4.086263180180927767e-05
4.077025157430697050e-05
4.061440509581264240e-05
4.050155961720277442e-05
4.031220902797742506e-05
4.011675472078672107e-05
3.993850150299953813e-05
3.971894250766376072e-05
3.953546657648262266e-05
3.933634359476019190e-05
3.915284400974538100e-05
3.893665019297251579e-05
3.874343324977000180e-05
3.855059688535365857e-05
3.835290186341977481e-05
3.814099951837562918e-05
3.791247012698122098e-05
3.771768619028715924e-05
3.750793334166876828e-05
3.731217913108808017e-05
3.709012903487019685e-05
3.690174581561185606e-05
3.674937636836611630e-05
3.662000588221651942e-05
3.646635005296000007e-05
3.631292623678009188e-05
3.617332409935050056e-05
3.606604855232811588e-05
3.590355421603295505e-05
3.574054237109280761e-05
3.560679671210360917e-05
3.544731390805168033e-05
3.527788337859755408e-05
3.512013124520611189e-05
3.496903696036566617e-05
3.484075489532162579e-05
3.470419978771636444e-05
3.458591490249850300e-05
3.449271238087344229e-05
3.440559824503171293e-05
3.431455754599489749e-05
3.420310967575485798e-05
3.409208801076061060e-05
3.397472622404290094e-05
3.386377846222271386e-05
3.375018840377909624e-05
3.363210994986197188e-05
3.352680716677137990e-05
3.341503068581206369e-05
3.331704140692202601e-05
3.321183177193733467e-05
3.312872285078002481e-05
3.304177301564264411e-05
3.294211711942822770e-05
3.282952673229574036e-05
3.274332417738347925e-05
3.264492087284656549e-05
3.255160332364759275e-05
3.243958805563710240e-05
3.233557179961902769e-05
3.221870969970987722e-05
3.210494961215439616e-05
3.199625024845567547e-05
3.188632675618835644e-05
3.176690174730456041e-05
3.165235248703245627e-05
3.154032732749585048e-05
3.143120441243567922e-05
3.131802336459059064e-05
3.121286999001227389e-05
3.110657748663072985e-05
3.099087760585233538e-05
3.088105573497772037e-05
3.077198724835315070e-05
3.066364626966367385e-05
3.055267925392456585e-05
3.044018366043736289e-05
3.032885835741160199e-05
3.021470169361290187e-05
3.010031327320285657e-05
2.998923747644499294e-05
2.988205300453431086e-05
2.977825535818524530e-05
2.967032282543400997e-05
2.956474770842515705e-05
2.946167126902550775e-05
2.935794175238500570e-05
2.925354848552254305e-05
2.915130434354217825e-05
2.904866043031091705e-05
2.894844743250019731e-05
2.884631108029944035e-05
2.874507364510636392e-05
2.864460544410713018e-05
2.854803005473619790e-05
2.845215211174823388e-05
2.835831981401393720e-05
2.826577750456513974e-05
2.817256221551721113e-05
2.807892592989189365e-05
2.798821474589427831e-05
2.790207259924478011e-05
2.781554215901415228e-05
2.772927786522110213e-05
2.764485965158997250e-05
2.756364060969487202e-05
2.748380670347917124e-05
2.740474219283104871e-05
2.732553156564771719e-05
2.724375969594238086e-05
2.716499516840732226e-05
2.708700836923996294e-05
2.700983746698402391e-05
2.693378393351336084e-05
2.686108463553790282e-05
2.678599605730539715e-05
2.671219101864141660e-05
2.664042176208946181e-05
2.656909063755996341e-05
2.649903869559119360e-05
2.642685115361400098e-05
2.635715325704273958e-05
2.628634946875050643e-05
2.621703214807836836e-05
2.614893060562109497e-05
2.607908598104124857e-05
2.601065977150724708e-05
2.594337496398579345e-05
2.587499408819105693e-05
2.580882410384175170e-05
2.574096746536759509e-05
2.567352936084919512e-05
2.560919236644283815e-05
2.554531564702293059e-05
2.548346241095905459e-05
2.542091419549748863e-05
2.535542729458120146e-05
2.529261882781660381e-05
2.522821537189752467e-05
2.516469953883888495e-05
2.510155618907260739e-05
2.503745680910079429e-05
2.497505430895952127e-05
2.491331427361007249e-05
2.485000275741099292e-05
2.478758965842496747e-05
2.472587934823788320e-05
2.466550241581024416e-05
2.460423800990124387e-05
2.454468918474338022e-05
2.448417428147205434e-05
2.442515771509853320e-05
2.436659786490772759e-05
2.430831157714928597e-05
2.425033811983713498e-05
2.419322434972257332e-05
2.413534159875721727e-05
2.407802334326699176e-05
2.402202658508948471e-05
2.396645323210813198e-05
2.391372252363269287e-05
2.386149881260964654e-05
2.380821903188965762e-05
2.375691076604158149e-05
2.370460317035343156e-05
2.365145364847739967e-05
2.359898913000325587e-05
2.354862771093246986e-05
2.350042448663812626e-05
2.345152503766896029e-05
2.340401412148336927e-05
2.335618745161370459e-05
2.330946614077351617e-05
2.326239772106022990e-05
2.321485950066334486e-05
2.316516897603823237e-05
2.311666400411854520e-05
2.306759475502022518e-05
2.301989838081768249e-05
2.297290425501134322e-05
2.292751074527687113e-05
2.288131686460197019e-05
2.283496501161260317e-05
2.279014681657215140e-05
2.274631869312497903e-05
2.270320660311509831e-05
2.266036706110364271e-05
2.261731796563758807e-05
2.257432455764127514e-05
2.253129048987642105e-05
2.248876610692140013e-05
2.244642431635566367e-05
2.240458742571633681e-05
2.236288869819984566e-05
2.232111886800236395e-05
2.228112301129682633e-05
2.224213228916837042e-05
2.220329387349122638e-05
2.216530955548824951e-05
2.212678726089458496e-05
2.208775916514668460e-05
2.204868900660571289e-05
2.200991561204655489e-05
2.196991225312336929e-05
2.192925675389652125e-05
2.188907405173081853e-05
2.184995863596714052e-05
2.181094099967212743e-05
2.177221890346156113e-05
2.173317571349588445e-05
2.169411173394876293e-05
2.165605277912673897e-05
2.161783865236042773e-05
2.157959737316692195e-05
2.154208038328947654e-05
2.150474929784504296e-05
2.146710628794047454e-05
2.142994697892388717e-05
2.139305982820874594e-05
2.135688895668318775e-05
2.132134498381518760e-05
2.128552920867298782e-05
2.124860780195812383e-05
2.121146647099083610e-05
2.117616435566339555e-05
2.113968657933994305e-05
2.110492940900883667e-05
2.106924964592493901e-05
2.103254075971931896e-05
2.099653758830172164e-05
2.095951909632647069e-05
2.092285278799681884e-05
2.088565144619643630e-05
2.084865192019840481e-05
2.081183031914164331e-05
2.077551903792321328e-05
2.073919989767448592e-05
2.070286967152830653e-05
2.066662897707086449e-05
2.063091815038929560e-05
2.059522030409888574e-05
2.055972243334212954e-05
2.052484697822467923e-05
2.049018577513260099e-05
2.045563164329591857e-05
2.042090789267955150e-05
2.038619568730382550e-05
2.035143360122438570e-05
2.031680596598962624e-05
2.028231865187350672e-05
2.024800647524249518e-05
2.021394387686655626e-05
2.017995829622450633e-05
2.014611092705621975e-05
2.011246625683747049e-05
2.007894461361214657e-05
2.004548771582690425e-05
2.001216359833919847e-05
1.997901054203583455e-05
1.994604605477858051e-05
1.991322059265230297e-05
1.988057697437729853e-05
1.984818254986248122e-05
1.981593892441439270e-05
1.978384502740397391e-05
1.975186521666665449e-05
1.972011338035857967e-05
1.968845195096584035e-05
1.965691886305570780e-05
1.962562422062258188e-05
1.959446561953343772e-05
1.956341996480640900e-05
1.953252664748040529e-05
1.950172266292771731e-05
1.947107973569082195e-05
1.944055130234059153e-05
1.941023034399886842e-05
1.938009921111073596e-05
1.935011510157312205e-05
1.932027002239618802e-05
1.929046710020036298e-05
1.926080354554671312e-05
1.923127966027448051e-05
1.920200157956545466e-05
1.917292236197228367e-05
1.914404042289714119e-05
1.911525808623428801e-05
1.908700577880581797e-05
1.905888096075152843e-05
1.903069222355380965e-05
1.900266365541583151e-05
1.897487077150018160e-05
1.894701440380958295e-05
1.891927667525060449e-05
1.889167129165845974e-05
1.886428805981905455e-05
1.883704996047044569e-05
1.880980039418343541e-05
1.878297909631187665e-05
1.875598545708210264e-05
1.872897225067776409e-05
1.870231962076344444e-05
1.867547604273392893e-05
1.864864471675014895e-05
1.862199813590120523e-05
1.859547144893450505e-05
1.856899107731788229e-05
1.854253977461801429e-05
1.851618780103514336e-05
1.848998625514395474e-05
1.846387671377604573e-05
1.843789090441777713e-05
1.841199457443072734e-05
1.838621353295627034e-05
1.836053302633151849e-05
1.833494913412734222e-05
1.830947382361231780e-05
1.828409990903152443e-05
1.825883290840138852e-05
1.823367250935604408e-05
1.820862731942099415e-05
1.818367620521886573e-05
1.815881817697047060e-05
1.813406179723909195e-05
1.810941261219582322e-05
1.808487051143532382e-05
1.806044708479045372e-05
1.803619076651517556e-05
1.801205394765766752e-05
1.798804681325134587e-05
1.796413557186322065e-05
1.794031967319894400e-05
1.791667010660792116e-05
1.789308896507049552e-05
1.786954863922866386e-05
1.784609400005563180e-05
1.782269820402220952e-05
1.779939284276696321e-05
1.777614425213464854e-05
1.775298791507547191e-05
1.773001136779272534e-05
1.770706816999335057e-05
1.768425161414174869e-05
1.766149632800851060e-05
1.763911090373640502e-05
1.761653288093922620e-05
1.759404377250750105e-05
1.757162872320256427e-05
1.754933618911626008e-05
1.752718647787513374e-05
1.750511359473787696e-05
1.748303608283976833e-05
1.746108287791813546e-05
1.743939555160109345e-05
1.741767970505959012e-05
1.739602468212336054e-05
1.737441140576444958e-05
1.735297481590951808e-05
1.733151353503369801e-05
1.731017972814242185e-05
1.728897370491269016e-05
1.726777292009950445e-05
1.724666977927092872e-05
1.722574826921614223e-05
1.720485673663815884e-05
1.718420726100985832e-05
1.716374375129078099e-05
1.714335484429238915e-05
1.712284168553479299e-05
1.710263469625992479e-05
1.708226190072571600e-05
1.706192259237021509e-05
1.704184795761463193e-05
1.702188849307809655e-05
1.700210632562626587e-05
1.698245780502578598e-05
1.696268995744775360e-05
1.694309638250305990e-05
1.692378292142223306e-05
1.690440462578056334e-05
1.688499431830843439e-05
1.686555881347683077e-05
1.684609753301965265e-05
1.682671518795233895e-05
1.680760645789253793e-05
1.678867502284786908e-05
1.677006119131790597e-05
1.675155361110786649e-05
1.673310131204929269e-05
1.671494307257133919e-05
1.669695688688519269e-05
1.667883963862963547e-05
1.666084959897311330e-05
1.664305628602800628e-05
1.662562070915373411e-05
1.660836406343000799e-05
1.659095625121817522e-05
1.657417362156501204e-05
1.655788210521245629e-05
1.654175900165540317e-05
1.652606195583321890e-05
1.651040874617542190e-05
1.649456027443134656e-05
1.647903058931865126e-05
1.646369054899608241e-05
1.644824219315651006e-05
1.643279446291065449e-05
1.641701466221835465e-05
1.640171377638567784e-05
1.638618433670860559e-05
1.637042295332584313e-05
1.635415163166256149e-05
1.633804734705181810e-05
1.632173491929453377e-05
1.630599147373539159e-05
1.629024499358812161e-05
1.627406447882821173e-05
1.625813901139040043e-05
1.624221302536698743e-05
1.622621471141649655e-05
1.621003330891975574e-05
1.619417299436411487e-05
1.617809630680899704e-05
1.616238493051468751e-05
1.614641920166613444e-05
1.613082272209388158e-05
1.611536364053449064e-05
1.609994120440637398e-05
1.608490507338598531e-05
1.606999868272889935e-05
1.605519021766401921e-05
1.604065420724474171e-05
1.602604903852868553e-05
1.601166126162450757e-05
1.599761275957739542e-05
1.598391095934087149e-05
1.597035552568845985e-05
1.595709489316731196e-05
1.594364191141020218e-05
1.593011508084144065e-05
1.591661685136904763e-05
1.590321379057307781e-05
1.589018539933859380e-05
1.587717147965945558e-05
1.586450854360311167e-05
1.585182225677125807e-05
1.583930116450040049e-05
1.582692273558330927e-05
1.581412072375844158e-05
1.580165467396004922e-05
1.578912837034059316e-05
1.577648845247132015e-05
1.576435962626107935e-05
1.575216405208188370e-05
1.574035321582454116e-05
1.572862014986362695e-05
1.571706369473452035e-05
1.570516826375936055e-05
1.569419354428510695e-05
1.568333799990536952e-05
1.567172039421823665e-05
1.565973802184817044e-05
1.564798127708488508e-05
1.563629334769383371e-05
1.562437009752044512e-05
1.561251778262830907e-05
1.560035584313835158e-05
1.558808164203398804e-05
1.557615462556438153e-05
1.556391219726779482e-05
1.555181487483447343e-05
1.554014998366705055e-05
1.552861779919112933e-05
1.551680271812923281e-05
1.550491803494554751e-05
1.549302020009112057e-05
1.548122908222078966e-05
1.546935747400317147e-05
1.545778742369086152e-05
1.544603442451595609e-05
1.543459926227205647e-05
1.542298986975198819e-05
1.541224304593459221e-05
1.540139110776446468e-05
1.539091319715446812e-05
1.538031831880965053e-05
1.536971548694980943e-05
1.535928511472810831e-05
1.534837065684851922e-05
1.533814276851878976e-05
1.532762876055927779e-05
1.531742666807699429e-05
1.530760820192816958e-05
1.529753365486630884e-05
1.528761432629175589e-05
1.527794101955729316e-05
1.526844298186168255e-05
1.525960510543130470e-05
1.525055725984118017e-05
1.524174931090871436e-05
1.523349595919228175e-05
1.522496420486001297e-05
1.521624464184621105e-05
1.520777147577131781e-05
1.519883456105009816e-05
1.519013754600635707e-05
1.518141255539494261e-05
1.517230404540526518e-05
1.516356581098040530e-05
1.515482190100422826e-05
1.514662438241900485e-05
1.513830502771644852e-05
1.513094041691733871e-05
1.512325175882540844e-05
1.511604623291132252e-05
1.510821741353323010e-05
1.510120973198940667e-05
1.509390692458345974e-05
1.508667910961678000e-05
1.507908465393595986e-05
1.507158544918036284e-05
1.506391852335199752e-05
1.505629008952353677e-05
1.504875977138328801e-05
1.504112546519418000e-05
1.503357469863334248e-05
1.502619438585483124e-05
1.501873511628605128e-05
1.501182039733841950e-05
1.500497278360083643e-05
1.499793080339938455e-05
1.499079461586147502e-05
1.498330076688940302e-05
1.497582399895459921e-05
1.496883077092294591e-05
1.496202406852901837e-05
1.495490867038527470e-05
1.494795715178277191e-05
1.494044042222351296e-05
1.493299502120363397e-05
1.492540737539918506e-05
1.491853491845782576e-05
1.491162224059780947e-05
1.490535136172342851e-05
1.489875923608722694e-05
1.489216865452461527e-05
1.488567403807180267e-05
1.487981142074216747e-05
1.487381572194474197e-05
1.486772706350899437e-05
1.486189544906708572e-05
1.485619379182425727e-05
1.485048070961090447e-05
1.484464240657980424e-05
1.483895182819593301e-05
1.483335932748223670e-05
1.482793331845985747e-05
1.482220738569811539e-05
1.481629258744856263e-05
1.481019202401086740e-05
1.480444854453986491e-05
1.479860622499119604e-05
1.479246759467462639e-05
1.478634141449724464e-05
1.478034996986592524e-05
1.477401828050566062e-05
1.476722707679779599e-05
1.476029903959638188e-05
1.475307467707944045e-05
1.474564525353471289e-05
1.473809360661733060e-05
1.473059267131824831e-05
1.472302347837136311e-05
1.471544201910033341e-05
1.470765422552636331e-05
1.470010516379896411e-05
1.469262988086517948e-05
1.468472311939433523e-05
1.467664632330443615e-05
1.466871502329181198e-05
1.466085624668961483e-05
1.465279783129888319e-05
1.464488833581040629e-05
1.463691647350137609e-05
1.462888224153623462e-05
1.462114303527591761e-05
1.461377982463408233e-05
1.460606195397528576e-05
1.459870122820634685e-05
1.459182819478575455e-05
1.458510586622987904e-05
1.457782590283024448e-05
1.457057770937000625e-05
1.456326155447546675e-05
1.455607454928894513e-05
1.454849069356449297e-05
1.454130873641016082e-05
1.453374470147138879e-05
1.452598477864802761e-05
1.451864492023299642e-05
1.451105012070900911e-05
1.450304980492602017e-05
1.449544463676717286e-05
1.448790886399219606e-05
1.448022434199363653e-05
1.447240152760066140e-05
1.446470468420920975e-05
1.445709671666915389e-05
1.444946594822716580e-05
1.444230470006350152e-05
1.443519979168800512e-05
1.442861993757948999e-05
1.442155305418472547e-05
1.441469372575633036e-05
1.440752289299788374e-05
1.440048358644349204e-05
1.439345466594981669e-05
1.438623046348096698e-05
1.437904070333196137e-05
1.437184965384434171e-05
1.436475476059182985e-05
1.435749949658716159e-05
1.435044800872269480e-05
1.434318300744101875e-05
1.433563214792337037e-05
1.432786065900470377e-05
1.432025784752241520e-05
1.431251545318667909e-05
1.430435584977330385e-05
1.429602581667192376e-05
1.428786027022249196e-05
1.427972066982294604e-05
1.427151082725167981e-05
1.426325274006767155e-05
1.425485850910492773e-05
1.424639382326118327e-05
1.423786655225067378e-05
1.422959001622938106e-05
1.422145996364813251e-05
1.421336694619484754e-05
1.420506976498345328e-05
1.419694033961301921e-05
1.418884212539494756e-05
1.418089386930372794e-05
1.417257388015629935e-05
1.416435611518007456e-05
1.415611481844329644e-05
1.414779672962841182e-05
1.413955100750900492e-05
1.413131632549655904e-05
1.412307018708689615e-05
1.411507962143234451e-05
1.410692892994710205e-05
1.409872079395591537e-05
1.409062890581132157e-05
1.408251913698384679e-05
1.407439611028081594e-05
1.406632939772815793e-05
1.405845363483540096e-05
1.405088379949389031e-05
1.404319850496405917e-05
1.403551200574918958e-05
1.402786185760075558e-05
1.402035093475611470e-05
1.401323863925615041e-05
1.400583890471723733e-05
1.399857956618922705e-05
1.399118003324825336e-05
1.398374987013921527e-05
1.397633024957825357e-05
1.396878120937476794e-05
1.396134818126205656e-05
1.395393756359371708e-05
1.394630354171587479e-05
1.393896238626508362e-05
1.393153527390333765e-05
1.392428810530746976e-05
1.391720448782640875e-05
1.391012245661862052e-05
1.390320659829771825e-05
1.389639311133995725e-05
1.388933510114400609e-05
1.388236108616955560e-05
1.387536418233210811e-05
1.386849808505350285e-05
1.386163947874062595e-05
1.385499511069095332e-05
1.384831969803034763e-05
1.384197855544076124e-05
1.383575100922882363e-05
1.382952057544191074e-05
1.382351454052899377e-05
1.381740712195988986e-05
1.381134764622346640e-05
1.380520704325082912e-05
1.379914214567045584e-05
1.379298018814274500e-05
1.378678046158148730e-05
1.378078629496883786e-05
1.377451626832528282e-05
1.376817567914838083e-05
1.376180615279779024e-05
1.375537799767763754e-05
1.374905227038974111e-05
1.374287577087579156e-05
1.373653895086021336e-05
1.373018201340401199e-05
1.372360712932609256e-05
1.371709930673623442e-05
1.371093956579016966e-05
1.370460854007724612e-05
1.369834728622618278e-05
1.369198721432948135e-05
1.368546581914711382e-05
1.367901730521607833e-05
1.367275015743338962e-05
1.366635740218129172e-05
1.365981696722034577e-05
1.365329443776515561e-05
1.364683209676709919e-05
1.364053947297222455e-05
1.363417984356655798e-05
1.362792430037166202e-05
1.362198604680923725e-05
1.361590579291552254e-05
1.360970563628458022e-05
1.360373837760087635e-05
1.359780927974986805e-05
1.359202332552496928e-05
1.358628994036658335e-05
1.358052528324363479e-05
1.357472780509457693e-05
1.356891984062262405e-05
1.356302328600500128e-05
1.355730640700208523e-05
1.355126714340479714e-05
1.354547077152049085e-05
1.353961283232087884e-05
1.353365703107680662e-05
1.352768973592975908e-05
1.352179695889210701e-05
1.351572072875840773e-05
1.350957933165924309e-05
1.350343821066750312e-05
1.349718657192958882e-05
1.349095454384798252e-05
1.348462464363561539e-05
1.347835878292398099e-05
1.347215019348559256e-05
1.346597572650492878e-05
1.345988224478977103e-05
1.345397018471273387e-05
1.344792379370468805e-05
1.344188103569937639e-05
1.343577825786675905e-05
1.342968730622739515e-05
1.342363080819232439e-05
1.341749057751206856e-05
1.341140974146125064e-05
1.340526693149337446e-05
1.339919392196529806e-05
1.339303841425314103e-05
1.338689723748469484e-05
1.338077731567284130e-05
1.337476917984482848e-05
1.336854667242565681e-05
1.336244020085583901e-05
1.335662117279479164e-05
1.335064030003863295e-05
1.334471054415027257e-05
1.333856828652888315e-05
1.333242797178487466e-05
1.332623769731534808e-05
1.332014015895070548e-05
1.331390771235162766e-05
1.330759719327188292e-05
1.330100547763107985e-05
1.329464057993398985e-05
1.328819159932811919e-05
1.328174323851861262e-05
1.327543691696540036e-05
1.326894054551265243e-05
1.326248212179768599e-05
1.325589681249510122e-05
1.324929758507249793e-05
1.324262790769020625e-05
1.323585577336445557e-05
1.322914942290024104e-05
1.322237896239274837e-05
1.321565551329062742e-05
1.320887858595653525e-05
1.320214310398940771e-05
1.319537947289732720e-05
1.318862628398912609e-05
1.318196315982480938e-05
1.317549779947422035e-05
1.316892218842739064e-05
1.316232444183123514e-05
1.315575564396400696e-05
1.314924177514004658e-05
1.314263161156748641e-05
1.313608665058309744e-05
1.312971999394091114e-05
1.312324900626330113e-05
1.311684457939511500e-05
1.311036846068324242e-05
1.310389018352091053e-05
1.309747787347183044e-05
1.309104256625846124e-05
1.308468457397313170e-05
1.307821804520349598e-05
1.307175478116632012e-05
1.306525298252934391e-05
1.305888166596770582e-05
1.305253164151340348e-05
1.304628926216001145e-05
1.304000500599478845e-05
1.303393109443849390e-05
1.302790732035397137e-05
1.302188710266699250e-05
1.301577118718494430e-05
1.300958117575840443e-05
1.300333739741379561e-05
1.299712516848866460e-05
1.299091218965368800e-05
1.298483744221372065e-05
1.297873590556431881e-05
1.297268789409607284e-05
1.296638558354681225e-05
1.296015703970176143e-05
1.295389075809942675e-05
1.294768778754655943e-05
1.294152824224840200e-05
1.293533878238912770e-05
1.292913511873251508e-05
1.292296965399993225e-05
1.291701179511164388e-05
1.291118585993038077e-05
1.290531190047357220e-05
1.289945714402779315e-05
1.289365610201560246e-05
1.288780904158037486e-05
1.288180143140174758e-05
1.287582774585055384e-05
1.286983724953286835e-05
1.286408662953786242e-05
1.285839474417885015e-05
1.285278161063960728e-05
1.284731384319201066e-05
1.284177569806865558e-05
1.283617985406592288e-05
1.283073574950901408e-05
1.282526211223058147e-05
1.281976198348578982e-05
1.281445688148017499e-05
1.280911721635399083e-05
1.280384886617304983e-05
1.279866954513910729e-05
1.279351597124781475e-05
1.278851566439378107e-05
1.278340079391576214e-05
1.277839223311102867e-05
1.277340187242638832e-05
1.276860723599242966e-05
1.276381806429676898e-05
1.275886744485861443e-05
1.275385480882198401e-05
1.274883120567197012e-05
1.274400317462471068e-05
1.273908892236438339e-05
1.273432725458857118e-05
1.272959225928660295e-05
1.272480275693391985e-05
1.272001679403936661e-05
1.271530373089936669e-05
1.271058330988886730e-05
1.270587357493149467e-05
1.270106655342355157e-05
1.269621131611474465e-05
1.269145242622865015e-05
1.268667804760201310e-05
1.268193265574239140e-05
1.267714073337027917e-05
1.267234873098029595e-05
1.266757093604984205e-05
1.266281384281209976e-05
1.265821455796582716e-05
1.265353840910482536e-05
1.264900198343561087e-05
1.264442304190081748e-05
1.263986134369297539e-05
1.263534694183889877e-05
1.263093356647913991e-05
1.262639319895222261e-05
1.262201055789554474e-05
1.261781467098778418e-05
1.261359909764963217e-05
1.260959608032746602e-05
1.260547258216191428e-05
1.260148522339902096e-05
1.259753253027126668e-05
1.259350951150615479e-05
1.258950596518364590e-05
1.258528550983458270e-05
1.258098389043666255e-05
1.257669370516637563e-05
1.257249322017134024e-05
1.256826105501028836e-05
1.256406234728030481e-05
1.255995467495578238e-05
1.255588626796760870e-05
1.255177209902767802e-05
1.254776791615629413e-05
1.254374041273180208e-05
1.253954120999600810e-05
1.253534240457872102e-05
1.253123903582763316e-05
1.252711713036776982e-05
1.252292544165980082e-05
1.251882198015883393e-05
1.251466998294383141e-05
1.251046087686910903e-05
1.250617507180042718e-05
1.250184819197246275e-05
1.249761541786393794e-05
1.249344801387944391e-05
1.248933128225214115e-05
1.248511513069601602e-05
1.248089396889387847e-05
1.247673306342379990e-05
1.247261923250673080e-05
1.246853572499634169e-05
1.246449625328889891e-05
1.246061488163785208e-05
1.245684766690407364e-05
1.245303066805912872e-05
1.244926963447990021e-05
1.244553644362308745e-05
1.244157312236997312e-05
1.243779226354565793e-05
1.243410258341347049e-05
1.243055931338655126e-05
1.242692653420629602e-05
1.242318379095202584e-05
1.241957187819925467e-05
1.241593520879728567e-05
1.241210563276129227e-05
1.240822616879797630e-05
1.240425254225374479e-05
1.240016870876696787e-05
1.239598595502654640e-05
1.239174059635282963e-05
1.238736592769923072e-05
1.238291903371546709e-05
1.237852543025000799e-05
1.237413054622017805e-05
1.236962502640453198e-05
