5.287162793295896336e+03
6.825216103511233086e+03
6.825216103511233086e+03
6.575773499025840465e+03
6.279882925996583253e+03
6.260342187148027733e+03
5.986038996490354293e+03
9.336213833486885051e+03
6.303425873505284471e+03
7.026593845046584647e+03
6.433776774907781146e+03
6.123576667787142469e+03
6.261974243789258253e+03
7.424579550034583008e+03
7.432871131286698983e+03
6.216053209832523862e+03
7.414388830648577823e+03
7.494483810392016494e+03
6.895084564196557949e+03
6.229137188683089335e+03
7.777117498338669066e+03
6.573836170981666328e+03
7.595612637851338150e+03
6.745597280511203280e+03
6.466057851095567457e+03
7.103017893548574648e+03
6.750298211567613180e+03
7.700624862442062295e+03
7.991386718249884325e+03
6.454379793113400410e+03
7.146243074384992724e+03
7.494566461413743127e+03
6.720341029795861687e+03
6.336758971576890872e+03
6.467730196814562987e+03
7.014089209569493505e+03
6.475352841161250581e+03
7.646396724928938056e+03
7.672470246511490586e+03
6.968541149278473313e+03
6.642014411206508157e+03
7.117081563668558374e+03
7.232535135837115376e+03
6.509548848542064661e+03
8.039468600988497201e+03
7.210888603922217044e+03
8.119424364826580131e+03
6.511800034558786137e+03
7.488551106880705447e+03
5.575118915591649056e+03
7.204303121435264984e+03
7.074781788582305126e+03
6.332153422869773749e+03
7.443845771684213105e+03
7.600201099529930616e+03
6.158821274176822044e+03
6.956739079590007350e+03
4.944173492625538529e+03
7.182495330301704598e+03
6.685329375344441360e+03
6.978992664146386232e+03
6.964450977731085914e+03
7.200877614521022224e+03
5.860927697679055200e+03
7.456326306615575049e+03
7.642465558560254067e+03
8.157061474333428123e+03
7.375622683175302882e+03
7.056386777058660300e+03
5.813040596556984383e+03
7.801542551168155114e+03
7.065853072239093308e+03
6.697633485074861710e+03
6.830896188008489844e+03
7.504529859001319892e+03
6.682625103562579170e+03
7.105693310983287120e+03
7.341855066825100039e+03
6.735107409175005159e+03
5.873464732596306931e+03
7.674455481492677791e+03
6.939321845905393275e+03
7.006081204150503254e+03
7.341412937521006825e+03
5.777605776660539959e+03
6.693826451258219095e+03
6.693278397237996614e+03
7.610002552000319156e+03
6.439965184326970302e+03
7.074301133475544702e+03
6.651754384218324958e+03
5.229514218619116946e+03
7.473936086064315532e+03
5.875541904768953827e+03
6.999437509459225112e+03
8.132853473243622830e+03
6.137094412059207571e+03
6.884962626579825155e+03
5.773860988882480342e+03
6.675999215895902125e+03
