2.249705713234040559e+03
2.226761677352547395e+03
2.226761677352547395e+03
2.253832484618069429e+03
2.056627424758825327e+03
1.734991001882518731e+03
2.544228953357880528e+03
1.804636945301822834e+03
1.961494137774590172e+03
2.325955683052924996e+03
1.745406339864252004e+03
2.218577833706888669e+03
1.965475531318452340e+03
2.282359127980534595e+03
2.373178400484947360e+03
2.586741322944905733e+03
2.046749611494920828e+03
2.297919076054166908e+03
2.023348750699464063e+03
1.676326864443378099e+03
1.905512606713511332e+03
2.072362531670019052e+03
2.600356667040187858e+03
2.593489253168816958e+03
2.336689636763826002e+03
1.646784871726327992e+03
2.287139665804453216e+03
2.284683460259113872e+03
2.311503646267161002e+03
2.718898610817055214e+03
2.786395921798460222e+03
1.774294068519592884e+03
2.704679500870071934e+03
2.387937972870473914e+03
2.637433948975201929e+03
2.366505287336098718e+03
2.165354842068521066e+03
2.036170426513468783e+03
2.149281087764835320e+03
2.387454402714296521e+03
2.190598328189931181e+03
2.384825617650981258e+03
2.282355933455290142e+03
2.285215248911743856e+03
2.303796115158337216e+03
2.090518343594012094e+03
2.188338213094445564e+03
1.970524499980250766e+03
2.057852763683783905e+03
2.385016713416310267e+03
2.234919898028093940e+03
2.028801980862949677e+03
2.339924188727403362e+03
2.456549169060855093e+03
2.556423565059645171e+03
2.135656041752878082e+03
2.117812670335353232e+03
2.359936931758013998e+03
1.904479424916394237e+03
2.088318898242770047e+03
2.919226704624195463e+03
2.126213598027068201e+03
2.343628345389438891e+03
2.005274035381427439e+03
2.147715004302755915e+03
2.179272098756896867e+03
2.464601435497675084e+03
2.021888481666678899e+03
2.167946604587479669e+03
1.789058549625689238e+03
2.134026223588527046e+03
2.228414427147303741e+03
2.105648033845424834e+03
1.994107964531269772e+03
2.112028226815816197e+03
2.453456955131392988e+03
2.189797432800384740e+03
2.395256275156023094e+03
2.313492960778285124e+03
2.293601409366097414e+03
2.090305920007976056e+03
2.097601508369448311e+03
2.335732152930348093e+03
2.504804739159229030e+03
1.724181856223814066e+03
2.291030018606621979e+03
2.038409909395772502e+03
2.339673230183254873e+03
2.218102119518375275e+03
2.166195153222339741e+03
1.993827715272910382e+03
2.112999765420144286e+03
2.706696938447344110e+03
1.982799398535550154e+03
2.218534863991946622e+03
2.250482897710320685e+03
2.148014609181780088e+03
2.372449077969977225e+03
2.439196113019943368e+03
2.570410404224458489e+03
