4.540591439402710421e+03
3.830213063582797531e+03
3.830213063582797531e+03
4.091519666546202643e+03
4.803179821251886096e+03
4.880117814971418738e+03
3.840148974939529126e+03
4.019606516590237788e+03
4.251373400480367309e+03
3.946372036256276715e+03
3.821551541550211368e+03
4.059628888696371178e+03
3.778764023571256530e+03
4.067775152858210731e+03
3.595614342981976733e+03
4.060285885473543203e+03
3.525345614058988758e+03
5.167678815176938770e+03
3.673022330851503284e+03
4.704600511312866729e+03
3.932067336816384341e+03
3.890542434638822215e+03
3.904934802484609463e+03
2.722458228839372168e+03
4.241353402589265897e+03
3.803682047502212754e+03
3.448879725296675133e+03
3.698803023580921945e+03
3.849041621618090176e+03
5.014329651396157715e+03
4.576062525333541089e+03
3.823526337750390212e+03
3.708147288401507467e+03
4.122917038712312205e+03
3.751804306050091327e+03
3.664030093634703462e+03
4.203096198374471896e+03
3.252717667816760695e+03
4.937785857874239809e+03
3.326286161316684684e+03
2.818973270781648807e+03
4.626867027099629922e+03
4.253670022778534076e+03
3.838521103816281538e+03
4.769485673335259889e+03
3.911251083855036541e+03
4.637159450831521099e+03
4.207088490775164246e+03
4.141514007575873620e+03
4.487789636873410927e+03
3.652889335572040181e+03
3.930858587985268969e+03
4.041989653403293687e+03
3.735052956316191739e+03
3.288255588138667008e+03
3.968550829545498800e+03
3.994747874698407486e+03
2.781344641226249223e+03
4.244851520304962833e+03
2.809728418318858985e+03
4.307343243106127375e+03
4.317163905237855033e+03
3.853101795953094552e+03
5.375096450950968574e+03
3.823688699377068133e+03
4.565537243425307679e+03
4.118964877850464291e+03
3.788209314941332650e+03
3.690799017445694062e+03
3.726330380709064684e+03
3.796739487473150348e+03
4.424703778872409202e+03
4.071686315286690842e+03
3.631940591663619671e+03
3.253286323501821698e+03
4.934992721099538358e+03
3.357408232627953112e+03
4.425519370520235498e+03
5.011653544121245432e+03
4.204405193772316125e+03
4.416567297505645001e+03
4.394841684802851887e+03
3.601219956418753100e+03
3.857918518404535462e+03
4.276607268654220206e+03
3.755871980874217570e+03
4.127123426080107492e+03
4.219711921541012089e+03
4.365496008816275207e+03
4.259610607201690073e+03
4.129140929589037114e+03
3.386548016214504514e+03
3.117569673570539180e+03
4.695679356134727641e+03
4.794431021831917860e+03
3.667614984139551325e+03
4.715951280846484224e+03
4.478299895585519153e+03
3.743437804206015244e+03
4.058867153817007875e+03
