8.676329442112708421e+03
7.842502226360489658e+03
7.842502226360489658e+03
9.603618233866205628e+03
9.382499656131321899e+03
1.048304733623354150e+04
9.311339889612701882e+03
9.191941867528175862e+03
8.180568980906072284e+03
7.228091918749079014e+03
6.533828999693219885e+03
8.585982528593896859e+03
8.404836923721048151e+03
9.351419364294772095e+03
9.504452324106519882e+03
9.130826516180590261e+03
9.151952792548616344e+03
9.266628125002744127e+03
9.553555425342485250e+03
7.629831372740215556e+03
8.338152026511810618e+03
1.025181886433284853e+04
7.925312365161763410e+03
9.125289261487092517e+03
9.269103155486709511e+03
1.031124983127457199e+04
8.297979475360803917e+03
9.433047229222100214e+03
8.057079176578242368e+03
7.577067252556861604e+03
1.019229426747330945e+04
6.923694584720888997e+03
1.105065014222996433e+04
9.443419670975003100e+03
8.754510667179858501e+03
7.044484789867991822e+03
8.606750795489630036e+03
7.902316507639298834e+03
1.011446889005230150e+04
7.803832562773355676e+03
9.786537997525614628e+03
8.922206029043287344e+03
9.223587602138826696e+03
8.565750644672019916e+03
8.568422227134096829e+03
8.954569705289224657e+03
8.308944742996403875e+03
7.973033873904417305e+03
8.674099011828895527e+03
8.924062648970593727e+03
9.316653180378893012e+03
8.699831856942229933e+03
8.853316355211696646e+03
1.002793689965957128e+04
1.026068455577081295e+04
8.360226932548350305e+03
1.089403094310702909e+04
8.685058213054369844e+03
8.389264617390948843e+03
9.118234198091660801e+03
7.395245254363775530e+03
8.117225610947863061e+03
8.558456036812851380e+03
1.161771461922602066e+04
9.234096685767452072e+03
8.332052838949794022e+03
1.027626265815660554e+04
9.979146637174389980e+03
9.468955582983715431e+03
9.833246049514185870e+03
9.143163586930892052e+03
9.052074149701526039e+03
8.496965608854110542e+03
8.289003561295767213e+03
8.721734139048376164e+03
1.031689471257021978e+04
8.689503105240921286e+03
9.089930143602801763e+03
8.256920080157964549e+03
1.018800418862226616e+04
9.418226067880457776e+03
8.428478501051793501e+03
8.336609134318889119e+03
8.791403046186776919e+03
1.106013616488724983e+04
9.704770293379593568e+03
7.467261645798020254e+03
9.462074578853329513e+03
8.651769091143705737e+03
9.489169245446895729e+03
8.962153860754096968e+03
7.835963785386379641e+03
7.384022022401240974e+03
9.110903793984496588e+03
7.852016421049062956e+03
9.708576336796188116e+03
9.578841707899571702e+03
8.282402001032583939e+03
8.359223225373440073e+03
8.696062596997417131e+03
