1.527138214698825491e-03
1.080335520916156323e-03
8.833193946898452911e-04
7.652919747635268145e-04
6.847230984799492761e-04
6.279772814132501737e-04
5.818632556020489214e-04
5.462202233926094627e-04
5.225641801333574419e-04
5.298859217621824371e-04
5.230412963423995351e-04
5.121467475765781145e-04
4.996492048555669849e-04
4.819369076654425642e-04
4.657346814779016533e-04
4.519975695268716159e-04
4.385811683588138228e-04
4.265322856697590899e-04
4.152971937492062589e-04
4.048124618362311500e-04
3.954983581232857873e-04
3.864723907107884930e-04
3.781639045758565932e-04
3.706259057627813163e-04
3.631714078351801472e-04
3.565726604731386242e-04
3.499596480745527372e-04
3.443892019215827110e-04
3.397736844521964997e-04
3.355886858759484837e-04
3.322445172422194728e-04
3.303215649064157643e-04
3.282970234476225509e-04
3.248663182400345203e-04
3.212743710470337835e-04
3.179456740107874826e-04
3.148140631443201339e-04
3.112923020136848539e-04
3.082108347677524319e-04
3.053516588916693991e-04
3.020905194604472889e-04
2.990847455265728473e-04
2.965645415174567186e-04
2.937044943200233286e-04
2.913732866196922715e-04
2.887697756350343084e-04
2.863097145703049989e-04
2.841037565023607687e-04
2.814580592603113402e-04
2.788099292423305234e-04
2.766866772653608182e-04
2.748299890946040522e-04
2.733191597288145967e-04
2.719362908743887773e-04
2.706408434394899599e-04
2.693566320276535755e-04
2.676825888716700031e-04
2.659566786036016693e-04
2.640400283238755795e-04
2.620839569870325649e-04
2.599884413574229448e-04
2.578891055908992210e-04
2.559474608102415487e-04
2.540212435644993521e-04
2.521967293053254907e-04
2.503946454137532867e-04
2.485438225960263383e-04
2.467319035063723453e-04
2.449586883395237619e-04
2.432048548131869343e-04
2.414974216680768071e-04
2.398207184988313586e-04
2.381766147227587982e-04
2.365621112267652412e-04
2.349797459242610126e-04
2.334325559434249735e-04
2.319198328894963581e-04
2.304299472214770754e-04
2.289731495403909663e-04
2.275481630364350441e-04
2.261803412656790521e-04
2.248601996435589125e-04
2.236032601067607084e-04
2.224257705552399212e-04
2.212587092942605615e-04
2.202576974604021924e-04
2.193225562381591960e-04
2.183933020494365092e-04
2.173746778474152925e-04
2.162993348314646213e-04
2.152538743030964132e-04
2.142000191366632850e-04
2.131337355727499887e-04
2.120578235295671914e-04
2.109854261916593973e-04
2.099705339903567040e-04
2.089682937625703086e-04
2.079759620393062370e-04
2.069525566529883454e-04
2.059255084449813802e-04
2.049101629848432745e-04
2.039104585847208064e-04
2.029510726510758178e-04
2.020083750907489826e-04
2.010815117263783480e-04
2.002208536038605868e-04
1.993713300668228309e-04
1.986027143690105405e-04
1.978371539814132286e-04
1.971469378601664124e-04
1.964530935630836293e-04
1.957403191493012448e-04
1.950182571975466351e-04
1.942877215208617663e-04
1.935852764381362139e-04
1.929009005382120614e-04
1.922798031956274463e-04
1.916887142945208281e-04
1.911032726102193950e-04
1.905784437746524732e-04
1.900442981986828132e-04
1.895107422284202927e-04
1.890496780051127994e-04
1.886971214859047637e-04
1.882772863682776832e-04
1.878058401943578622e-04
1.872607386170404068e-04
1.867411976353764683e-04
1.861469174325953773e-04
1.855990175549339296e-04
1.850226923932851676e-04
1.844829683882758724e-04
1.839419890736178136e-04
1.833784762063767862e-04
1.829077024086907027e-04
1.824285735342889587e-04
1.818965653317089037e-04
1.813658424499350170e-04
1.808316495903092270e-04
1.802716999929138348e-04
1.797480184487938444e-04
1.792057728443203764e-04
1.786473959712728732e-04
1.780991244886713282e-04
1.775535692843032906e-04
1.770109148542334265e-04
1.764773701082243663e-04
1.759395552075388087e-04
1.753777239064647727e-04
1.748090982676253461e-04
1.742534841116108251e-04
1.737125365049494005e-04
1.731573573978715337e-04
1.726035384923615555e-04
1.720554620938011627e-04
1.715150527365343373e-04
1.709695516410579292e-04
1.704282687490140660e-04
1.698915105128691511e-04
1.693608999686837418e-04
1.688342100686161785e-04
1.683126407913312353e-04
1.677955970235583732e-04
1.672832822320818934e-04
1.667767921951675010e-04
1.662753044485898901e-04
1.657772996219227673e-04
1.652839467335824087e-04
1.648093951467299260e-04
1.643515126731857770e-04
1.639179096493786859e-04
1.634884379424179435e-04
1.630558499378155252e-04
1.626117478680418873e-04
1.621726556842235825e-04
1.617402672151803823e-04
1.613225365649902587e-04
1.609144688731719078e-04
1.604966945196646146e-04
1.600875752351484961e-04
1.596660248809950091e-04
1.592580068996317030e-04
1.588334103002315230e-04
1.584156832799868376e-04
1.579981580194365258e-04
1.575835444437729822e-04
1.571852937210992346e-04
1.567833144582594462e-04
1.563976594548817205e-04
1.560234129017909986e-04
1.556503350329839291e-04
1.552970082574499952e-04
1.549253799631239101e-04
1.545555756116323196e-04
1.541955911889570925e-04
1.538287848850105602e-04
1.534936991488896772e-04
1.531606219884290002e-04
1.528381638099017624e-04
1.525279271319453657e-04
1.522311010118662569e-04
1.519299339052213873e-04
1.516219701890654558e-04
1.513113255032164507e-04
1.510061315943413238e-04
1.507012671146669392e-04
1.504146769774132553e-04
1.501304576159165967e-04
1.498614311865527652e-04
1.495966165525102951e-04
1.493607106517095369e-04
1.491138333496024395e-04
1.488942700357351204e-04
1.486822159127497802e-04
1.484761335700714321e-04
1.482504148732864669e-04
1.480085479910600100e-04
1.477414395273401494e-04
1.475033484023548724e-04
1.472609697324052933e-04
1.470099650951673038e-04
1.467519110551108335e-04
1.464926152774898114e-04
1.462324598967649223e-04
1.459686979005360365e-04
1.456991182810645782e-04
1.454348572677285965e-04
1.451579461736091949e-04
1.448844510933516817e-04
1.446061174629178689e-04
1.443413997517481212e-04
1.440797163451696522e-04
1.438137186876034209e-04
1.435413964997660577e-04
1.432696370956059394e-04
1.430210141243765120e-04
1.427846410736202079e-04
1.425414591316564029e-04
1.423070570180482873e-04
1.420777206105530558e-04
1.418352363007325482e-04
1.415862820498185281e-04
1.413505444522785294e-04
1.411318039306695270e-04
1.409191058411677635e-04
1.407253934002613064e-04
1.405292278734920442e-04
1.403207693502201803e-04
1.401136202492348718e-04
1.398942657747809259e-04
1.396736870937823852e-04
1.394424593417949989e-04
1.392044849040675056e-04
1.389667425769786102e-04
1.387234245387428848e-04
1.384915308406205919e-04
1.382524136568207148e-04
1.380080988480675730e-04
1.377608070373588522e-04
1.375205305453661012e-04
1.372891862258256059e-04
1.370609879978392409e-04
1.368409308593147573e-04
1.366081588994894904e-04
1.363699530899297678e-04
1.361263906463986697e-04
1.358930720397984377e-04
1.356508206006204584e-04
1.354092053767448980e-04
1.351664145557695542e-04
1.349216742771679048e-04
1.346745077331304333e-04
1.344307432461819382e-04
1.341903284779512339e-04
1.339520274578037792e-04
1.337115581474461836e-04
1.334714581963195056e-04
1.332322621755258377e-04
1.329953115198681253e-04
1.327592748895132591e-04
1.325261873594212427e-04
1.322958626439221081e-04
1.320692414213431884e-04
1.318421951427258064e-04
1.316213142144752996e-04
1.313969645266391815e-04
1.311743565063648088e-04
1.309538836814883673e-04
1.307351452206815504e-04
1.305128483906651204e-04
1.302962379183289867e-04
1.300798346996023369e-04
1.298633403485410982e-04
1.296596673310921460e-04
1.294576895942831562e-04
1.292485712700157689e-04
1.290376140302453283e-04
1.288293091307004851e-04
1.286278513948559566e-04
1.284261612409083001e-04
1.282240985445231793e-04
1.280210556130296161e-04
1.278187618540115196e-04
1.276184369725030733e-04
1.274195228814993639e-04
1.272173773673621023e-04
1.270160363338788360e-04
1.268176993293708226e-04
1.266278830143465980e-04
1.264335387366292149e-04
1.262387946540218181e-04
1.260470441841260653e-04
1.258520072997963474e-04
1.256580369528733602e-04
1.254689644157925860e-04
1.252810200601069048e-04
1.250964126779697822e-04
1.249124241530768641e-04
1.247290400860296474e-04
1.245460799277452863e-04
1.243641176582198002e-04
1.241783024497723016e-04
1.239896152044575215e-04
1.238001856920835906e-04
1.236141120070929173e-04
1.234302873311856209e-04
1.232449824572214264e-04
1.230598702520260292e-04
1.228777665377347040e-04
1.226961430715599625e-04
1.225144401462749768e-04
1.223356328632349077e-04
1.221570822297266521e-04
1.219787500000265240e-04
1.218037215382528781e-04
1.216323419641416725e-04
1.214580789599680415e-04
1.212881984234204978e-04
1.211200089369755822e-04
1.209471908708023780e-04
1.207716591460256973e-04
1.205960448956576214e-04
1.204203565411459477e-04
1.202454678421577397e-04
1.200711244463577965e-04
1.198980278047467554e-04
1.197252613348611235e-04
1.195537663712370588e-04
1.193840195506809196e-04
1.192145870209433299e-04
1.190454311627006586e-04
1.188776333822434570e-04
1.187128002485366508e-04
1.185465585826696338e-04
1.183815682127686700e-04
1.182169964329537478e-04
1.180527473041711144e-04
1.178893701082909341e-04
1.177284349610592713e-04
1.175713229239202189e-04
1.174131369261111242e-04
1.172565124522104710e-04
1.171020384009085157e-04
1.169449118513751795e-04
1.167874515727106534e-04
1.166328891763842326e-04
1.164798903620257325e-04
1.163249410001819566e-04
1.161711242025208906e-04
1.160194175549698501e-04
1.158687712874988167e-04
1.157196719975939312e-04
1.155674190921063960e-04
1.154132334283040581e-04
1.152595123262266244e-04
1.151068457545518879e-04
1.149545440620556723e-04
1.148045876249787807e-04
1.146546254555392115e-04
1.145053698200762846e-04
1.143605829949530364e-04
1.142160467326826842e-04
1.140728470894050917e-04
1.139282093188684965e-04
1.137851455782637136e-04
1.136403621356174082e-04
1.134966253897638593e-04
1.133550357984721389e-04
1.132129862155373896e-04
1.130697791119708188e-04
1.129261772302892375e-04
1.127830692569304120e-04
1.126405763850763918e-04
1.124994475567806662e-04
1.123583202077172181e-04
1.122176346309192814e-04
1.120778969027469955e-04
1.119380714640654710e-04
1.117987361728625136e-04
1.116591757672176575e-04
1.115208346037392716e-04
1.113849747245094558e-04
1.112503941126003908e-04
1.111188518392904599e-04
1.109898333360910414e-04
1.108592891267985698e-04
1.107313999208385725e-04
1.106052487260154535e-04
1.104784149278370114e-04
1.103540242194935651e-04
1.102336820599458486e-04
1.101141396680794529e-04
1.099921967615251638e-04
1.098674276240734502e-04
1.097441812694422851e-04
1.096173416559428400e-04
1.094902820884692660e-04
1.093642837043299585e-04
1.092391088927045887e-04
1.091140016093612844e-04
1.089883827212822181e-04
1.088622871565978189e-04
1.087379977309373781e-04
1.086144587284125832e-04
1.084936933861378874e-04
1.083728232508226000e-04
1.082538528575177031e-04
1.081348773672405507e-04
1.080168960576321911e-04
1.079001894965701352e-04
1.077821126623502393e-04
1.076647876272714458e-04
1.075486530558838870e-04
1.074352031576956534e-04
1.073208025235215639e-04
1.072070009468615047e-04
1.070911160354288326e-04
1.069743794548842308e-04
1.068602342700859727e-04
1.067430780163905392e-04
1.066247312144584633e-04
1.065055151573905391e-04
1.063864849220336878e-04
1.062676223254519175e-04
1.061491334285440683e-04
1.060303436529339629e-04
1.059118917111292622e-04
1.057936266504421575e-04
1.056759300989923791e-04
1.055588819882110165e-04
1.054424326704600994e-04
1.053268517896019472e-04
1.052109964937341313e-04
1.050952654153954817e-04
1.049802779724608870e-04
1.048651238132065200e-04
1.047504091834846468e-04
1.046368153539389530e-04
1.045236145743199849e-04
1.044101210588243536e-04
1.042970262764998234e-04
1.041842789346919307e-04
1.040719869870697237e-04
1.039600106946382638e-04
1.038485171511700311e-04
1.037375070195831780e-04
1.036279661243931629e-04
1.035191728408856022e-04
1.034111552567421445e-04
1.033023330427190078e-04
1.031929158654841034e-04
1.030835666850312457e-04
1.029752247206030836e-04
1.028671608494530226e-04
1.027597242432367090e-04
1.026525688823682882e-04
1.025455336483183262e-04
1.024387589408353859e-04
1.023323454548955740e-04
1.022257722838544792e-04
1.021195444286202307e-04
1.020140771974312302e-04
1.019088028656025874e-04
1.018037525440259700e-04
1.016988117664996291e-04
1.015941889928957589e-04
1.014900384739350218e-04
1.013864259652919508e-04
1.012836924305740864e-04
1.011804864581670056e-04
1.010776144560671851e-04
1.009751554677557766e-04
1.008728481971983017e-04
1.007707021034487567e-04
1.006689453876973315e-04
1.005674546927832905e-04
1.004662305855415699e-04
1.003653365100575634e-04
1.002649689029810681e-04
1.001648300145993944e-04
1.000651245226727567e-04
9.996560678805360971e-05
9.986656095312285576e-05
9.976811096941225914e-05
9.967044399941438248e-05
9.957207818722081866e-05
9.947391554604552639e-05
9.937612014835271160e-05
9.927853109659998739e-05
9.918118187450080921e-05
9.908409018666480600e-05
9.898728339343796799e-05
9.889080369898596741e-05
9.879457954940421135e-05
9.869861614264699011e-05
9.860312942859032694e-05
9.850797529609550934e-05
9.841338543524385586e-05
9.831871584989795702e-05
9.822413534127112222e-05
9.812985684755209383e-05
9.803581974163850729e-05
9.794210974296866463e-05
9.784944546636743855e-05
9.775650017380411170e-05
9.766383214857177360e-05
9.757122617764191436e-05
9.747880240498557267e-05
9.738666614634380761e-05
9.729486470407573814e-05
9.720322773129280529e-05
9.711184392547720225e-05
9.702090266429463201e-05
9.693074594488964712e-05
9.684112086786200062e-05
9.675313141172571247e-05
9.666485609691031653e-05
9.657730983061196578e-05
9.649025050035263135e-05
9.640249957420245718e-05
9.631491748455501785e-05
9.622650519373703287e-05
9.613849597181776735e-05
9.605063762597302094e-05
9.596301464390130144e-05
9.587580445926610097e-05
9.578878515232637243e-05
9.570169094841131699e-05
9.561474582800285553e-05
9.552869070384245273e-05
9.544314172523045631e-05
9.535724763634434800e-05
9.527204649398931440e-05
9.518851844424551219e-05
9.510410595730007925e-05
9.501954565959494774e-05
9.493499908385973345e-05
9.485157995191672155e-05
9.476796925005803078e-05
9.468473632983059451e-05
9.460116177723081011e-05
9.451841471031637249e-05
9.443562808818481446e-05
9.435390271385167690e-05
9.427277775233285464e-05
9.419166579116356787e-05
9.411023761686310781e-05
9.403042663841552006e-05
9.395117403133260744e-05
9.387236762868237739e-05
9.379288630602779578e-05
9.371340370491138070e-05
9.363685559777532334e-05
9.356109027299331184e-05
9.348485588517122262e-05
9.340879168413496701e-05
9.333314737918056464e-05
9.325602266332637803e-05
9.318082833168327291e-05
9.310450029424664482e-05
9.302829226786570244e-05
9.295139236267801770e-05
9.287571240187847692e-05
9.280021512292856416e-05
9.272514358732764669e-05
9.264918841660344580e-05
9.257347126052324962e-05
9.249751946278232434e-05
9.242174988558037702e-05
9.234553043985698005e-05
9.226936926726992652e-05
9.219234426798225972e-05
9.211536385214254253e-05
9.203811200625111849e-05
9.196084219735904642e-05
9.188366325022865179e-05
9.180670235823931225e-05
9.173000893104853203e-05
9.165371331232921852e-05
9.157754051233280251e-05
9.150156239051174094e-05
9.142585486181807922e-05
9.135040356993972556e-05
9.127484542901179848e-05
9.119943043029281348e-05
9.112415236120179735e-05
9.104912251265198913e-05
9.097421593339758686e-05
9.089949516285854942e-05
9.082501429130584894e-05
9.075072055682931519e-05
9.067687548436497336e-05
9.060341845435466285e-05
9.053065625384716512e-05
9.045770660189593655e-05
9.038502360565728766e-05
9.031277346930264292e-05
9.024061492213253117e-05
9.016914447315617278e-05
9.009783323201404058e-05
9.002639793343286353e-05
8.995554965691369542e-05
8.988494398224791497e-05
8.981529331031584771e-05
8.974586870553251882e-05
8.967640553898036733e-05
8.960766168718887115e-05
8.953857757866005211e-05
8.946911875690477533e-05
8.940061085731681480e-05
8.933193095812329667e-05
8.926398278267105586e-05
8.919516109173772995e-05
8.912675461902854672e-05
8.905894253307315527e-05
8.899034896166852155e-05
8.892175606935013741e-05
8.885425805383912086e-05
8.878679610254200253e-05
8.871909356481067301e-05
8.865128306178791907e-05
8.858418553665464777e-05
8.851845858837770274e-05
8.845193818514332648e-05
8.838606683564653168e-05
8.832153470467030815e-05
8.825824528367820975e-05
8.819676495881128132e-05
8.813499673523238892e-05
8.807326854793316728e-05
8.801062587857005979e-05
8.794799231133800205e-05
8.788536327190076360e-05
8.782292395550222325e-05
8.776165812715066574e-05
8.770010328959702644e-05
8.763779949059456482e-05
8.757639685895328224e-05
8.751538045359061996e-05
8.745361552065368353e-05
8.739109298119031039e-05
8.732858221049460609e-05
8.726526605365867643e-05
8.720160092110631263e-05
8.713802094319454412e-05
8.707520934950389413e-05
8.701331269300706871e-05
8.695083808785401163e-05
8.688798564252728218e-05
8.682647126088090315e-05
8.676660168518733954e-05
8.670793714274347449e-05
8.664887848955410605e-05
8.658949531641896400e-05
8.653008740288653685e-05
8.647054695965740651e-05
8.641096627094102197e-05
8.635100893357406868e-05
8.629240854433519587e-05
8.623426962150122007e-05
8.617641193416018656e-05
8.611915660705171498e-05
8.606332010246225646e-05
8.600600168450110651e-05
8.594962134206736968e-05
8.589263049328504636e-05
8.583576405960985953e-05
8.578019803064484256e-05
8.572430916788387472e-05
8.566912074027865150e-05
8.561527492819935993e-05
8.556393545579527114e-05
8.551365557918325804e-05
8.546254599687952002e-05
8.541163962135156973e-05
8.536175571397535040e-05
8.531043449595423860e-05
8.525969768232656196e-05
8.520875276892740744e-05
8.515887752715407778e-05
8.510850727473900489e-05
8.505787939916971787e-05
8.500475484766179522e-05
8.495015925659104672e-05
8.489554284812116992e-05
8.484125143851457731e-05
8.478685463286288963e-05
8.473336090269873431e-05
8.467800673911373419e-05
8.462307847488307851e-05
8.456849061576205404e-05
8.451219065268884693e-05
8.445676802966149460e-05
8.440131722044262944e-05
8.434604378977234040e-05
8.429027354549276996e-05
8.423562441468630693e-05
8.418066236732210693e-05
8.412583662596436005e-05
8.407001612701149628e-05
8.401343832949937566e-05
8.395694583252821840e-05
8.390088658971003334e-05
8.384520920908556947e-05
8.378888963046398676e-05
8.373292316041308040e-05
8.367595597365922973e-05
8.361931024560851418e-05
8.356260498873729990e-05
8.350573729842114936e-05
8.344904318833861378e-05
8.339233353512839376e-05
8.333590305025138597e-05
8.327913841835373756e-05
8.322251198849951281e-05
8.316596232719673765e-05
8.310956318941160360e-05
8.305323996616832064e-05
8.299704223270210892e-05
8.294101783733473586e-05
8.288519127693708252e-05
8.282943405150948620e-05
8.277417482651741620e-05
8.271909676376544920e-05
8.266395823205425597e-05
8.260897837126133180e-05
8.255408453570368271e-05
8.249939024072592089e-05
8.244472674921201043e-05
8.239021283161015324e-05
8.233576913274526254e-05
8.228128099395674768e-05
8.222664383136922171e-05
8.217218946131336292e-05
8.211783884345723393e-05
8.206361118046205151e-05
8.200962651539284935e-05
8.195558837202660690e-05
8.190160072437048966e-05
8.184770228169276453e-05
8.179393353522387659e-05
8.174024577512334344e-05
8.168671420897953171e-05
8.163357853315116367e-05
8.158095865924164540e-05
8.152804144376657317e-05
8.147570606961701415e-05
8.142373657529920381e-05
8.137230835776330701e-05
8.132092322228506626e-05
8.126905138324865962e-05
8.121705362470655492e-05
8.116534846505215543e-05
8.111410566899220217e-05
8.106256890249797706e-05
8.101131398594829908e-05
8.095977620583153845e-05
8.090852443658620415e-05
8.085719068520542052e-05
8.080595462737836371e-05
8.075593211299096760e-05
8.070576602414532741e-05
8.065525926097212627e-05
8.060447246733305488e-05
8.055327581150385720e-05
8.050202547254998217e-05
8.045087897402471318e-05
8.039986448319091103e-05
8.034895137367982509e-05
8.029810694169331681e-05
8.024733360599992722e-05
8.019665651180215909e-05
8.014607530011460157e-05
8.009561186138012287e-05
8.004526700658589180e-05
7.999500502791744971e-05
7.994480666062529230e-05
7.989470024871215582e-05
7.984469521314641310e-05
7.979477753077823528e-05
7.974495256170540465e-05
7.969522946300527998e-05
7.964559658089786945e-05
7.959610645185945460e-05
7.954675090618238147e-05
7.949748024425106548e-05
7.944826224544142930e-05
7.939912593259123555e-05
7.935009231133209877e-05
7.930111758430189253e-05
7.925224380237876369e-05
7.920343274780302614e-05
7.915479505144603289e-05
7.910621026234259615e-05
7.905776824763464223e-05
7.900935287414035107e-05
7.896112069211796666e-05
7.891285952288365946e-05
7.886494152093411565e-05
7.881715265196326888e-05
7.876989408250755127e-05
7.872294368782175699e-05
7.867564846257924860e-05
7.862869932801869145e-05
7.858146186095375048e-05
7.853412893173859408e-05
7.848709716063450063e-05
7.843994886472295818e-05
7.839322997321624450e-05
7.834649392522015333e-05
7.830004198826252283e-05
7.825364441100103943e-05
7.820762658938391302e-05
7.816151801643840525e-05
7.811555671008023642e-05
7.806943339024414389e-05
7.802338560224420807e-05
7.797732391342497452e-05
7.793132087998883603e-05
7.788630885582438544e-05
7.784181328130609912e-05
7.779771500917786954e-05
7.775361383007494374e-05
7.770908964254391431e-05
7.766484609441732742e-05
7.762091337270951607e-05
7.757782707710431992e-05
7.753439852718941889e-05
7.749067528738082830e-05
7.744638278421388895e-05
7.740239328542210739e-05
7.735860138986065389e-05
7.731447684722767759e-05
7.727013468798438190e-05
7.722641599879738960e-05
7.718274810938484561e-05
7.713883255215408152e-05
7.709522927108220121e-05
7.705180225765708053e-05
7.700849014352142421e-05
7.696533197902497806e-05
7.692293455117023553e-05
7.688101329944162406e-05
7.683914643314923056e-05
7.679758224967619745e-05
7.675661249852464528e-05
7.671781360151567173e-05
7.667884555480125250e-05
7.663982777724361050e-05
7.660070232044770765e-05
7.656146742080651552e-05
7.652325405690662836e-05
7.648517345452270110e-05
7.644731916318391377e-05
7.640977989382258381e-05
7.637208619485961970e-05
7.633360608920249676e-05
7.629561383540682106e-05
7.625823892689159137e-05
7.622038376090616257e-05
7.618213389403530073e-05
7.614398341398451533e-05
7.610527265863807601e-05
7.606734044112836083e-05
7.602942759338519212e-05
7.599160071969463469e-05
7.595415574131553986e-05
7.591579939005453843e-05
7.587771652405385402e-05
7.583920138782951185e-05
7.580050526174054049e-05
7.576234702328751738e-05
7.572396263075239283e-05
7.568577097788449861e-05
7.564855216814258057e-05
7.561189232021365506e-05
7.557558611729118343e-05
7.553952269234236693e-05
7.550313741489548755e-05
7.546626157750050345e-05
7.542917244927951892e-05
7.539193040807759159e-05
7.535393119570105538e-05
7.531559226405861731e-05
7.527686625901471777e-05
7.523884911102990142e-05
7.520153669615794794e-05
7.516477689951462423e-05
7.512816028405553531e-05
7.509194445644522384e-05
7.505596751455627011e-05
7.501987535893443445e-05
7.498406569323519313e-05
7.494846919939952227e-05
7.491190771244836605e-05
7.487512185567799070e-05
7.483825041302145887e-05
7.480080188975375178e-05
7.476419680806838195e-05
7.472700503929106486e-05
7.469059716272545568e-05
7.465376314120472114e-05
7.461778831859283841e-05
7.458223677849042186e-05
7.454655550640506363e-05
7.451126016350787559e-05
7.447654030907224646e-05
7.444206326076205620e-05
7.440744895424614234e-05
7.437267141243401750e-05
7.433827881087844288e-05
7.430328209936258360e-05
7.426720193428197115e-05
7.423182795899434857e-05
7.419618700161198228e-05
7.416039919725735759e-05
7.412465631642945060e-05
7.408880314562131075e-05
7.405285046359143903e-05
7.401692730277974674e-05
7.398105130587604675e-05
7.394537801886845679e-05
7.390886948316348511e-05
7.387364425745450284e-05
7.383891524858318710e-05
7.380475395682747203e-05
7.377016350807065600e-05
7.373516280541351695e-05
7.370052106048701000e-05
7.366728464267473058e-05
7.363363871736031065e-05
7.360008305826757984e-05
7.356884011434279579e-05
7.353825149839766874e-05
7.350788700135497402e-05
7.347863027433012618e-05
7.344939651603670091e-05
7.341985632460834609e-05
7.339042733604274598e-05
7.336086148467606499e-05
7.333204417264239992e-05
7.330319896054314911e-05
7.327381888343132072e-05
7.324331674475026400e-05
7.321282637290511244e-05
7.318243072061187847e-05
7.315171864570486633e-05
7.312169568976667900e-05
7.309098985568036617e-05
7.306050191510882153e-05
7.302969682699882116e-05
7.299779928349990632e-05
7.296521968557739097e-05
7.293262217469324783e-05
7.290031388962159395e-05
7.286763364409207645e-05
7.283578182138979000e-05
7.280387569357825244e-05
7.277351500346605014e-05
7.274360743124099913e-05
7.271288047652369889e-05
7.268179532576324613e-05
7.265265322907164575e-05
7.262361697754609192e-05
7.259496963366268533e-05
7.256620659843799259e-05
7.253830738517715580e-05
7.250998068719446293e-05
7.248183586179609140e-05
7.245353888160973753e-05
7.242581392090156835e-05
7.239734460360626195e-05
7.236818384091991344e-05
7.233871454114085319e-05
7.231064532029584768e-05
7.228402100517858180e-05
7.225803946083383662e-05
7.223332160609141931e-05
7.221033945589011571e-05
7.218837410191824709e-05
