7.647524050000825691e-05
1.290479149402182875e-04
1.642709709755279244e-04
1.627576145620987210e-04
1.683568563088705850e-04
1.644280697046173953e-04
1.541912884041348310e-04
1.442328049146260241e-04
1.375253604764129563e-04
1.307675196452278657e-04
1.260044037777781215e-04
1.206400991839279947e-04
1.184998253693641954e-04
1.165598245374385635e-04
1.129425153675154317e-04
1.093624280137567756e-04
1.069845669981726741e-04
1.050065582752687912e-04
1.031858599076856888e-04
1.023978364170164334e-04
1.014232540950782516e-04
1.011651002050578723e-04
1.011594948287729935e-04
9.991088087361127358e-05
9.940315623590683129e-05
9.781315913055333225e-05
9.613550114018369944e-05
9.456472093281722625e-05
9.327184398657311563e-05
9.240268938823421613e-05
9.115101299300354593e-05
8.992654203983903110e-05
8.900408989607546415e-05
8.798828757005964173e-05
8.685513516896484177e-05
8.588852698327456526e-05
8.488890123785717428e-05
8.389366312207183869e-05
8.295812473860246408e-05
8.203352520804532710e-05
8.125304617927653784e-05
8.076790855324019109e-05
8.034937786906974665e-05
8.007995406106358080e-05
7.955259221045328369e-05
7.907381452710951790e-05
7.867658665099574349e-05
7.822948526432346099e-05
7.767294703761698548e-05
7.711148255389094393e-05
7.670485064877879543e-05
7.635464450374484190e-05
7.607823696368295487e-05
7.564664942481154884e-05
7.532124148728916945e-05
7.499756574135648583e-05
7.466303293464725103e-05
7.454265193092395058e-05
7.430742040572675645e-05
7.395722319138821950e-05
7.367929621438256869e-05
7.354584174926145402e-05
7.340679660066980856e-05
7.313333370808559842e-05
7.275569721421693340e-05
7.237413183723265437e-05
7.201371133871144832e-05
7.182947798832443735e-05
7.156231869355227820e-05
7.127738594867886123e-05
7.098874596881684729e-05
7.062847690860580251e-05
7.029260944658461275e-05
6.996100149013644086e-05
6.961076418901989066e-05
6.924622574625222474e-05
6.891519918703524689e-05
6.858888301051580905e-05
6.820276681953371493e-05
6.784966658063909539e-05
6.749383558557360541e-05
6.718179835886709959e-05
6.683698316845828940e-05
6.648733462396288617e-05
6.615064568239353339e-05
6.583568527980800610e-05
6.550077458529329213e-05
6.515278293086784495e-05
6.482934305570657574e-05
6.451744190490747504e-05
6.418889928483400729e-05
6.386621163748621040e-05
6.354398263481281749e-05
6.327612495943290595e-05
6.297274175580606210e-05
6.269480447397902977e-05
6.244334440446355100e-05
6.219166750363403287e-05
6.195798545446370769e-05
6.169861066175291275e-05
6.142263792647390235e-05
6.113573820978399488e-05
6.085179519815171506e-05
6.058565940414847525e-05
6.031624954436740521e-05
6.009981198113142252e-05
5.985121234535757228e-05
5.963314742705354624e-05
5.943003781974606520e-05
5.924722845819766246e-05
5.907635639356007131e-05
5.890280882210754905e-05
5.869514135896632752e-05
5.851786460517180910e-05
5.836053801722744598e-05
5.819535621834330286e-05
5.803245362718669967e-05
5.787763971924704586e-05
5.774789972586745956e-05
5.760053410899525591e-05
5.743382763323706707e-05
5.727405754387346212e-05
5.709673287942885317e-05
5.691119753894144666e-05
5.673192753615760369e-05
5.655154542011299224e-05
5.637645947972446113e-05
5.620216991308423486e-05
5.600771960588688989e-05
5.581997576387309816e-05
5.563223291341460756e-05
5.542789312857691040e-05
5.523854333763204979e-05
5.504975827323116622e-05
5.486529872560853729e-05
5.468882603819739296e-05
5.452059138311032182e-05
5.433692748219642795e-05
5.415179822933217826e-05
5.397001168929770954e-05
5.379006085493708852e-05
5.360895506353667128e-05
5.342377354769281946e-05
5.323885013982885558e-05
5.305581693784605147e-05
5.287628525730554252e-05
5.269818029432450976e-05
5.251986265482485542e-05
5.234585915880170058e-05
5.217123386023985425e-05
5.199847419601708748e-05
5.182737887251275303e-05
5.165774658159295142e-05
5.148990063728336753e-05
5.132446177662936400e-05
5.115982279885894908e-05
5.099864664901530170e-05
5.083708190073308399e-05
5.068020803635950414e-05
5.052538946554590866e-05
5.037652749404562244e-05
5.022420392869916898e-05
5.007515493187590628e-05
4.992951192465881451e-05
4.978525309462356567e-05
4.964269599083400640e-05
4.950507285653582155e-05
4.936444621724601120e-05
4.922865394800642682e-05
4.909338560009211165e-05
4.896215938626894321e-05
4.882255652986689681e-05
4.868485160491452680e-05
4.854959099150315047e-05
4.841303512571898941e-05
4.828023087526551191e-05
4.814602121910645119e-05
4.801342414310113670e-05
4.788351808796234457e-05
4.775329601861056549e-05
4.762381952570389883e-05
4.750011696508104909e-05
4.737826612576102170e-05
4.724996591632373976e-05
4.712284609831266934e-05
4.699718548325161236e-05
4.687192053727519631e-05
4.674953299294008931e-05
4.662599987939477722e-05
4.650691727797475291e-05
4.638894509643962951e-05
4.626983290969074206e-05
4.615184166862620549e-05
4.603499610767129572e-05
4.592028241921207465e-05
4.580587379797380264e-05
4.569198083703064102e-05
4.558246546457234047e-05
4.546948468171035614e-05
4.536029239430256968e-05
4.525282222307729562e-05
4.514464819430710096e-05
4.503939186799463067e-05
4.493417452703626279e-05
4.483272148189715496e-05
4.473468324086405474e-05
4.463751677494420713e-05
4.454921521611071697e-05
4.445695854390588629e-05
4.437130879975074998e-05
4.428748601741669904e-05
4.421148170585401858e-05
4.414905321733407712e-05
4.408794688699431609e-05
4.403008886080126213e-05
4.397688335396826787e-05
4.391306666814509627e-05
4.384228659561752270e-05
4.377515961393350029e-05
4.370321827717467384e-05
4.363018968116566570e-05
4.356086171336494614e-05
4.349608814331489725e-05
4.343225384285809022e-05
4.336676748393979521e-05
4.329984075771183672e-05
4.323474266856976921e-05
4.317537979160136552e-05
4.312397234265078622e-05
4.307139119793927141e-05
4.301923677440793733e-05
4.296567074061295315e-05
4.291850520762325184e-05
4.288070957656965094e-05
4.283322162522281383e-05
4.279321440117649512e-05
4.274868365488824589e-05
4.270720477617953663e-05
4.266962870243168256e-05
4.263453511400984414e-05
4.260484358564122252e-05
4.258008493205585668e-05
4.255306112048014787e-05
4.252003605061352334e-05
4.248873163363181560e-05
4.244741505477806512e-05
4.240591411045983020e-05
4.236390430398951349e-05
4.233039810842485729e-05
4.229452748741944476e-05
4.226750593618840482e-05
4.223767509082407891e-05
4.220478926508481834e-05
4.218132403806669858e-05
4.215486459879518342e-05
4.212569020186200685e-05
4.208246018999367739e-05
4.204179465600230950e-05
4.199527520909167463e-05
4.194459001968229200e-05
4.189496250013034003e-05
4.184384163504922984e-05
4.179204353953247574e-05
4.173308553785073683e-05
4.167398137517599414e-05
4.162296737208894361e-05
4.156657502146624184e-05
4.151186425916428524e-05
4.144988023427933479e-05
4.139129689758173257e-05
4.132948944426008810e-05
4.127159581018885655e-05
4.120984203997524691e-05
4.114843834181214095e-05
4.109218651843165964e-05
4.103853789808187274e-05
4.098496023415544679e-05
4.093395656405627279e-05
4.088224116241232517e-05
4.082948180244064772e-05
4.078091146049771313e-05
4.073852889146610653e-05
4.069158303048162105e-05
4.064660013774932065e-05
4.060751003605021802e-05
4.056647916939107979e-05
4.052637648889023913e-05
4.048892631696853362e-05
4.045061270128860411e-05
4.041343698515665180e-05
4.038110703989694367e-05
4.034037204300803110e-05
4.030521874733884058e-05
4.027017278853745790e-05
4.023727817365629092e-05
4.019957833935406733e-05
4.016698103347405581e-05
4.012918210331606382e-05
4.009723271074085382e-05
4.006096937072844863e-05
4.002987774482094429e-05
4.000270366453123242e-05
3.998053298393498145e-05
3.996471603533437666e-05
3.994618394717793788e-05
3.993196744169207231e-05
3.991648691261140842e-05
3.990739384295983447e-05
3.990211390314632629e-05
3.989992822043004209e-05
3.989914229044356619e-05
3.990286733355708550e-05
3.990513952485897015e-05
3.990815938837140260e-05
3.990796672764756841e-05
3.991161139797698958e-05
3.992175514933456296e-05
3.992803489442600689e-05
3.993829749272305180e-05
3.994895606528303103e-05
3.996134440588934540e-05
3.997596612610929937e-05
3.998609935583170101e-05
3.999450578732247606e-05
3.999753052587733554e-05
3.999875097858808444e-05
4.000323727039901690e-05
4.000376358775121902e-05
4.000736642731740812e-05
4.001109653193433567e-05
4.002657293210077515e-05
4.003108522241142705e-05
4.003218683397575248e-05
4.003864686696966913e-05
4.004998712378205644e-05
4.005638504928732646e-05
4.007337358832334319e-05
4.008968050962585865e-05
4.010585662001399360e-05
4.012045551119165467e-05
4.013673713972645943e-05
4.015285258689935279e-05
4.017081459584755950e-05
4.018813271182471321e-05
4.020180895425171308e-05
4.021364490918041633e-05
4.022734264882763921e-05
4.024247637152976621e-05
4.025841791839648322e-05
4.027431221866367066e-05
4.028572933422021275e-05
4.029092220418034560e-05
4.030066896002266097e-05
4.030454781493427661e-05
4.030782644399831137e-05
4.031153181185890801e-05
4.032235279627542022e-05
4.033218763172530794e-05
4.033688828133893446e-05
4.034356162569723887e-05
4.035087995839399115e-05
4.036606268766378195e-05
4.037730738872473386e-05
4.038549334825210989e-05
4.038433321358125757e-05
4.038179580923345808e-05
4.038239188051797929e-05
4.037774376671306393e-05
4.037737349506619050e-05
4.038020358851960809e-05
4.038560703135459239e-05
4.039202010284036084e-05
4.039891584024730341e-05
4.040654059006674217e-05
4.041199845584333007e-05
4.042280610906045054e-05
4.043612542610917275e-05
4.044968271158051791e-05
4.046288012594446201e-05
4.047202365391781517e-05
4.047854396216584615e-05
4.048350183969909441e-05
4.048723351223741283e-05
4.048991192947525030e-05
4.049467088624204310e-05
4.049949344677024695e-05
4.050704433020519367e-05
4.051870972195908662e-05
4.052883671625045282e-05
4.054137347959737035e-05
4.056151328084001807e-05
4.057858523792737092e-05
4.059392249461559040e-05
4.061371531338044697e-05
4.063518628691511976e-05
4.065678871631932489e-05
4.067457637178230958e-05
4.068659556520677357e-05
4.069344301254695337e-05
4.070275248545055511e-05
4.070712270301711446e-05
4.071473199552268468e-05
4.071541264639499876e-05
4.072084529817453837e-05
4.072359478967969024e-05
4.072953463750932221e-05
4.073739580406102813e-05
4.074102679408186792e-05
4.074271282258118458e-05
4.074586379564429633e-05
4.075294213293232987e-05
4.075903998411443578e-05
4.076914760629069744e-05
4.077687924835769198e-05
4.078682669167230367e-05
4.079071457631326935e-05
4.079309863381785646e-05
4.079292643390280331e-05
4.079252232400786937e-05
4.079082454776355722e-05
4.079064108526140903e-05
4.078692646388335191e-05
4.078254452826730853e-05
4.077925994405068365e-05
4.077959334452617137e-05
4.078180546643287861e-05
4.077912231239322934e-05
4.077575016577107665e-05
4.077408141584070968e-05
4.077305937003934547e-05
4.076749322370674760e-05
4.075909633109050492e-05
4.075083295527315687e-05
4.074371303535013041e-05
4.073401507106176914e-05
4.072723250388168522e-05
4.071528316993992862e-05
4.070733761518919121e-05
4.070142439023121143e-05
4.069389294457748330e-05
4.068767903009907452e-05
4.068109572315040665e-05
4.067742757612826835e-05
4.067400876930916921e-05
4.067098642533279596e-05
4.066587016814669672e-05
4.066265520339220393e-05
4.065609643287738131e-05
4.065112446115920746e-05
4.064943825357313100e-05
4.064580337495965728e-05
4.064214133216050815e-05
4.064151798199754426e-05
4.064144548821815254e-05
4.064270252997897597e-05
4.064605521115522449e-05
4.064672049267683543e-05
4.064826756039150048e-05
4.064941945201628232e-05
4.064981282442482253e-05
4.064698429237947837e-05
4.064354283392026022e-05
4.063857617550390041e-05
4.063436441823058820e-05
4.063276318766867446e-05
4.062847079469998932e-05
4.062345132225798184e-05
4.061786988797510270e-05
4.061106884840089257e-05
4.060507337718992566e-05
4.060253529401559722e-05
4.060090634216121817e-05
4.060298757235055909e-05
4.060302869864064956e-05
4.060236925392295208e-05
4.059951139164222393e-05
4.059490590390294287e-05
4.059127578807081142e-05
4.058846074788695135e-05
4.058619972171119558e-05
4.058484891738118439e-05
4.058446378211589791e-05
4.058681232329704159e-05
4.059093898436847244e-05
4.059624528462343885e-05
4.059926652480370756e-05
4.060189816352848186e-05
4.060796242117332050e-05
4.061601406955279287e-05
4.062398940709865009e-05
4.062950613260189417e-05
4.063390623206908445e-05
4.064035188729929167e-05
4.064289010396036119e-05
4.064883960531279986e-05
4.065088865796250949e-05
4.065191735283787207e-05
4.065480430465240119e-05
4.065909940573062724e-05
4.066626771249072552e-05
4.067459153634792382e-05
4.067882931193948678e-05
4.068606345904806455e-05
4.069165458543652126e-05
4.069824404519587873e-05
4.070692603528093409e-05
4.071135806226854596e-05
4.071733472172646781e-05
4.072476898045963633e-05
4.072853295498733261e-05
4.073525597137660431e-05
4.074126865181381632e-05
4.074580008911694498e-05
4.075116489766075561e-05
4.075875373883842522e-05
4.076793402040884495e-05
4.077848188994313220e-05
4.078893129227802552e-05
4.079978087525600429e-05
4.080691961953915157e-05
4.081365885563449604e-05
4.082022379931508411e-05
4.082675580884191597e-05
4.083381863847421596e-05
4.084108162328688255e-05
4.084713779883886490e-05
4.085239036635882726e-05
4.085681776269142848e-05
4.086171005746985340e-05
4.086297724232034633e-05
4.086637875689086625e-05
4.086888504078839380e-05
4.087177270404602082e-05
4.087358866575856728e-05
4.087701141046037407e-05
4.087788477152006839e-05
4.087844903647596160e-05
4.087769227626260256e-05
4.087392046303347083e-05
4.087118776701931521e-05
4.086712814264147016e-05
4.086297315787672046e-05
4.085859746263169676e-05
4.085502986861401894e-05
4.085406571036663082e-05
4.085276847482345684e-05
4.085159919946009525e-05
4.085157964719721033e-05
4.085141849608822618e-05
4.084758971944739826e-05
4.084665502270809273e-05
4.084169405980154512e-05
4.083570635653415419e-05
4.083031670380632151e-05
4.082439716399379154e-05
4.082119854876105146e-05
4.081855737914022594e-05
4.081461227938988742e-05
4.081028022216017735e-05
4.080476070083027986e-05
4.079603466447218692e-05
4.078810518414025698e-05
4.077996448912285564e-05
4.077049669194128350e-05
4.076106502938017399e-05
4.075056788800596262e-05
4.074063432730429886e-05
4.073116023915231691e-05
4.072095131702318642e-05
4.070900903106924710e-05
4.069661667568983353e-05
4.068450060120536464e-05
4.067101796962398224e-05
4.065835677378819551e-05
4.064320125356933502e-05
4.062748566991087956e-05
4.060937767706314350e-05
4.059304738379698220e-05
4.057645931316566641e-05
4.055969966913607348e-05
4.054192880801579975e-05
4.052476184752152466e-05
4.050868493254428110e-05
4.049223215759852924e-05
4.047582671684961511e-05
4.046063156268966704e-05
4.044518373094618444e-05
4.043035224854611139e-05
4.041604216578508537e-05
4.040126814218766822e-05
4.038614981960072495e-05
4.037103042633307396e-05
4.035505481201750994e-05
4.034005674152704837e-05
4.032552226041798138e-05
4.031074162459228222e-05
4.029548101442617935e-05
4.027914327542831053e-05
4.026290165246722931e-05
4.024596663816275489e-05
4.022900712863776516e-05
4.021128817374106665e-05
4.019389626652442314e-05
4.017801300710159481e-05
4.016257575232642951e-05
4.014590757386321285e-05
4.013024296643846251e-05
4.011397723298535637e-05
4.009834540464943649e-05
4.008217288428504694e-05
4.006606480921298105e-05
4.004901447211703597e-05
4.003273712428026711e-05
4.001737069235251893e-05
4.000049890759368760e-05
3.998307763544702118e-05
3.996477429562509277e-05
3.994647992006556151e-05
3.992838058296096701e-05
3.990931438548612326e-05
3.989048453265865761e-05
3.987146062439285438e-05
3.985191865910879419e-05
3.983228042977023315e-05
3.981391547882814127e-05
3.979665486488036393e-05
3.977820922401311223e-05
3.975991615833018595e-05
3.974311860212995031e-05
3.972728024056940545e-05
3.971144960588562299e-05
3.969533549427562905e-05
3.967779828235453934e-05
3.966157498203816981e-05
3.964424048483937381e-05
3.962755171200038374e-05
3.961162474747881122e-05
3.959658410718065150e-05
3.958097825356128379e-05
3.956571521077182360e-05
3.955009641938068456e-05
3.953446943018095686e-05
3.951869976968232765e-05
3.950093584127887858e-05
3.948269813919898404e-05
3.946587155269989266e-05
3.944896827971480286e-05
3.943241111945403656e-05
3.941665013026676375e-05
3.940036838918801267e-05
3.938453179139722821e-05
3.936875909251624133e-05
3.935249491982401444e-05
3.933559064646122649e-05
3.931886459233605783e-05
3.930158213556961613e-05
3.928570045887675404e-05
3.926818454963251098e-05
3.925062300831220824e-05
3.923278003394540793e-05
3.921507895086721613e-05
3.919781842925475787e-05
3.917987131086103885e-05
3.916261860774530548e-05
3.914462020525121379e-05
3.912664549855431149e-05
3.910780559170371395e-05
3.908924490315427943e-05
3.906972620520031880e-05
3.905103023917883264e-05
3.903161730678086005e-05
3.901181181059840255e-05
3.899242840988605282e-05
3.897177049429671823e-05
3.895155380947064745e-05
3.893181731012762076e-05
3.891255566947215559e-05
3.889316925551885651e-05
3.887368250069901459e-05
3.885420712032485596e-05
3.883482753654866003e-05
3.881617375359697555e-05
3.879742234668561400e-05
3.877860617254561031e-05
3.876038947190453077e-05
3.874250981679049825e-05
3.872508654988546944e-05
3.870665606909048484e-05
3.868844671137886530e-05
3.867147837037941053e-05
3.865447795450369924e-05
3.863754307709158723e-05
3.862039777676818178e-05
3.860100991242951154e-05
3.858177255076972363e-05
3.856159448219402086e-05
3.854201294005424523e-05
3.852257973004681319e-05
3.850395279733264330e-05
3.848561301526301720e-05
3.846711453500989040e-05
3.844994249819188843e-05
3.843233958504112469e-05
3.841476573521352019e-05
3.839789951175629119e-05
3.838066401312022002e-05
3.836332980696155167e-05
3.834628945028616289e-05
3.832919328289846025e-05
3.831222929518543393e-05
3.829471975376972368e-05
3.827626338965593538e-05
3.825791538055725236e-05
3.824027325426400343e-05
3.822247778189980579e-05
3.820414098856898664e-05
3.818556079751549571e-05
3.816699009782605257e-05
3.814864800650105979e-05
3.812999392234487939e-05
3.811187713487469659e-05
3.809289993432984304e-05
3.807413646395886846e-05
3.805566439281822804e-05
3.803715161238428364e-05
3.801867887878830957e-05
3.800052829899547437e-05
3.798216392611872874e-05
3.796409225551459961e-05
3.794492466180396075e-05
3.792583934254934163e-05
3.790642131854520268e-05
3.788650330900770097e-05
3.786670544607927125e-05
3.784675143108222361e-05
3.782738966181945547e-05
3.780823829201246616e-05
3.778909571439079975e-05
3.777015137715840001e-05
3.775105000962540629e-05
3.773229416762303773e-05
3.771345233472584449e-05
3.769469537456564994e-05
3.767548389703745143e-05
3.765632976439959093e-05
3.763799915427742064e-05
3.762038955155398723e-05
3.760251110868392365e-05
3.758506837898926566e-05
3.756727328961697823e-05
3.754993916562040412e-05
3.753226902388624947e-05
3.751423920462298111e-05
3.749602590543259250e-05
3.747842316398520564e-05
3.746087053031110965e-05
3.744365203390305344e-05
3.742675759538058474e-05
3.740981485394832124e-05
3.739291232696433169e-05
3.737549788916193336e-05
3.735812457043289123e-05
3.734119458866751986e-05
3.732443245555905798e-05
3.730796318852181375e-05
3.729140991297346411e-05
3.727518845366226000e-05
3.725836136444301579e-05
3.724137484234446517e-05
3.722369173513291818e-05
3.720576316863681359e-05
3.718784726463532413e-05
3.717060191253011099e-05
3.715314555000430159e-05
3.713561595975572430e-05
3.711808117435268684e-05
3.710052426806313306e-05
3.708287513489210623e-05
3.706548029719925461e-05
3.704760526831457368e-05
3.702910342287847058e-05
3.701029352907966353e-05
3.699190845177344113e-05
3.697400645904354110e-05
3.695594786148194519e-05
3.693729727175110172e-05
3.691920093703487742e-05
3.690046354728937543e-05
3.688195476297576698e-05
3.686293745548844739e-05
3.684399624802038543e-05
3.682526627413831865e-05
3.680658061858036145e-05
3.678729843127951754e-05
3.676832399044865723e-05
3.674937353020302146e-05
3.673026994420749926e-05
3.671179167816355132e-05
3.669265507780047642e-05
3.667354057681599625e-05
3.665504562180428821e-05
3.663621516708265058e-05
3.661768620955468582e-05
3.659902484872354242e-05
3.658048708024306753e-05
3.656176328988970610e-05
3.654255736216019922e-05
3.652327202358632345e-05
3.650451145489471360e-05
3.648514006572685999e-05
3.646614786664689127e-05
3.644706030930792051e-05
3.642805516409791005e-05
3.640875848163475286e-05
3.638953938564100355e-05
3.637036079682138694e-05
3.635144746857824782e-05
3.633268732307472709e-05
3.631395041668024164e-05
3.629473173626218116e-05
3.627549482499765497e-05
3.625632504585728179e-05
3.623711307039697731e-05
3.621798241180792561e-05
3.619884521554206803e-05
3.617943936716108932e-05
3.615981786501628220e-05
3.614031022460289269e-05
3.612121884275380280e-05
3.610221980942263797e-05
3.608339807508456002e-05
3.606519094413294951e-05
3.604737226603144589e-05
3.602917579518860386e-05
3.601076560295501819e-05
3.599286561082709309e-05
3.597525040540774694e-05
3.595774287028265101e-05
3.593975612732369277e-05
3.592198366925113264e-05
3.590411955251742240e-05
3.588622889944805618e-05
3.586858776485964020e-05
3.585069818174857779e-05
3.583271623221964285e-05
3.581479525499566485e-05
3.579685316987098800e-05
3.577900080620601762e-05
3.576107480301912419e-05
3.574321461532961738e-05
3.572564150602500546e-05
3.570794705624069664e-05
3.569051226145199902e-05
3.567334706856461134e-05
3.565630429434223856e-05
3.563904214158491513e-05
3.562199577076718331e-05
3.560509965621588526e-05
3.558819029422347248e-05
3.557126912664072057e-05
3.555433328865111156e-05
3.553730556242491311e-05
3.552060111477337376e-05
3.550391497942483623e-05
3.548715182495109033e-05
3.547021745244530286e-05
3.545315746590305638e-05
3.543659943763441503e-05
3.542006445000191124e-05
3.540319280886668440e-05
3.538639871882561183e-05
3.536966305758762876e-05
3.535291559727323386e-05
3.533597177700005564e-05
3.531870400113184822e-05
3.530186231911529657e-05
3.528488744642822969e-05
3.526788100260837657e-05
3.525118553440491560e-05
3.523469009346254639e-05
3.521771427336999538e-05
3.520096395326557253e-05
3.518392403004178465e-05
3.516687830428857355e-05
3.514971421680776432e-05
3.513271899887102220e-05
3.511584034261068125e-05
3.509890404038628150e-05
3.508139601708183729e-05
3.506402657263739598e-05
3.504659014884914403e-05
3.502933502014447901e-05
3.501213367359581592e-05
3.499501372993700700e-05
3.497753498968113041e-05
3.496036879830309845e-05
3.494324322304298444e-05
3.492633638139419920e-05
3.490940874444433171e-05
3.489257543042880143e-05
3.487580997282991701e-05
3.485868284191180258e-05
3.484184529234328324e-05
3.482469546245391259e-05
3.480770226813803146e-05
3.479089124307282934e-05
3.477365603387972049e-05
3.475690693046801238e-05
3.474008859974454821e-05
3.472330470607590854e-05
3.470603520924288624e-05
3.468876626716617129e-05
3.467191476443599391e-05
3.465530810537392959e-05
3.463883827719429847e-05
3.462241821361309495e-05
3.460616071416284416e-05
3.458934242111012000e-05
3.457276440345959090e-05
3.455588393568329264e-05
3.453925698998157095e-05
3.452256405075723164e-05
3.450578145903754454e-05
3.448918923556674559e-05
3.447245264311448257e-05
3.445587919701273400e-05
3.443933403353444139e-05
3.442254271227829210e-05
3.440602120777010723e-05
3.438950046857083370e-05
3.437296648144710134e-05
3.435652208001175098e-05
3.434041838170542638e-05
3.432407060019242536e-05
3.430788565099971744e-05
3.429182823602752560e-05
3.427579105630444511e-05
3.425970446635169303e-05
3.424358331554005970e-05
3.422743895737349076e-05
3.421146483007121838e-05
3.419531417962129791e-05
3.417909227925262493e-05
3.416281807116612276e-05
3.414633273299002658e-05
3.412979886082575490e-05
3.411300668515250973e-05
3.409618002985887283e-05
3.407941002012394264e-05
3.406244947970712999e-05
3.404538740948299654e-05
3.402851550134703340e-05
3.401170565188328367e-05
3.399495372249926350e-05
3.397813250753563003e-05
3.396158206720551273e-05
3.394506618501971226e-05
3.392855940595526502e-05
3.391226860834922340e-05
3.389594786164214164e-05
3.387971231725404880e-05
3.386379974441239494e-05
3.384770592552845087e-05
3.383164792811804082e-05
3.381567552671222598e-05
3.379974496640366879e-05
3.378372371354521959e-05
3.376777905792163899e-05
3.375199866317916660e-05
3.373585395643840758e-05
3.371991573079314192e-05
3.370389980782488132e-05
3.368789814206350633e-05
3.367199966286250857e-05
3.365593540026930186e-05
3.363987388879477073e-05
3.362377102161254254e-05
3.360771985273515824e-05
3.359170216684673161e-05
3.357602269181905746e-05
3.356045657791515503e-05
3.354486808077973353e-05
3.352927750561754226e-05
3.351371661969856848e-05
3.349838020292656609e-05
3.348341512430526952e-05
3.346845200986092907e-05
3.345338638482796148e-05
3.343836317934525428e-05
3.342321057847527237e-05
3.340817538133730388e-05
3.339306449020992211e-05
3.337803879289409973e-05
3.336318252929593701e-05
3.334846742636647931e-05
3.333373119347170401e-05
3.331908324337060182e-05
3.330438740363069155e-05
3.328987971680697513e-05
3.327554523680233790e-05
