2.000974749999948413e-05
1.425699178043950282e-05
1.179800430468226460e-05
1.021738632274318156e-05
9.146540655606827318e-06
8.387679956430039364e-06
7.774810315206930910e-06
7.273031938949819648e-06
6.872818966104822078e-06
6.540851772641914064e-06
6.237959544166852813e-06
5.976854881921728149e-06
5.767272330172184045e-06
5.567888862588243337e-06
5.429468768172962920e-06
5.257830090097387157e-06
5.103953621759626737e-06
4.963606523087690199e-06
4.831227438963517991e-06
4.724844445900496217e-06
4.611455590913717170e-06
4.513368302477586249e-06
4.423257205544656740e-06
4.356791719328947442e-06
4.294749746589922421e-06
4.229227802732150656e-06
4.179812876216322793e-06
4.156494105738390847e-06
4.114455173576144265e-06
4.082092524984808617e-06
4.032938196154047368e-06
3.986880954852176181e-06
3.949117884136113207e-06
3.917485624851134833e-06
3.881478442047084403e-06
3.847084258841424156e-06
3.815472046147487669e-06
3.787091984196038003e-06
3.754893441981729467e-06
3.723535627994882728e-06
3.689819643273362960e-06
3.659128543195732935e-06
3.638450254552244035e-06
3.618761511218882858e-06
3.597706681729777618e-06
3.589590910685028754e-06
3.583254276969762312e-06
3.581100362022905195e-06
3.580273794784935548e-06
3.582553419964041572e-06
3.585496744594212525e-06
3.598119638022197549e-06
3.606761993705670786e-06
3.615968595363611218e-06
3.623144297895543106e-06
3.627706358150332672e-06
3.633697967417061630e-06
3.636809860206698738e-06
3.638155073080353075e-06
3.642947012515951651e-06
3.645386552286486653e-06
3.641834529510450229e-06
3.639307413194273499e-06
3.632911434036869814e-06
3.626886995879433121e-06
3.617653273696098783e-06
3.607190239419104083e-06
3.595690596051988259e-06
3.584050627043566147e-06
3.570462116868467285e-06
3.556152014467773664e-06
3.546526314467682258e-06
3.533671125573780874e-06
3.525910713978803525e-06
3.515149458022033517e-06
3.505942519830224364e-06
3.496664155177505928e-06
3.484936394986195344e-06
3.473247857078620656e-06
3.461422509313992391e-06
3.451099255859656944e-06
3.441568619958131052e-06
3.429955396508844632e-06
3.420569905623344155e-06
3.412327499933256498e-06
3.403716194106122851e-06
3.395815686136744679e-06
3.389168086446361957e-06
3.382308568793501686e-06
3.375174391352916126e-06
3.367097385540067001e-06
3.357943064438544964e-06
3.348055530093443843e-06
3.339796126582208849e-06
3.333212695515873250e-06
3.325753753218021457e-06
3.320141241052108387e-06
3.314805661971443139e-06
3.306433358673899730e-06
3.299312359665838573e-06
3.291000129778295654e-06
3.282775138429036544e-06
3.273239246591055903e-06
3.263523171801366494e-06
3.253065174852071856e-06
3.242275125539590207e-06
3.231618027717546986e-06
3.220032681784399890e-06
3.209036874670273937e-06
3.198220462004735803e-06
3.187789620919607402e-06
3.177062467483242405e-06
3.165599117544450647e-06
3.155650103786880129e-06
3.145813182302041975e-06
3.136783779590976904e-06
3.127244948975963954e-06
3.118055004605214032e-06
3.108153033323223471e-06
3.098102340764100428e-06
3.087430624040931590e-06
3.077306938637160764e-06
3.066468571478450173e-06
3.055053027628542650e-06
3.043973340335477833e-06
3.032841882296642468e-06
3.021693654671901548e-06
3.010911280026751515e-06
3.000020705135661759e-06
2.989091348851427625e-06
2.978254261362240762e-06
2.967593991321154327e-06
2.956998269056948344e-06
2.946440502964576166e-06
2.936551968683814582e-06
2.926984210153940397e-06
2.917883517944851567e-06
2.908205615335343833e-06
2.899277136338457417e-06
2.889716260226027516e-06
2.880591138404909105e-06
2.871326366102959895e-06
2.862220053415076740e-06
2.853150052765172856e-06
2.844110559850478556e-06
2.835367606958391530e-06
2.826427279098875970e-06
2.817495545858070167e-06
2.808612963290534210e-06
2.799995053476838925e-06
2.791480123344040513e-06
2.782678468835498775e-06
2.774083649920020636e-06
2.765511363077985331e-06
2.757018930262387392e-06
2.748626371448739296e-06
2.740362411348253540e-06
2.732068766559409413e-06
2.723917595413666182e-06
2.715968536829960704e-06
2.707974888821982071e-06
2.699899900524546154e-06
2.691997680368289363e-06
2.684262699230553659e-06
2.676418417558919463e-06
2.668712351160558885e-06
2.661137912734818566e-06
2.653500251510485841e-06
2.645989490246976538e-06
2.638429271114953804e-06
2.630953077361430893e-06
2.623458429999322093e-06
2.616227133772787649e-06
2.608963813817096525e-06
2.601748966536052393e-06
2.594727241312162073e-06
2.587876835725612643e-06
2.581159249102086358e-06
2.574611263799774623e-06
2.568408657430343354e-06
2.561959478672807123e-06
2.555613153150740420e-06
2.549323302637601855e-06
2.543074112747700925e-06
2.536745059900599599e-06
2.530553937129623622e-06
2.524403953116125007e-06
2.518349100840568298e-06
2.512287404915485609e-06
2.506269797678022412e-06
2.500320129191138996e-06
2.494333613131931998e-06
2.488348995860172888e-06
2.482492647762570273e-06
2.476764430463747237e-06
2.471082567886645624e-06
2.465492092532954456e-06
2.459910944472331663e-06
2.454429554745008688e-06
2.448761604691723329e-06
2.443246816881380724e-06
2.437686029780503175e-06
2.432121611796604964e-06
2.426649764530039633e-06
2.421212064702412589e-06
2.415778587573691769e-06
2.410419052314844168e-06
2.404982953694260124e-06
2.399587051448268899e-06
2.394223759652924533e-06
2.388770985115302355e-06
2.383287397952998499e-06
2.377892185634968989e-06
2.372437031593092162e-06
2.366991370787193234e-06
2.361598917484148534e-06
2.356264555749035957e-06
2.351029041159864146e-06
2.345763140405618420e-06
2.340565204642340309e-06
2.335433259752708800e-06
2.330383773306426942e-06
2.325359808447839558e-06
2.320437180848105747e-06
2.315555245736358008e-06
2.310666562318814096e-06
2.305988975116953180e-06
2.301294170629027546e-06
2.296586161414523363e-06
2.291878258847119490e-06
2.287247479101811094e-06
2.282532077423508806e-06
2.277911484712117517e-06
2.273366578039910295e-06
2.268827253306250965e-06
2.264260490933110664e-06
2.259807212745465500e-06
2.255281214324848642e-06
2.250730626998562303e-06
2.246318387757708968e-06
2.241943078971035889e-06
2.237541490406891879e-06
2.233169874932157903e-06
2.228814603961832890e-06
2.224558556861000374e-06
2.220310942242393549e-06
2.216112445044907554e-06
2.211884674911809837e-06
2.207690324918500189e-06
2.203485217035353257e-06
2.199265318348185210e-06
2.195126213968572928e-06
2.191059022592803505e-06
2.187039767564183159e-06
2.183054129486871414e-06
2.179061117519767270e-06
2.175053213371670586e-06
2.171100078359651801e-06
2.167263687999834382e-06
2.163347091544741223e-06
2.159578005074431943e-06
2.155821441329752391e-06
2.152041338024832599e-06
2.148191597973469069e-06
2.144376526488906504e-06
2.140548704819191977e-06
2.136721404768475666e-06
2.132928019510701617e-06
2.129124756801300464e-06
2.125396790900197833e-06
2.121715711116526192e-06
2.117959711429342742e-06
2.114249322407241581e-06
2.110541765569171566e-06
2.106859927625181579e-06
2.103215180889643834e-06
2.099522031771270884e-06
2.095849589291872845e-06
2.092153735495379648e-06
2.088476623563238373e-06
2.084827974776787205e-06
2.081176575783739597e-06
2.077587322928268262e-06
2.073976253237628430e-06
2.070369990052657808e-06
2.066808844350026365e-06
2.063242339946868862e-06
2.059674387184163914e-06
2.056121550194373444e-06
2.052593916411580512e-06
2.049080587361501791e-06
2.045575126471084288e-06
2.042085060283454405e-06
2.038619538206403921e-06
2.035178822002587320e-06
2.031744420309831258e-06
2.028333364156798112e-06
2.024927976301699296e-06
2.021546863454018444e-06
2.018175598255764778e-06
2.014834339642745872e-06
2.011509781059774206e-06
2.008219074754340486e-06
2.004935218415900506e-06
2.001680110674219475e-06
1.998433014515981459e-06
1.995225329117315178e-06
1.992016798320682331e-06
1.988850494367027334e-06
1.985691235474767865e-06
1.982577114528563457e-06
1.979467891200169505e-06
1.976378469970248261e-06
1.973274012471945988e-06
1.970183875240649106e-06
1.967093968393853712e-06
1.964030860641793358e-06
1.960954469165030240e-06
1.957905359004208046e-06
1.954871684184986386e-06
1.951869802885182296e-06
1.948896189479546572e-06
1.945950004707444875e-06
1.943024684344259642e-06
1.940091150987131925e-06
1.937155871383104923e-06
1.934243117186232547e-06
1.931345554111991214e-06
1.928445466947602444e-06
1.925554953178385775e-06
1.922671865094069507e-06
1.919813568766816713e-06
1.916973321230681928e-06
1.914132943602833967e-06
1.911311162883592438e-06
1.908476640709633604e-06
1.905661295047152119e-06
1.902841283751574617e-06
1.900035181862517823e-06
1.897243464414770785e-06
1.894466424626400764e-06
1.891699779925604118e-06
1.888945187623880365e-06
1.886202537079140863e-06
1.883472228025470597e-06
1.880757033421910868e-06
1.878051088584607199e-06
1.875355303673612733e-06
1.872669403410412402e-06
1.869998713998665800e-06
1.867345433521954890e-06
1.864698404526371310e-06
1.862058647428983173e-06
1.859430894161438321e-06
1.856810742244105108e-06
1.854203587657363380e-06
1.851604844546955623e-06
1.849016998038904262e-06
1.846440297512705206e-06
1.843874735843199889e-06
1.841321793258804160e-06
1.838776890225905910e-06
1.836245465210050574e-06
1.833724828596910234e-06
1.831213522830377806e-06
1.828714900654854309e-06
1.826226302716805332e-06
1.823746435623543722e-06
1.821278835403393747e-06
1.818816590416927929e-06
1.816364297801557300e-06
1.813924845777079387e-06
1.811491776225696548e-06
1.809069882431710228e-06
1.806659126234206051e-06
1.804263138117189905e-06
1.801883431875817659e-06
1.799504546712549804e-06
1.797133007522537697e-06
1.794772441930158892e-06
1.792422948523557423e-06
1.790080494403670271e-06
1.787749998140564638e-06
1.785425477416863743e-06
1.783115476394076939e-06
1.780815239741324581e-06
1.778520843252106129e-06
1.776227547097169621e-06
1.773945291149479442e-06
1.771675726436771852e-06
1.769411953804865533e-06
1.767156311218249489e-06
1.764909815646546135e-06
1.762675658706729646e-06
1.760450338554271017e-06
1.758232351443040471e-06
1.756019597460038461e-06
1.753812774717389906e-06
1.751618418992781261e-06
1.749428693491305301e-06
1.747246940610650188e-06
1.745072433453969511e-06
1.742906144969445007e-06
1.740747947195175116e-06
1.738599340451833108e-06
1.736465246662894282e-06
1.734332489734250374e-06
1.732208717688128589e-06
1.730096971772269463e-06
1.727986448046587642e-06
1.725883822620760418e-06
1.723788036635545472e-06
1.721699863213443195e-06
1.719621607461053528e-06
1.717549938225254394e-06
1.715485075884805421e-06
1.713428585516984455e-06
1.711378122839991013e-06
1.709337816032067447e-06
1.707301677351026537e-06
1.705278607066007805e-06
1.703261669560297510e-06
1.701249047824271532e-06
1.699242009120089998e-06
1.697246968727395626e-06
1.695257603133935538e-06
1.693272931331565236e-06
1.691294134645033920e-06
1.689322339451319169e-06
1.687357067090989488e-06
1.685399720956375194e-06
1.683448143565832081e-06
1.681506613343203850e-06
1.679569783672104290e-06
1.677639524972984894e-06
1.675724199358486271e-06
1.673808747891154508e-06
1.671901255268079398e-06
1.669998317179846093e-06
1.668102171545138866e-06
1.666213952073926102e-06
1.664333056577871443e-06
1.662461372218018048e-06
1.660590672780449459e-06
1.658726053252168756e-06
1.656870901403824412e-06
1.655018417993625585e-06
1.653172622261802328e-06
1.651334981685481867e-06
1.649513071238424238e-06
1.647686108183388055e-06
1.645876713248734090e-06
1.644068257728673018e-06
1.642268649040644688e-06
1.640465492123926191e-06
1.638675739834626940e-06
1.636894657688178212e-06
1.635113393528966154e-06
1.633346296660813292e-06
1.631581137983620449e-06
1.629823027336349836e-06
1.628072935526430658e-06
1.626328970275128002e-06
1.624599152985964320e-06
1.622872857809871561e-06
1.621170890580249865e-06
1.619457409090414092e-06
1.617748028136099914e-06
1.616052127681225991e-06
1.614361369656596119e-06
1.612674058285402409e-06
1.610988889542650329e-06
1.609307162958508549e-06
1.607631598569671509e-06
1.605959351230472785e-06
1.604296723643798519e-06
1.602631351374221726e-06
1.600974523921561488e-06
1.599316782202673574e-06
1.597664755288285881e-06
1.596015468898186370e-06
1.594368243801709096e-06
1.592723493456283946e-06
1.591087389201637669e-06
1.589451396217724171e-06
1.587822200967684029e-06
1.586193147465708004e-06
1.584568529349467071e-06
1.582948549410164853e-06
1.581338378307271885e-06
1.579732513116561668e-06
1.578130690396537547e-06
1.576533539123209276e-06
1.574944043573081470e-06
1.573360009184229594e-06
1.571785363951292839e-06
1.570210755751141157e-06
1.568638595537413429e-06
1.567072440939240080e-06
1.565508355532497224e-06
1.563951308778544992e-06
1.562393101009957430e-06
1.560841099058449358e-06
1.559292434542456122e-06
1.557749691242422179e-06
1.556210509204921970e-06
1.554675554967902181e-06
1.553144788298576415e-06
1.551618379795982235e-06
1.550096440564606745e-06
1.548581184068628748e-06
1.547068744310024957e-06
1.545560409035448890e-06
1.544056216996866890e-06
1.542557951472703990e-06
1.541063835749258397e-06
1.539574784495697079e-06
1.538088032589129770e-06
1.536605639985581759e-06
1.535127831483053337e-06
1.533654541445167463e-06
1.532184984554265194e-06
1.530719608399832366e-06
1.529258580087505287e-06
1.527801531537521342e-06
1.526350403661897047e-06
1.524904479468183325e-06
1.523462375631410438e-06
1.522021868685945194e-06
1.520586147334370000e-06
1.519153662333735048e-06
1.517726067807879801e-06
1.516301647085090320e-06
1.514881330969428285e-06
1.513464925534868404e-06
1.512053023953781172e-06
1.510644616416791504e-06
1.509240032685667497e-06
1.507839396886083668e-06
1.506442642575830557e-06
1.505050301067634337e-06
1.503661878349982674e-06
1.502277737080331784e-06
1.500898827750704529e-06
1.499521299700574251e-06
1.498147685978064681e-06
1.496778204053737183e-06
1.495412093179123160e-06
1.494052002008024549e-06
1.492693745032680212e-06
1.491340315024769404e-06
1.489995505741430836e-06
1.488648412114009671e-06
1.487304758081825538e-06
1.485965152077027324e-06
1.484631981262634225e-06
1.483300934701961245e-06
1.481975590460412306e-06
1.480653315404054007e-06
1.479336925905407467e-06
1.478024149423517438e-06
1.476718720946348533e-06
1.475414848993598828e-06
1.474113991344415489e-06
1.472817623101411214e-06
1.471521984707357566e-06
1.470225905464463713e-06
1.468932089054267356e-06
1.467641309898326896e-06
1.466355692630772571e-06
1.465071949705340804e-06
1.463792148207891919e-06
1.462517091819845339e-06
1.461249993977273646e-06
1.459983562852108453e-06
1.458719812165448810e-06
1.457461084432556529e-06
1.456204795577670177e-06
1.454956258129592631e-06
1.453707656903844697e-06
1.452464547971144768e-06
1.451223844380774201e-06
1.449987123265255854e-06
1.448763151808076267e-06
1.447535782634274896e-06
1.446315588973071483e-06
1.445095059595101751e-06
1.443880707317964581e-06
1.442673161250913095e-06
1.441463225796317687e-06
1.440250485760171050e-06
1.439036336215719595e-06
1.437826198589688222e-06
1.436617053283758221e-06
1.435410704607525196e-06
1.434206162679332577e-06
1.433004678125344686e-06
1.431806198113675243e-06
1.430611589194835912e-06
1.429423724225234855e-06
1.428240381846456107e-06
1.427056656272419521e-06
1.425875394952022762e-06
1.424699426650089874e-06
1.423525841444550039e-06
1.422362329214503858e-06
1.421199173044580309e-06
1.420037857933381773e-06
1.418875407406851867e-06
1.417717729597406448e-06
1.416561542024221498e-06
1.415409347114410388e-06
1.414256203846675079e-06
1.413105165066772947e-06
1.411957113065874343e-06
1.410813562736761297e-06
1.409674517280554699e-06
1.408537662239175397e-06
1.407405311968513524e-06
1.406280715601632272e-06
1.405152152594662634e-06
1.404030296263233721e-06
1.402905671812394462e-06
1.401784639183066626e-06
1.400666173398220254e-06
1.399547027943043415e-06
1.398431311790064476e-06
1.397317509281380995e-06
1.396206323627964852e-06
1.395098197921549311e-06
1.393992334552562420e-06
1.392889099022773951e-06
1.391788897690639768e-06
1.390691291162988348e-06
1.389596335302185511e-06
1.388503459812800825e-06
1.387413196246792215e-06
1.386326141818194471e-06
1.385241794438192886e-06
1.384159218589843142e-06
1.383079322433498012e-06
1.382001842345535628e-06
1.380928904497284798e-06
1.379856473496974016e-06
1.378786405978809207e-06
1.377718839737679513e-06
1.376654334861438047e-06
1.375591969043672165e-06
1.374531784398357927e-06
1.373474050798278740e-06
1.372418755092350877e-06
1.371366584228783414e-06
1.370317203770726366e-06
1.369271876821840712e-06
1.368228598039311077e-06
1.367186133566495427e-06
1.366146119162340473e-06
1.365107801353364877e-06
1.364072887780951674e-06
1.363039612127316070e-06
1.362008193370917013e-06
1.360979197464716368e-06
1.359952574784059666e-06
1.358928130762611714e-06
1.357906293209582647e-06
1.356886897808256721e-06
1.355870092512435392e-06
1.354854857123978070e-06
1.353842045671487287e-06
1.352831434982406056e-06
1.351823294859134006e-06
1.350817115800584187e-06
1.349813430123462030e-06
1.348811868909020690e-06
1.347812383537799177e-06
1.346815160257473986e-06
1.345820183178237906e-06
1.344827677424721745e-06
1.343837302845532801e-06
1.342849224305219774e-06
1.341865411918657220e-06
1.340886973856848593e-06
1.339910553133929388e-06
1.338937437547729373e-06
1.337962996841024691e-06
1.336991687495175555e-06
1.336020781193600917e-06
1.335053180615759417e-06
1.334088586666962169e-06
1.333127859827192831e-06
1.332173844923701411e-06
1.331217119858572722e-06
1.330265955548136253e-06
1.329314946491419431e-06
1.328365941311619685e-06
1.327416867506119631e-06
1.326475080417775228e-06
1.325535614455870242e-06
1.324600654808948049e-06
1.323666552894839414e-06
1.322728505095927345e-06
1.321796563046639874e-06
1.320866609373574593e-06
1.319941738715775085e-06
1.319017103227910190e-06
1.318093134814507311e-06
1.317167437304656365e-06
1.316243428691166795e-06
1.315318987345688631e-06
1.314396146677098510e-06
1.313474465301814163e-06
1.312558691675738651e-06
1.311641369707103211e-06
1.310729504059408230e-06
1.309820170419522548e-06
1.308908980974294398e-06
1.308001197474714970e-06
1.307093804803700563e-06
1.306189446168563078e-06
1.305284481403718297e-06
1.304383114274820585e-06
1.303481848911178226e-06
1.302581660093178277e-06
1.301682685249757980e-06
1.300785702013803794e-06
1.299890678621823297e-06
1.298999335281941052e-06
1.298108515125298813e-06
1.297218875839796758e-06
1.296333698883750802e-06
1.295447350065677180e-06
1.294563688854076930e-06
1.293681070248703211e-06
1.292800444916153011e-06
1.291923777481781362e-06
1.291047714723324503e-06
1.290177101713396554e-06
1.289306791041775508e-06
1.288439564280350298e-06
1.287573000368214392e-06
1.286706506910682805e-06
1.285840539884176005e-06
1.284975960370453266e-06
1.284113877981956148e-06
1.283252435581029236e-06
1.282393726333974186e-06
1.281535827440401840e-06
1.280679355154410553e-06
1.279824314375746899e-06
1.278971907592105471e-06
1.278120354214872803e-06
1.277270261637808446e-06
1.276422051887695842e-06
1.275575348901542115e-06
1.274730321263813950e-06
1.273887012590998704e-06
1.273046071177301647e-06
1.272206404413115769e-06
1.271368196470557351e-06
1.270531588326501104e-06
1.269697395175287825e-06
1.268864735583178073e-06
1.268032996547875755e-06
1.267202876359826553e-06
1.266374451710164311e-06
1.265547682262525536e-06
1.264723094143411637e-06
1.263900067352871610e-06
1.263078786188783681e-06
1.262259302000975925e-06
1.261441149386633890e-06
1.260624031116342178e-06
1.259808696350351658e-06
1.258994609213672918e-06
1.258182129951307733e-06
1.257371385628373599e-06
1.256562081582807744e-06
1.255754849005072158e-06
1.254948737671057957e-06
1.254144030284938323e-06
1.253340939288315288e-06
1.252539592812656876e-06
1.251740060715225161e-06
1.250943037891327379e-06
1.250147241265488136e-06
1.249353975274627848e-06
1.248560632416661563e-06
1.247770206181576827e-06
1.246980360467703849e-06
1.246192037474691923e-06
1.245404586199275811e-06
1.244618159667428110e-06
1.243833167011725254e-06
1.243049650932018414e-06
1.242267613607931100e-06
1.241487090679587941e-06
1.240708751197331485e-06
1.239931137009998967e-06
1.239155142752726251e-06
1.238380463064050131e-06
1.237607209183401919e-06
1.236835399280742018e-06
1.236065108081884123e-06
1.235296354179557604e-06
1.234529071653329955e-06
1.233763490285653032e-06
1.232999560086146409e-06
1.232236332479814846e-06
1.231474931615725821e-06
1.230714722176921853e-06
1.229956345085616198e-06
1.229198901137994537e-06
1.228442893778391534e-06
1.227688310556530360e-06
1.226935393683189688e-06
1.226183520212906121e-06
1.225433711263641914e-06
1.224684620953077034e-06
1.223936968926296490e-06
1.223190475155440352e-06
1.222445446891510054e-06
1.221701950693388126e-06
1.220959708117622378e-06
1.220218864606786675e-06
1.219479226626233014e-06
1.218740913781639829e-06
1.218003978708222940e-06
1.217268246924225373e-06
1.216533867564371541e-06
1.215800844317133118e-06
1.215069147380145862e-06
1.214338719105959076e-06
1.213609909619647972e-06
1.212882126682834368e-06
1.212155632460851152e-06
1.211430450779036617e-06
1.210706603067814337e-06
1.209984328968953562e-06
1.209263624266051547e-06
1.208543618924369163e-06
1.207824914907155620e-06
1.207107822902633091e-06
1.206391651396961460e-06
1.205677204555555625e-06
1.204963902620277176e-06
1.204251840478431583e-06
1.203541946568317081e-06
1.202833274228045141e-06
1.202125990643731849e-06
1.201420824106515868e-06
1.200715477100410381e-06
1.200011116899416676e-06
1.199309181494534102e-06
1.198607838251205305e-06
1.197906954222403349e-06
1.197209696116092821e-06
1.196511950331609208e-06
1.195819035147964761e-06
1.195125403031484780e-06
1.194432894796297843e-06
1.193739511294920322e-06
1.193046998028909944e-06
1.192356822460456299e-06
1.191666735899932793e-06
1.190977717946002677e-06
1.190289963441121390e-06
1.189603437407068456e-06
1.188918080117092251e-06
1.188233995559499864e-06
1.187551413721898977e-06
1.186869810019729500e-06
1.186189073609733737e-06
1.185509546788217971e-06
1.184831860150059960e-06
1.184155233126985224e-06
1.183481194711334613e-06
1.182807563579780436e-06
1.182135427676890026e-06
1.181463355002075853e-06
1.180793353143619638e-06
1.180125028204120842e-06
1.179458616437755002e-06
1.178791509940853338e-06
1.178125872149424271e-06
1.177461118586104172e-06
1.176798039442104489e-06
1.176135180637495824e-06
1.175473187653713185e-06
1.174811914387422683e-06
1.174152931312927594e-06
1.173495456359149911e-06
1.172839359078816379e-06
1.172182996235393123e-06
1.171528515379356751e-06
1.170874803141952195e-06
1.170222285691577927e-06
1.169572685983199114e-06
1.168925158315505516e-06
1.168278176976232501e-06
1.167630984372255102e-06
1.166985851896469423e-06
1.166340436924032365e-06
1.165696692962309877e-06
1.165053057282136661e-06
1.164409603895923714e-06
1.163768022266436142e-06
1.163127139707756390e-06
1.162488312320844057e-06
1.161850442966159509e-06
1.161213448934994004e-06
1.160576534408801348e-06
1.159940542617077693e-06
1.159306338030348741e-06
1.158674497573220593e-06
1.158043153002917302e-06
1.157412932253830609e-06
1.156785286298547427e-06
1.156158789209977084e-06
1.155533885050310140e-06
1.154912423198193439e-06
1.154289900414013720e-06
1.153669696110515184e-06
1.153049930757102059e-06
1.152430771856643483e-06
1.151810646083044383e-06
1.151195256110329676e-06
1.150576566999272463e-06
1.149958360867024766e-06
1.149343494000342799e-06
1.148731211522544726e-06
1.148117428432814964e-06
1.147505062068156470e-06
1.146893912155931696e-06
1.146283922096973259e-06
1.145673468954462978e-06
1.145063255262729569e-06
1.144455279785698755e-06
1.143847825312675979e-06
1.143240392620920365e-06
1.142634155370766643e-06
1.142029609859181280e-06
1.141424744102806258e-06
1.140820521932109947e-06
1.140217585914136859e-06
1.139615453646115150e-06
1.139013188842709906e-06
1.138412221330347241e-06
1.137812301679885584e-06
1.137213326700167120e-06
1.136615611119968277e-06
1.136018345511062367e-06
1.135421706802980597e-06
1.134826411367743916e-06
1.134233060280303685e-06
1.133640769697653620e-06
1.133049670165269858e-06
1.132459068057036153e-06
1.131868756851903040e-06
1.131280418787863021e-06
1.130691723093231830e-06
1.130104162142632352e-06
1.129518839479802226e-06
1.128935355779291839e-06
1.128352457810972513e-06
1.127770651563291494e-06
1.127188276416249159e-06
1.126608429867225280e-06
1.126029047045516496e-06
1.125452014640691972e-06
1.124872618340489465e-06
1.124295145966724890e-06
1.123717287634629336e-06
1.123140082774206977e-06
1.122564417584927969e-06
1.121989799197907728e-06
1.121415081679560071e-06
1.120841626221876832e-06
1.120268867238960414e-06
1.119697325494846586e-06
1.119126470956658383e-06
1.118557631714933197e-06
1.117989789750297811e-06
1.117422895769641482e-06
1.116856426598114067e-06
1.116290653521924641e-06
1.115725072759922454e-06
1.115160442357231490e-06
1.114596442591126399e-06
1.114033360332991246e-06
1.113470859075613860e-06
1.112910627140491507e-06
1.112349804970228127e-06
1.111790337713711956e-06
1.111231044289546785e-06
1.110672532868475697e-06
1.110114826341758910e-06
1.109558017242914435e-06
1.109002121072774168e-06
1.108447269558889381e-06
1.107892930680656185e-06
