4.033030750000034248e-04
3.062384134404906285e-04
2.590710188821607413e-04
2.316018392585781954e-04
2.115184230318448004e-04
1.957812948254769808e-04
1.833085311815189911e-04
1.724267421231951640e-04
1.631188168660016992e-04
1.548457830614318853e-04
1.477021267634389008e-04
1.415071741193171622e-04
1.360080350295019122e-04
1.312108081188771670e-04
1.267792719536938177e-04
1.228569109290340985e-04
1.193011746162312255e-04
1.161482405282918638e-04
1.132758895819923543e-04
1.106418212259504966e-04
1.080820061310662895e-04
1.056819644475127175e-04
1.034138208734191862e-04
1.013407025625522723e-04
9.940864045810867409e-05
9.753225730974242910e-05
9.581267648653491787e-05
9.414980181253217769e-05
9.254145485821826370e-05
9.101437551067793810e-05
8.961972204431348276e-05
8.827865143881068850e-05
8.695741156728067748e-05
8.568316593907926285e-05
8.448490125060947398e-05
8.335437024603354087e-05
8.229037632011317331e-05
8.122002512258586751e-05
8.019802418272103180e-05
7.923597778564667594e-05
7.828214847360228919e-05
7.735999027390079268e-05
7.647265709745866178e-05
7.560242973055930919e-05
7.476709989133345654e-05
7.396340921327749065e-05
7.318569402497273008e-05
7.242249447810358322e-05
7.168130716615830629e-05
7.096235086512813243e-05
7.026879930744388064e-05
6.959568701518237396e-05
6.893695724130396898e-05
6.829676911659874890e-05
6.768691794166528132e-05
6.708790582602822984e-05
6.649824297312588483e-05
6.592578097964507959e-05
6.536763567149566528e-05
6.482301840423382463e-05
6.429626659192604770e-05
6.378090455727805533e-05
6.327656248671914411e-05
6.278374194289496469e-05
6.230425413605436894e-05
6.183914394239527733e-05
6.138870853315529937e-05
6.094034495147275711e-05
6.050262600385416612e-05
6.007098358064833068e-05
5.965318471173750920e-05
5.924354202352396614e-05
5.884230167359868238e-05
5.844505316303257703e-05
5.805529330315395290e-05
5.767357874591348590e-05
5.729964783744171330e-05
5.693329246447248579e-05
5.657934151659657965e-05
5.622800415790766518e-05
5.588317117781680792e-05
5.554648987902775754e-05
5.521307378105335761e-05
5.488710151401961413e-05
5.456609969910828208e-05
5.425088798904195486e-05
5.393933740404664370e-05
5.363452915476455655e-05
5.333354736953097996e-05
5.303761946432790391e-05
5.274719539752438171e-05
5.245994107060357188e-05
5.217786275688870252e-05
5.190009771075991481e-05
5.162623009292078067e-05
5.135704409161932901e-05
5.109163211024946087e-05
5.083102849596622886e-05
5.057406200182756867e-05
5.032065216659585924e-05
5.007124759072791064e-05
4.982592806280238039e-05
4.958698172766538425e-05
4.934868605398538642e-05
4.911848650224105316e-05
4.889253111689129008e-05
4.866893373360398815e-05
4.844894608223139043e-05
4.823033805169623202e-05
4.801526221051330531e-05
4.780087647930042304e-05
4.759471685295188199e-05
4.739214678922093162e-05
4.719322946563857512e-05
4.700082977645660186e-05
4.680726860225895930e-05
4.661456869959080136e-05
4.642321441605089933e-05
4.623164891037866294e-05
4.604294027439021988e-05
4.585564069833965198e-05
4.567047852439833045e-05
4.548740030121657213e-05
4.530652667944470218e-05
4.512788193111632912e-05
4.495054600294029040e-05
4.477448953551253151e-05
4.459941606791947480e-05
4.442706711631935171e-05
4.425588206945643910e-05
4.408760563954501166e-05
4.392041757624833893e-05
4.375523303804197868e-05
4.359174707759401165e-05
4.342999621385570551e-05
4.327005186270975538e-05
4.311194267321948720e-05
4.295567146276128552e-05
4.280117851896331666e-05
4.264853537344750816e-05
4.249787005340190679e-05
4.234929637774086190e-05
4.220283780125309641e-05
4.205800069023641800e-05
4.191346659627823319e-05
4.177123875078738672e-05
4.163089722555278493e-05
4.149186824662072455e-05
4.135467166704681429e-05
4.121966437598321666e-05
4.108464608066127600e-05
4.095085730767601424e-05
4.081725316250215736e-05
4.068493718281685769e-05
4.055466516525203254e-05
4.042562483353483383e-05
4.029849089406306232e-05
4.017256502940701863e-05
4.004898662420453595e-05
3.992639969352098701e-05
3.980294583791545865e-05
3.968218459107677575e-05
3.956188465577175007e-05
3.944271628336009830e-05
3.932657452690496220e-05
3.921171981452908922e-05
3.909841142801449810e-05
3.898641868082382506e-05
3.887524438764637365e-05
3.876490206725759842e-05
3.865569308584599376e-05
3.854883819149183165e-05
3.844110901892978190e-05
3.833344582767316667e-05
3.822701363481633075e-05
3.812246418491448997e-05
3.801853084155766940e-05
3.791467930313641605e-05
3.781177956937879157e-05
3.770928596497230431e-05
3.760798355812018342e-05
3.750800943295983929e-05
3.740910458590393647e-05
3.731085615941360150e-05
3.721479994331713947e-05
3.711889957408569940e-05
3.702516134668933762e-05
3.693220357071005103e-05
3.683998575394717591e-05
3.674954935947505531e-05
3.666087172167110269e-05
3.657387919061508302e-05
3.648803117884403245e-05
3.640454305819797138e-05
3.632335658439797278e-05
3.624250283143174844e-05
3.616344103295067826e-05
3.608577414138518257e-05
3.600628001632325979e-05
3.592771535542430066e-05
3.584978473264984145e-05
3.577429091983809213e-05
3.569989587164973708e-05
3.562653422317443999e-05
3.555536692606227534e-05
3.548094996537801398e-05
3.540829165955013922e-05
3.533443981509931561e-05
3.526096342761069087e-05
3.518748128861792123e-05
3.511499057897970582e-05
3.504313246750419308e-05
3.497368681964103536e-05
3.490349078810323351e-05
3.483404923278977987e-05
3.476215500569358697e-05
3.469208914518238500e-05
3.462097845827106135e-05
3.455039088337316086e-05
3.448272415246683177e-05
3.441656382104484198e-05
3.435210433554410292e-05
3.428867704045151490e-05
3.422428533227794964e-05
3.416059110556319704e-05
3.409726454569732165e-05
3.403390774629274252e-05
3.397173257497613532e-05
3.391042877541827977e-05
3.384842848841401974e-05
3.378872223474199210e-05
3.372788431119571267e-05
3.366749329693311541e-05
3.361019806113139106e-05
3.355305063066549482e-05
3.349503717763865690e-05
3.343696312118644439e-05
3.337838256122385407e-05
3.331812291685001289e-05
3.325851318664520311e-05
3.319838887222121106e-05
3.314022916067243049e-05
3.308141964095886740e-05
3.302354603020459081e-05
3.296631461763749370e-05
3.291032964545488262e-05
3.285274589124697052e-05
3.279562713873294000e-05
3.273990657153205014e-05
3.268512753282129519e-05
3.263054616944429721e-05
3.257552373259015260e-05
3.252150707689455497e-05
3.246738422476793420e-05
3.241255371854767832e-05
3.235843344591140337e-05
3.230557055899016674e-05
3.225152297390200421e-05
3.219720003773420377e-05
3.214373341714978657e-05
3.209035944773326902e-05
3.203640114583050462e-05
3.198525868233896314e-05
3.193371015821904900e-05
3.188219369466970964e-05
3.182890397718257268e-05
3.177470738065921369e-05
3.172165636772060872e-05
3.166826485633576565e-05
3.161567677602757515e-05
3.156472700424946948e-05
3.151508011413669131e-05
3.146495873242956861e-05
3.141551255707980393e-05
3.136595444661067621e-05
3.131678796236971285e-05
3.126748641155195038e-05
3.121880119992462012e-05
3.117146950182622119e-05
3.112387454665769404e-05
3.107791982758653583e-05
3.103227591486823402e-05
3.098765070072767510e-05
3.094314568974100419e-05
3.089957138721726164e-05
3.085636889195909096e-05
3.081311011941133591e-05
3.077018460357738416e-05
3.072718186883514928e-05
3.068549678734471599e-05
3.064357423676096351e-05
3.060038409623118497e-05
3.055758693016631927e-05
3.051506727084494960e-05
3.047471915254905842e-05
3.043426868111801407e-05
3.039483374246758986e-05
3.035559384542722559e-05
3.031682837976000934e-05
3.027868785817725445e-05
3.024103037867021196e-05
3.020284113833018430e-05
3.016367876607872238e-05
3.012412793835103972e-05
3.008526994517654062e-05
3.004694158984135468e-05
3.000812163248855717e-05
2.997078659065385787e-05
2.993378048428273913e-05
2.989755087757650444e-05
2.986117428068181615e-05
2.982465107385906246e-05
2.978855424530576498e-05
2.975144865878591484e-05
2.971526510474984816e-05
2.967901118802899338e-05
2.964255734884361308e-05
2.960686457474350758e-05
2.957107865121711936e-05
2.953544727260161670e-05
2.949942010073026147e-05
2.946335878368930433e-05
2.942675634885490410e-05
2.938974207134809820e-05
2.935169632201199707e-05
2.931399699857397531e-05
2.927753259445832013e-05
2.924163459178916823e-05
2.920546931744523664e-05
2.916883846018404025e-05
2.913197668951144565e-05
2.909521002341475832e-05
2.905807602999673655e-05
2.902125016218536524e-05
2.898387637741279535e-05
2.894760798969668684e-05
2.891105690930679398e-05
2.887449431756779317e-05
2.883831935491511258e-05
2.880143406007332633e-05
2.876496010413920478e-05
2.872812809516529363e-05
2.869096502617641940e-05
2.865432377099019239e-05
2.861731614559277824e-05
2.858104413151664407e-05
2.854389616694189160e-05
2.850681346961385156e-05
2.846930418415822008e-05
2.843225286090223173e-05
2.839581527516002286e-05
2.835927855510356833e-05
2.832295042607354372e-05
2.828623100100817770e-05
2.824944287712379863e-05
2.821277240151361584e-05
2.817635649707927231e-05
2.813983474564585549e-05
2.810337294246611931e-05
2.806727395708999223e-05
2.803110162313338362e-05
2.799496196148558623e-05
2.795844194688137268e-05
2.792221240180808433e-05
2.788626186852203857e-05
2.785109543064335941e-05
2.781558886662367308e-05
2.778047615229757805e-05
2.774570518221210268e-05
2.771125231320220481e-05
2.767689296803837735e-05
2.764263533723947740e-05
2.760842934330463291e-05
2.757409222006013100e-05
2.754015345348744947e-05
2.750661804546834010e-05
2.747300874124191140e-05
2.743994860547078820e-05
2.740746365521365277e-05
2.737476256588465697e-05
2.734274100337289582e-05
2.731060601665753187e-05
2.727834073874347678e-05
2.724618344278399674e-05
2.721398169857961038e-05
2.718208608667298197e-05
2.714983158293227250e-05
2.711778380368203137e-05
2.708612130212636476e-05
2.705447390961691106e-05
2.702285450792867963e-05
2.699130111248640193e-05
2.695936753343797324e-05
2.692789831665925036e-05
2.689620103933746824e-05
2.686452848311164161e-05
2.683289479111490726e-05
2.680120632947882828e-05
2.676947739719433069e-05
2.673822203311847096e-05
2.670687711192547384e-05
2.667602716698111798e-05
2.664457422192787484e-05
2.661319737313293769e-05
2.658203669059036554e-05
2.655052261108761298e-05
2.651905431884010381e-05
2.648773961808190727e-05
2.645676196282714925e-05
2.642604168449591315e-05
2.639540603664007826e-05
2.636464006681471549e-05
2.633371121904356894e-05
2.630283993351958683e-05
2.627243091389566961e-05
2.624186253171986025e-05
2.621119971445936661e-05
2.618089862661825720e-05
2.615053062087482693e-05
2.612063540845858359e-05
2.609059882105938165e-05
2.606083401876627508e-05
2.603110483616996295e-05
2.600133446563555377e-05
2.597170550108984248e-05
2.594219531052656451e-05
2.591272571746378622e-05
2.588332210148389174e-05
2.585380892810571469e-05
2.582452249252625362e-05
2.579517478519017612e-05
2.576610072904039764e-05
2.573711042204073079e-05
2.570829629001345076e-05
2.567931850919583068e-05
2.565070646136278796e-05
2.562227416975047722e-05
2.559396762970486808e-05
2.556579579120620992e-05
2.553753389983255050e-05
2.550938294080729485e-05
2.548133485730266521e-05
2.545312946750794421e-05
2.542515024517242789e-05
2.539720445131914324e-05
2.536931170495992935e-05
2.534151706762642040e-05
2.531363281916519930e-05
2.528588840363250574e-05
2.525815571257953329e-05
2.523052500984700210e-05
2.520298834887380556e-05
2.517545354709526827e-05
2.514805968915016500e-05
2.512066255550175151e-05
2.509338384065175627e-05
2.506613965218770237e-05
2.503900077427377455e-05
2.501186894828759711e-05
2.498485002617080932e-05
2.495783728006584819e-05
2.493095581691982067e-05
2.490408535899081823e-05
2.487736886558111125e-05
2.485073045963196746e-05
2.482418583887683743e-05
2.479777521154322590e-05
2.477147348821962409e-05
2.474528944510311334e-05
2.471915466632219449e-05
2.469314344318990150e-05
2.466714826096118573e-05
2.464135155632225465e-05
2.461554709403565669e-05
2.458982714713771054e-05
2.456426702704796530e-05
2.453872766424477535e-05
2.451331501258466219e-05
2.448798746331220697e-05
2.446267037745863702e-05
2.443739251478805718e-05
2.441223308901599356e-05
2.438717245323444090e-05
2.436210071074113636e-05
2.433710618510964268e-05
2.431225704514825201e-05
2.428745063289865499e-05
2.426277767549520387e-05
2.423809124650063446e-05
2.421346270777476479e-05
2.418893347941949453e-05
2.416444288230638088e-05
2.413996823656032890e-05
2.411554987495973581e-05
2.409123261889525644e-05
2.406702197314021117e-05
2.404282607603586142e-05
2.401875454400890123e-05
2.399474255481515655e-05
2.397076942758840441e-05
2.394685560944976308e-05
2.392301137621497705e-05
2.389926768657666333e-05
2.387558408010523919e-05
2.385199727623108450e-05
2.382846459834452675e-05
2.380507428947759821e-05
2.378171999622862752e-05
2.375844684300980019e-05
2.373522839316241366e-05
2.371210513633950048e-05
2.368900626455286811e-05
2.366598234157793595e-05
2.364300646864083612e-05
2.362013202779830869e-05
2.359733349188945981e-05
2.357455284677324180e-05
2.355183322181614726e-05
2.352916911360116220e-05
2.350662246931552448e-05
2.348412199027596811e-05
2.346169632105067954e-05
2.343933478169820677e-05
2.341706926459436822e-05
2.339484076452256776e-05
2.337264115862768452e-05
2.335048234965915142e-05
2.332837395409789275e-05
2.330631457032315924e-05
2.328431999577647827e-05
2.326238663303036903e-05
2.324051475188938239e-05
2.321870635712230586e-05
2.319696719132004811e-05
2.317527770506696788e-05
2.315365099598518670e-05
2.313208767495542856e-05
2.311058020363726496e-05
2.308913250999326198e-05
2.306774574401562029e-05
2.304641821694293838e-05
2.302514828888962159e-05
2.300393739036509110e-05
2.298279062401709934e-05
2.296170492020678018e-05
2.294068205298499695e-05
2.291972776141316354e-05
2.289882403716296479e-05
2.287797824578685372e-05
2.285721286255742958e-05
2.283649019068333198e-05
2.281587922315727292e-05
2.279537147799517570e-05
2.277487387165736451e-05
2.275439824438564243e-05
2.273396347900090095e-05
2.271359916616796519e-05
2.269325905390650108e-05
2.267296835408804970e-05
2.265274268231610381e-05
2.263255293331407748e-05
2.261242059806956606e-05
2.259233164394906505e-05
2.257229411903417124e-05
2.255230987208522620e-05
2.253238013325496906e-05
2.251250889668068934e-05
2.249268750652310046e-05
2.247291706008049361e-05
2.245319692965178147e-05
2.243352745008448038e-05
2.241391026615207333e-05
2.239434443895577386e-05
2.237483241449492104e-05
2.235538159961825288e-05
2.233598624919068881e-05
2.231665802769696881e-05
2.229735874643531588e-05
2.227810886305817153e-05
2.225891616536708091e-05
2.223976851497338485e-05
2.222069256201243575e-05
2.220165851833772226e-05
2.218266630022268027e-05
2.216371727768569347e-05
2.214482027104365151e-05
2.212598310680459482e-05
2.210718163787690955e-05
2.208842048608909952e-05
2.206970540244677315e-05
2.205103229567338127e-05
2.203240599299257003e-05
2.201382240603709772e-05
2.199528621072787985e-05
2.197680230589002623e-05
2.195835783700523462e-05
2.193995956085915383e-05
2.192161003995145516e-05
2.190332343837868694e-05
2.188506829429018023e-05
2.186685422587816743e-05
2.184868896958527248e-05
2.183057217310270995e-05
2.181250135168868044e-05
2.179448013309035482e-05
2.177649219359141847e-05
2.175855994293214037e-05
2.174066187007340221e-05
2.172282448371474988e-05
2.170502403878249992e-05
2.168726992785081383e-05
2.166956740155294632e-05
2.165190714308467569e-05
2.163428816150065264e-05
2.161670545504906698e-05
2.159916804986799135e-05
2.158166991120797390e-05
2.156421605613989675e-05
2.154683787333785323e-05
2.152947452311886783e-05
2.151216383884013890e-05
2.149490726662870482e-05
2.147772991154943298e-05
2.146060269912697588e-05
2.144357797587515891e-05
2.142653995789152395e-05
2.140958663584188794e-05
2.139268094122294116e-05
2.137579117067450114e-05
2.135897017763971708e-05
2.134226117762870500e-05
2.132555245307236351e-05
2.130889477027735808e-05
2.129229158111031937e-05
2.127573362361594284e-05
2.125925407550635911e-05
2.124286918806365026e-05
2.122654952846627984e-05
2.121023033979111338e-05
2.119398433049839883e-05
2.117785874574512798e-05
2.116189923926614885e-05
2.114597042167823773e-05
2.112995624982239544e-05
2.111401956873132447e-05
2.109811001579241211e-05
2.108229283120855357e-05
2.106647509275532944e-05
2.105070267411976036e-05
2.103496780965447165e-05
2.101927109537521309e-05
2.100364036336655938e-05
2.098811557848940572e-05
2.097255751419128841e-05
2.095705569960151280e-05
2.094151543991022070e-05
2.092607461145721290e-05
2.091075125061745457e-05
2.089550923739530989e-05
2.088028106652036912e-05
2.086505319185176242e-05
2.084985778653601857e-05
2.083477355327977506e-05
2.081973089898477318e-05
2.080479757974933538e-05
2.078990293152438998e-05
2.077511368240824767e-05
2.076028338633577802e-05
2.074550420978222832e-05
2.073081673287279961e-05
2.071591038286346275e-05
2.070111379159165552e-05
2.068638162752580608e-05
2.067166309289264245e-05
2.065701341666536400e-05
2.064239940749635453e-05
2.062791713082113787e-05
2.061354348198552765e-05
2.059918232408630663e-05
2.058500952006072471e-05
2.057089761695981675e-05
2.055674765892332259e-05
2.054260524381523121e-05
2.052848806441761345e-05
2.051434117480771527e-05
2.050031373343309959e-05
2.048636451004840991e-05
2.047254007834725808e-05
2.045867481546728532e-05
2.044478865182908339e-05
2.043112404687708072e-05
2.041739033131596969e-05
2.040375219382931885e-05
2.039003375539260503e-05
2.037628886223264235e-05
2.036259809747577741e-05
2.034903715437952264e-05
2.033543186561156119e-05
2.032202306096379284e-05
2.030851637136812541e-05
2.029506735942419553e-05
2.028163223761341943e-05
2.026824502911789253e-05
2.025486784523787900e-05
2.024156114898638975e-05
2.022833832101876637e-05
2.021524892137596227e-05
2.020212889963329095e-05
2.018922054552195532e-05
2.017632192709111605e-05
2.016347551055640625e-05
2.015064497517654032e-05
2.013797600878082836e-05
2.012538845426483955e-05
2.011272823795828181e-05
2.010010926091690403e-05
2.008733926878096912e-05
2.007463447736909594e-05
2.006187847199954343e-05
2.004922669161901229e-05
2.003658393924106305e-05
2.002403753347509712e-05
2.001135720519398752e-05
1.999887422375430513e-05
1.998641429474534850e-05
1.997386902200405301e-05
1.996139523901071009e-05
1.994891244742489763e-05
1.993634380174367289e-05
1.992380434577351782e-05
1.991131632374281685e-05
1.989885261135607774e-05
1.988646882077726969e-05
1.987410247649791571e-05
1.986178071763175992e-05
1.984966569548584926e-05
1.983745002022518602e-05
1.982526984010430577e-05
1.981310490122850998e-05
1.980105126525296360e-05
1.978897001646304183e-05
1.977697938836653392e-05
1.976506930525622727e-05
1.975318460322650951e-05
1.974114492004892216e-05
1.972915215792071710e-05
1.971701042310371969e-05
1.970496527131951282e-05
1.969284041075569357e-05
1.968083398698745231e-05
1.966886896804473259e-05
1.965701573049008320e-05
1.964509239980101219e-05
1.963313463584647441e-05
1.962112328033681992e-05
1.960914105801645497e-05
1.959738517403720887e-05
1.958562709211613897e-05
1.957387054353334138e-05
1.956210328480296852e-05
1.955030588673695784e-05
1.953860169985552692e-05
1.952693122211816040e-05
1.951537958764714431e-05
1.950384807788634560e-05
1.949240239032495436e-05
1.948078496164855098e-05
1.946919958442106522e-05
1.945773847314802936e-05
1.944623917880378331e-05
1.943471596168917334e-05
1.942331947717348278e-05
1.941189145222177475e-05
1.940051862122782868e-05
1.938915253343419023e-05
1.937789120948611325e-05
1.936649028059938708e-05
1.935518476528909774e-05
1.934399116420556169e-05
1.933281366048190394e-05
1.932166758433443503e-05
1.931053715260955890e-05
1.929946144976998245e-05
1.928848310815399163e-05
1.927751698100237186e-05
1.926646513438292247e-05
1.925544675815474350e-05
1.924444392112510370e-05
1.923351997660340107e-05
1.922245368005452931e-05
1.921144289134759547e-05
1.920047212692986273e-05
1.918958929579192484e-05
1.917873135599414245e-05
1.916787296444253879e-05
1.915707121663774351e-05
1.914632706437685924e-05
1.913562790354206330e-05
1.912478846990592782e-05
1.911395132703796023e-05
1.910311467428747089e-05
1.909235333308004499e-05
1.908173635113906590e-05
1.907122772327538092e-05
1.906060534986934963e-05
1.905003039306018525e-05
1.903965868120877704e-05
1.902921016732259164e-05
1.901888851774683137e-05
1.900855420606167300e-05
1.899830453178068262e-05
1.898810555791163285e-05
1.897814072584776718e-05
1.896815043201197928e-05
1.895837085435396742e-05
1.894866306033476244e-05
1.893896784941752711e-05
1.892934455862246273e-05
1.891976502909071869e-05
1.891022487853229631e-05
1.890063917059771424e-05
1.889111285648903564e-05
1.888166595920420256e-05
1.887235027631413019e-05
1.886298963173491103e-05
1.885373834212874643e-05
1.884439497537173950e-05
1.883507052421101846e-05
1.882570453115251383e-05
1.881630828425113821e-05
1.880701700669725694e-05
1.879777075636940637e-05
1.878849501254412877e-05
1.877925162695119978e-05
1.877024767775387746e-05
1.876127034462625831e-05
1.875228238883682119e-05
1.874338671338890116e-05
1.873437163944917212e-05
1.872524019571755814e-05
1.871632093581838553e-05
1.870736501923380489e-05
1.869854499358019199e-05
1.868992375743424762e-05
1.868119578481686917e-05
1.867255710408806092e-05
1.866405987476839153e-05
1.865557925600877683e-05
1.864709036816972714e-05
1.863866329342482735e-05
1.862996002436409306e-05
1.862133407747326247e-05
1.861276360199642702e-05
1.860437551752693849e-05
1.859598747850299698e-05
1.858767583976352742e-05
1.857926450237559507e-05
1.857086691600706276e-05
1.856233467893131351e-05
1.855393698603913509e-05
1.854545775072100798e-05
1.853700026849757453e-05
1.852873876569999825e-05
1.852053108743537723e-05
1.851230247584964304e-05
1.850404162918308651e-05
1.849575849357268332e-05
1.848769380759135618e-05
1.847962494986293413e-05
1.847154289069347988e-05
1.846345945325940014e-05
1.845540081914035172e-05
1.844730680858353846e-05
1.843904420614424594e-05
1.843073930459315245e-05
1.842241757625826735e-05
1.841412107430170765e-05
1.840583583114902791e-05
1.839765811291515699e-05
1.838941755656236488e-05
1.838107802423052847e-05
1.837273606459984823e-05
1.836450440872364396e-05
1.835623284217599230e-05
1.834814557617743972e-05
1.833989294807634286e-05
1.833180418789381248e-05
1.832356385430224566e-05
1.831530748887416242e-05
1.830693725864455338e-05
1.829860417482257796e-05
1.829032304132642878e-05
1.828193182115746295e-05
1.827364536334016352e-05
1.826543404686398770e-05
1.825719354294255873e-05
1.824892550561973205e-05
1.824072919815526955e-05
1.823269952101059236e-05
1.822474295277213928e-05
1.821686550851052693e-05
1.820883760582894708e-05
1.820089825388632681e-05
1.819285067763140592e-05
1.818495569898588915e-05
1.817704310071834985e-05
1.816927270942398387e-05
1.816160525712872594e-05
1.815382344686715789e-05
1.814611395878937776e-05
1.813841359738769030e-05
1.813051361222009402e-05
1.812266417099214704e-05
1.811475665896821868e-05
1.810686279778006552e-05
1.809898916169472099e-05
1.809107418889846337e-05
1.808317523517398987e-05
1.807535437748652193e-05
1.806753560143128047e-05
1.805978305574152009e-05
1.805204690719392494e-05
1.804435500221296146e-05
1.803659625328963285e-05
1.802893373634727913e-05
1.802125156581186848e-05
1.801356591368229447e-05
1.800577742662006677e-05
1.799815457848051849e-05
1.799042130487471053e-05
1.798267824501758818e-05
1.797487902266875875e-05
1.796721471935156805e-05
1.795941615796307604e-05
1.795162136480030573e-05
1.794376774939657304e-05
1.793591480641483461e-05
1.792817491157984390e-05
1.792039038558308027e-05
1.791257261196989179e-05
1.790465063814109510e-05
1.789671407918206554e-05
1.788874492794584819e-05
1.788076353666006042e-05
1.787278239745020711e-05
1.786488967854160290e-05
1.785689904608776300e-05
1.784893451105936922e-05
1.784093298049296082e-05
1.783290422532461897e-05
1.782485646045745987e-05
1.781689218220838816e-05
1.780892620597677886e-05
1.780098978983649970e-05
1.779308122593255270e-05
1.778527995752334675e-05
1.777743620872883234e-05
1.776954124668001476e-05
1.776167599028563397e-05
1.775383237530759364e-05
1.774601915642513985e-05
1.773822983173255238e-05
1.773051645657405825e-05
1.772283804946509078e-05
1.771522687072251792e-05
1.770756126410194187e-05
1.769994807601032538e-05
1.769228716743595826e-05
1.768485118025782689e-05
1.767733222166120241e-05
1.766979925914860406e-05
1.766225829457887924e-05
1.765472517558480095e-05
1.764723229060422103e-05
1.763976436709241563e-05
1.763241524554382827e-05
1.762507835114433691e-05
1.761761028850361249e-05
1.761015697839688065e-05
1.760273133898822826e-05
1.759535680154256909e-05
1.758800395955225835e-05
1.758057045122378222e-05
1.757306760016997806e-05
1.756555036278208685e-05
1.755796010651128707e-05
1.755049915067950891e-05
1.754300156104607992e-05
1.753559374983836564e-05
1.752815982904429223e-05
1.752078314877218265e-05
1.751339104029267911e-05
1.750603058527067961e-05
1.749873477437842383e-05
1.749145458789409395e-05
1.748411751839572473e-05
1.747680247646158318e-05
1.746954691830993140e-05
1.746237482073961436e-05
1.745525583833613028e-05
