2.255800212499960850e-05
2.050715447060834091e-05
1.839593989403809997e-05
1.593531692829102032e-05
1.483903848145655317e-05
1.386413691699759944e-05
1.284543720725798998e-05
1.206056838184548347e-05
1.142835488152950046e-05
1.124850454625239479e-05
1.082128403653185215e-05
1.036208145052622146e-05
9.977952287534185821e-06
9.623866822688278237e-06
9.633406647900520571e-06
9.570395552057779347e-06
9.463489310077753897e-06
9.349475623525322420e-06
9.207506552911209655e-06
9.002631432778264553e-06
8.786754687615796279e-06
8.593944809129242212e-06
8.409530704166592015e-06
8.237811516894440520e-06
8.077890041607730856e-06
7.922389111826703040e-06
7.801988052628416575e-06
7.661436110441777601e-06
7.547778649370431988e-06
7.438901822335441232e-06
7.344976584827070664e-06
7.255083036449087638e-06
7.155759954268601300e-06
7.074301339179842946e-06
7.006809861807567636e-06
6.947911955331384131e-06
6.932202218065556633e-06
6.938087005377622415e-06
6.920904675730157864e-06
6.935801930660231433e-06
6.901942714731616747e-06
6.857586663893057968e-06
6.805948013871589199e-06
6.749724382667338798e-06
6.700121825272300229e-06
6.665554649658914867e-06
6.641148295551286519e-06
6.616885394087676672e-06
6.587818054259392306e-06
6.559430117819351191e-06
6.533093341691345387e-06
6.531528656842240260e-06
6.520375961845300564e-06
6.487566883535948854e-06
6.447782112141099418e-06
6.402768205569101631e-06
6.352864053527860480e-06
6.300669280559923540e-06
6.249823723922463397e-06
6.203453487859776904e-06
6.160592001497744548e-06
6.110707977456408699e-06
6.062073530775970548e-06
6.015201191723310447e-06
5.969267979802108606e-06
5.924047274815038517e-06
5.879957062213055807e-06
5.837545892862673879e-06
5.795525995271378550e-06
5.754064132586033730e-06
5.713453068231016401e-06
5.674059733379210680e-06
5.635228346949525600e-06
5.599198914767044008e-06
5.564044059725541588e-06
5.534087626920283393e-06
5.499576201192657008e-06
5.468198488730761612e-06
5.434726421699248411e-06
5.401612822428584496e-06
5.369916889677461818e-06
5.339900073979814737e-06
5.309949536049339553e-06
5.282258132350746576e-06
5.253726169911500355e-06
5.224352570547406065e-06
5.195947186528055109e-06
5.166860694986170353e-06
5.139204410497357812e-06
5.112076063708395497e-06
5.085454897959828118e-06
5.058851221415738959e-06
5.031698482842774738e-06
5.004862719744412478e-06
4.978507101623849178e-06
4.952972675688403088e-06
4.928109384088152873e-06
4.903176524004158812e-06
4.879594061089475685e-06
4.855832914656576657e-06
4.832836129919640403e-06
4.810113815354166226e-06
4.788490668591861314e-06
4.766946784397841562e-06
4.747735407955950045e-06
4.727684301401321859e-06
4.707926407195484227e-06
4.689568207943683151e-06
4.670061662910441441e-06
4.651768290005854732e-06
4.633632226276152854e-06
4.615750387414549409e-06
4.599662589109710152e-06
4.581924594927271722e-06
4.563780985148502015e-06
4.547479260287729280e-06
4.531795092032403191e-06
4.517477320023938259e-06
4.503790305932752535e-06
4.488664827335353368e-06
4.474535058034350584e-06
4.458418722243106395e-06
4.443693710951007684e-06
4.427924225291877059e-06
4.412409521783865901e-06
4.396832350916425929e-06
4.382026910246149606e-06
4.370147313836760860e-06
4.357305691507059524e-06
4.345405363316243998e-06
4.334777329598238844e-06
4.323276578036236201e-06
4.309353900100900091e-06
4.296344106684696080e-06
4.283359245221100808e-06
4.270943400259101389e-06
4.259063101018746846e-06
4.247029568225166618e-06
4.236701180677290157e-06
4.225314021614902671e-06
4.216167730208770763e-06
4.208467499235354428e-06
4.200561319317549305e-06
4.191708202219782108e-06
4.180513749285907334e-06
4.171178016637093987e-06
4.159893972471766353e-06
4.147371879488804549e-06
4.134441968592904800e-06
4.121416774087848447e-06
4.108322064819218616e-06
4.094834550932812320e-06
4.081435050834205786e-06
4.068431465367685127e-06
4.055727667306660306e-06
4.042963149091101915e-06
4.030095963206627371e-06
4.017569029385369147e-06
4.005073194284626736e-06
3.992732040006478195e-06
3.980879704974525316e-06
3.968963048450775931e-06
3.957015028013466410e-06
3.945161318913703348e-06
3.933476060996577980e-06
3.921724790889729766e-06
3.910316720529944626e-06
3.898855211085545568e-06
3.887688686147706344e-06
3.876664471751565616e-06
3.866177835498548871e-06
3.856263102586075667e-06
3.846131646242508212e-06
3.835751428172366299e-06
3.825796969882650877e-06
3.815498005069252146e-06
3.805423668019427451e-06
3.795709749319355597e-06
3.785833951281112711e-06
3.776834125650322681e-06
3.767986053367025605e-06
3.759217772433333618e-06
3.749863553194068073e-06
3.741239027545260598e-06
3.732536475360146248e-06
3.724214952622402230e-06
3.715066031769885963e-06
3.706125937716553807e-06
3.697174993349515194e-06
3.688103964694580864e-06
3.679613003775118731e-06
3.671190302980834795e-06
3.662909270949464291e-06
3.654756403025929021e-06
3.646689897284380985e-06
3.637826523936497730e-06
3.629420816890589551e-06
3.621284132644107562e-06
3.613721754637412356e-06
3.606840129388436301e-06
3.600186792229066306e-06
3.594235187545291105e-06
3.588052870825314526e-06
3.581913686526457924e-06
3.575906091579072914e-06
3.569243716279240753e-06
3.562730640610238930e-06
3.557616089755930593e-06
3.551689098766753989e-06
3.546222348562880281e-06
3.541494922800263915e-06
3.536323161691119992e-06
3.531820550153837714e-06
3.526141821496858922e-06
3.521006549115283914e-06
3.515835258075901000e-06
3.510457748989468882e-06
3.504277608755145690e-06
3.498311646933461362e-06
3.493840367903846317e-06
3.488447015339416165e-06
3.483398458551678583e-06
3.478543239904916283e-06
3.473141041739164944e-06
3.467804130280100683e-06
3.460971493545527987e-06
3.454277833872948409e-06
3.447324974686579680e-06
3.440321931177693908e-06
3.433175525769793344e-06
3.426079664678961318e-06
3.418886728478377659e-06
3.412020408122474638e-06
3.404962465600936537e-06
3.397805945902060196e-06
3.390781344380019516e-06
3.383662054274256661e-06
3.376596249885686706e-06
3.369525238391266920e-06
3.362536901851210428e-06
3.355566106153220405e-06
3.348625964402148545e-06
3.341741697629747900e-06
3.334934651707037091e-06
3.328155520521410367e-06
3.321446463549414965e-06
3.314732334646091301e-06
3.308043916976755605e-06
3.301432397426496709e-06
3.294837802582611604e-06
3.288358891655908214e-06
3.281829914726710175e-06
3.275413618114502835e-06
3.269114506231448857e-06
3.262816448746083424e-06
3.256872443831283840e-06
3.251108073122486521e-06
3.245454496035197810e-06
3.240280437670363261e-06
3.235488159965099297e-06
3.230432656109177361e-06
3.226035421497677345e-06
3.221540047887994712e-06
3.216719070631568500e-06
3.212342896707955538e-06
3.207853052441900240e-06
3.203351779870918637e-06
3.199615999932336734e-06
3.195927637644804634e-06
3.192355279441185376e-06
3.188423538491971858e-06
3.184425875875530848e-06
3.179744870486984388e-06
3.175902965709855974e-06
3.172846041712082359e-06
3.170166417272286990e-06
3.167411729743332858e-06
3.164159140443879711e-06
3.160291134026045703e-06
3.156226386559974493e-06
3.152063451741490466e-06
3.147686257867896182e-06
3.143119301370900113e-06
3.138169029196313511e-06
3.133331026027735064e-06
3.128392494124980629e-06
3.123523751018010152e-06
3.119164760990437102e-06
3.114849947920302821e-06
3.111052362304539202e-06
3.106927094513228786e-06
3.102884346063774955e-06
3.099195155647301955e-06
3.095240447588150351e-06
3.091553993840834835e-06
3.088106856356240048e-06
3.084462642560402585e-06
3.081079206281747071e-06
3.078035092609944862e-06
3.074393939623754518e-06
3.070981740243069392e-06
3.067577309408766906e-06
3.064531369171434197e-06
3.061609251956670602e-06
3.058120807815817433e-06
3.054779101011530086e-06
3.051538856324605312e-06
3.048576387002621906e-06
3.045570310696046135e-06
3.042270189881274507e-06
3.038680683147577424e-06
3.034932294671966473e-06
3.031234585344663081e-06
3.027122625199426718e-06
3.022952741179972151e-06
3.018772307374173657e-06
3.014622963428533323e-06
3.010850623964286422e-06
3.007202431290579112e-06
3.003111742281439106e-06
2.999268317203503026e-06
2.995193975611732689e-06
2.991801258657366600e-06
2.988576209626324170e-06
2.985602287425466963e-06
2.982409828834216168e-06
2.979041639561562240e-06
2.975554803082826262e-06
2.972239309403362886e-06
2.968719946058467918e-06
2.965251825164010840e-06
2.961619882614773616e-06
2.958141285686113039e-06
2.954545659046379685e-06
2.950883557143887131e-06
2.947420957956287534e-06
2.943969713939405525e-06
2.940518127726875664e-06
2.937022794359184210e-06
2.933325606138843806e-06
2.930258453633482477e-06
2.926858929552416966e-06
2.923967541447430937e-06
2.921152878810444975e-06
2.918929809536351156e-06
2.916734002344155261e-06
2.915119071182723309e-06
2.913354492283681512e-06
2.911574986594566201e-06
2.910104300784069415e-06
2.909161622970446858e-06
2.907351484013093946e-06
2.905914684118628979e-06
2.904065877122702102e-06
2.902462729609293627e-06
2.900435049409771866e-06
2.898495190834944930e-06
2.896190316198450850e-06
2.893922202586867846e-06
2.891435191586031849e-06
2.889292533688519556e-06
2.886911195184724652e-06
2.884845848841734095e-06
2.882438527961629118e-06
2.880228943054199978e-06
2.877709374410021449e-06
2.875051849142103266e-06
2.872268050380164848e-06
2.869271979301799423e-06
2.866220196652668289e-06
2.862989302734795045e-06
2.860031453611472447e-06
2.856939790108356098e-06
2.853899865037284847e-06
2.850791546078892565e-06
2.847896677959713734e-06
2.844660353031404296e-06
2.841404203331549573e-06
2.838104804852958411e-06
2.834691280682460658e-06
2.831403116767619780e-06
2.828142569799101702e-06
2.824902564289897695e-06
2.821452896951668859e-06
2.817902528176842704e-06
2.814379333430549807e-06
2.810855273205568031e-06
2.807459846242645338e-06
2.804057006578642586e-06
2.800684509581272714e-06
2.797379778594779562e-06
2.794064959049741278e-06
2.790822150495453833e-06
2.787611480895006704e-06
2.784329109728339275e-06
2.781071491534180868e-06
2.777819550274934491e-06
2.774547975596056594e-06
2.771210748094917941e-06
2.767887027465939119e-06
2.764645085067857644e-06
2.761342078752192464e-06
2.758025233448199490e-06
2.754695339871381118e-06
2.751385659173516604e-06
2.748058612017386409e-06
2.744777612203058002e-06
2.741591371990256343e-06
2.738374994806214892e-06
2.735191252652220569e-06
2.732079623902571573e-06
2.728864382456094637e-06
2.725714930925407381e-06
2.722493218650354380e-06
2.719265928552229081e-06
2.716077020154062795e-06
2.712896915796115500e-06
2.709752655217949383e-06
2.706590477216978211e-06
2.703480867217212051e-06
2.700288923911514130e-06
2.697141933080336357e-06
2.694014239133973552e-06
2.690888069045872088e-06
2.687801097677791505e-06
2.684712204085573738e-06
2.681571334379489678e-06
2.678453694473669518e-06
2.675340161272554796e-06
2.672259252387282748e-06
2.669195810278731908e-06
2.666168346825781036e-06
2.663172277185353141e-06
2.660190189152066393e-06
2.657220913422668273e-06
2.654299807861161436e-06
2.651318426580322662e-06
2.648335303426337905e-06
2.645379266938580347e-06
2.642382560227882935e-06
2.639402152727086578e-06
2.636428776148298592e-06
2.633457769028128143e-06
2.630494046573604205e-06
2.627537725813687154e-06
2.624590888297324463e-06
2.621653667921930129e-06
2.618748807484129868e-06
2.615845004054441981e-06
2.613023735553560202e-06
2.610168984174525368e-06
2.607317993421956188e-06
2.604442968855120431e-06
2.601575304965074180e-06
2.598718766530418692e-06
2.595879041759022509e-06
2.593081709781265321e-06
2.590319629300413312e-06
2.587567998651549356e-06
2.584805678391010169e-06
2.582048467439390891e-06
2.579296825576756002e-06
2.576517108149534386e-06
2.573768800765838207e-06
2.571016337933885909e-06
2.568285975558211747e-06
2.565601333077464673e-06
2.562912298681877182e-06
2.560308648485374761e-06
2.557636364236463717e-06
2.555052388355327336e-06
2.552417865450036883e-06
2.549847727380296345e-06
2.547223087438652042e-06
2.544594349147404376e-06
2.541963700134804454e-06
2.539312835398341866e-06
2.536663712025556543e-06
2.534014948703439918e-06
2.531380208135089698e-06
2.528756899920909329e-06
2.526133758565995571e-06
2.523517405093657694e-06
2.520913579715921245e-06
2.518316007977045551e-06
2.515750856129589840e-06
2.513186544873699481e-06
2.510634872885762279e-06
2.508078561770755318e-06
2.505566948125336050e-06
2.503105543616926816e-06
2.500646200566764272e-06
2.498171061009320346e-06
2.495682789982563112e-06
2.493213404436888195e-06
2.490719855473370988e-06
2.488224616176041496e-06
2.485772320534045752e-06
2.483309830005079536e-06
2.480867138259110608e-06
2.478412609871198966e-06
2.475967123416114201e-06
2.473523637778224432e-06
2.471102116136396013e-06
2.468685265235049937e-06
2.466272837084590681e-06
2.463930687348244750e-06
2.461544937296023953e-06
2.459169005654096002e-06
2.456782494015399219e-06
2.454430822343819097e-06
2.452102889319510984e-06
2.449750568517937008e-06
2.447418645587766580e-06
2.445066375506918933e-06
2.442700211583697127e-06
2.440341916070743942e-06
2.437985236685251784e-06
2.435659814536537721e-06
2.433317981957216649e-06
2.430986921289705160e-06
2.428660188476766614e-06
2.426337479931685070e-06
2.424021248911157997e-06
2.421720980390889099e-06
2.419418279882238600e-06
2.417125148450061925e-06
2.414837202562168360e-06
2.412581748077782886e-06
2.410316916487894348e-06
2.408068089618163420e-06
2.405836396190624981e-06
2.403605661833509482e-06
2.401367157604060460e-06
2.399158240967436953e-06
2.396933271412257252e-06
2.394737921048728049e-06
2.392557717120833917e-06
2.390357321188940964e-06
2.388178724933304277e-06
2.385977906431992529e-06
2.383785419826530613e-06
2.381589535145906971e-06
2.379406378757356814e-06
2.377243550430779024e-06
2.375078495053041577e-06
2.372921188951210764e-06
2.370776897109749395e-06
2.368626012437199008e-06
2.366498021010915333e-06
2.364381247482626268e-06
2.362276392630717398e-06
2.360185866257276145e-06
2.358084496359169505e-06
2.356020218299961730e-06
2.353963900767757177e-06
2.351882694841985470e-06
2.349811430969546200e-06
2.347746289077425668e-06
2.345701064365278607e-06
2.343683062303970343e-06
2.341678325741508736e-06
2.339681808147438675e-06
2.337648403333830298e-06
2.335664754048197212e-06
2.333635369910795324e-06
2.331623905782944364e-06
2.329608450248055348e-06
2.327594823372315792e-06
2.325564378822098812e-06
2.323585569503068257e-06
2.321641738548676107e-06
2.319673287787900920e-06
2.317710999859580513e-06
2.315746778899174369e-06
2.313812961813090734e-06
2.311866153276345964e-06
2.309916955209741338e-06
2.307944783493973830e-06
2.305997141761142252e-06
2.304022720590197868e-06
2.302049145570104438e-06
2.300074762688134587e-06
2.298104677567927534e-06
2.296140151058489727e-06
2.294192995165824583e-06
2.292253812857138275e-06
2.290310682746440914e-06
2.288367789679200485e-06
2.286431353574699101e-06
2.284501754621578729e-06
2.282572139874142039e-06
2.280647374770773652e-06
2.278735735136903840e-06
2.276827577640787557e-06
2.274923892491463208e-06
2.273034422660054890e-06
2.271141188780234726e-06
2.269257637785624736e-06
2.267372370525458187e-06
2.265486626652483173e-06
2.263612589800238241e-06
2.261751614584248299e-06
2.259887669143122532e-06
2.258021020199860216e-06
2.256164404832448034e-06
2.254342040262116665e-06
2.252498446837608972e-06
2.250667194133464555e-06
2.248836911597781356e-06
2.246998659554602601e-06
2.245165801280905819e-06
2.243342139915274844e-06
2.241537051378633352e-06
2.239714653989776660e-06
2.237897063355898504e-06
2.236082805735644574e-06
2.234284325815272320e-06
2.232478854811165299e-06
2.230678163555315826e-06
2.228881851388459767e-06
2.227090040666879739e-06
2.225303861358186971e-06
2.223520707512645322e-06
2.221747445741137201e-06
2.219984720233399055e-06
2.218216120026111724e-06
2.216460489171806244e-06
2.214728819837810648e-06
2.212990468382305749e-06
2.211244529839678330e-06
2.209506356207917743e-06
2.207772114956406204e-06
2.206054616290426051e-06
2.204319443969291697e-06
2.202600273617631359e-06
2.200883034457347439e-06
2.199169839365335491e-06
2.197485340868794814e-06
2.195822385289592518e-06
2.194154306767766909e-06
2.192497849226921296e-06
2.190871268541014790e-06
2.189250085559311562e-06
2.187637688069125457e-06
2.186027777834137060e-06
2.184379166900472913e-06
2.182740425794150856e-06
2.181077656219982517e-06
2.179400868851823361e-06
2.177727653520310068e-06
2.176057516142613515e-06
2.174390729547024493e-06
2.172727843732725280e-06
2.171070333618689079e-06
2.169425804522528210e-06
2.167784681075502439e-06
2.166144256549043289e-06
2.164506865573914804e-06
2.162872981092921001e-06
2.161252908714632189e-06
2.159639700521850704e-06
2.158017333290942699e-06
2.156419247089310999e-06
2.154813355308400412e-06
2.153204332884654791e-06
2.151603610660587485e-06
2.150009014128728722e-06
2.148421171295791399e-06
2.146842797991941710e-06
2.145261040765414276e-06
2.143675296113814624e-06
2.142085548226381714e-06
2.140539524067793019e-06
2.138971274691893739e-06
2.137416902212100620e-06
2.135866231503285974e-06
2.134313177276638302e-06
2.132755258434491743e-06
2.131218622656973603e-06
2.129689141704003402e-06
2.128172621963431271e-06
2.126667415102160608e-06
2.125190110258309807e-06
2.123718393829311967e-06
2.122238476888751445e-06
2.120749803513912897e-06
2.119258673093511686e-06
2.117789827438071803e-06
2.116291959403652829e-06
2.114786722453574252e-06
2.113278442815702569e-06
2.111781626000769844e-06
2.110312037508721086e-06
2.108819252450205628e-06
2.107335258117034886e-06
2.105868362569896721e-06
2.104401616602744049e-06
2.102959297778505940e-06
2.101502644377462419e-06
2.100094739695446759e-06
2.098640658911308357e-06
2.097181743419672174e-06
2.095716353036881119e-06
2.094246022175506998e-06
2.092769907838345670e-06
2.091301210338709564e-06
2.089842836637684356e-06
2.088384389206025309e-06
2.086936996437206465e-06
2.085492714221154605e-06
2.084058297895024462e-06
2.082648203380871988e-06
2.081241312939016082e-06
2.079838094992093152e-06
2.078447082774962497e-06
2.077053288209114591e-06
2.075641947099622819e-06
2.074234137804720301e-06
2.072825934317380420e-06
2.071458987804970535e-06
2.070082802268562772e-06
2.068709814780709434e-06
2.067358964718797352e-06
2.066005809692220735e-06
2.064646898398305993e-06
2.063257634428455583e-06
2.061882962678930294e-06
2.060521230614016452e-06
2.059127549393295813e-06
2.057736227322312157e-06
2.056366986937830441e-06
2.054993343271340556e-06
2.053622565920803722e-06
2.052259424644071157e-06
2.050913409419103820e-06
2.049611566687682820e-06
2.048301670862657596e-06
2.046982710736123525e-06
2.045636359110664663e-06
2.044281433826456766e-06
2.042942801135040872e-06
2.041589242662705670e-06
2.040269414590122756e-06
2.038949192306856119e-06
2.037643297692407952e-06
2.036298306380250334e-06
2.034944305593915238e-06
2.033588084366798590e-06
2.032234806921934003e-06
2.030894693883009428e-06
2.029544921084137911e-06
2.028198628764927095e-06
2.026863269359935301e-06
2.025520823293440763e-06
2.024183401571742011e-06
2.022849901519979547e-06
2.021524804722573971e-06
2.020206367799657189e-06
2.018897937925585817e-06
2.017587700971494087e-06
2.016264949335033595e-06
2.014946411863126445e-06
2.013646255646520611e-06
2.012353050932568600e-06
2.011048883718319802e-06
2.009743636842651990e-06
2.008444207050422672e-06
2.007144214533380775e-06
2.005841705948873318e-06
2.004549146447274278e-06
2.003253684912725082e-06
2.001973559600639499e-06
2.000689659314930699e-06
1.999410068204653712e-06
1.998144202697969145e-06
1.996864653682555129e-06
1.995590563949151843e-06
1.994321248342476286e-06
1.993050263003032508e-06
1.991787348804136219e-06
1.990537724191617790e-06
1.989274448148628673e-06
1.988015761942812216e-06
1.986773588489180255e-06
1.985528179410453668e-06
1.984285432073070874e-06
1.983052370099232802e-06
1.981825139411819850e-06
1.980605873207403809e-06
1.979381338420734304e-06
1.978161143812644406e-06
1.976940337101755945e-06
1.975726432017197043e-06
1.974501467998208244e-06
1.973282683332198053e-06
1.972056272103683100e-06
1.970846004573932431e-06
1.969633639697431584e-06
1.968441213888606141e-06
1.967245005079098136e-06
1.966053964597190824e-06
1.964868743552953945e-06
1.963693207390930656e-06
1.962520157394544149e-06
1.961377512935493818e-06
1.960230533151275001e-06
1.959087611721080913e-06
1.957962099825893104e-06
1.956823711486396584e-06
1.955681355168975865e-06
1.954533939795804462e-06
1.953390465460520633e-06
1.952243517908165343e-06
1.951133927411230876e-06
1.949993232732555152e-06
1.948866119270599191e-06
1.947749492043811473e-06
1.946632749414985820e-06
1.945535298199018629e-06
1.944479582879637811e-06
1.943441306253581352e-06
1.942391613339252993e-06
1.941364737143465827e-06
1.940332543957435511e-06
1.939278113685457094e-06
1.938223740248010044e-06
1.937161575900216358e-06
1.936133448629752665e-06
1.935102718809036554e-06
1.934056154755788249e-06
1.933041379278319174e-06
1.932036832469359250e-06
1.931014002038376088e-06
1.930022480675536691e-06
1.929019507596595172e-06
1.928010950246660358e-06
1.926971247003796322e-06
1.925965687506466839e-06
1.924962151110537185e-06
1.923983036858061318e-06
1.922997590948650637e-06
1.922009568492644061e-06
1.921007197820526392e-06
1.919991316671745923e-06
1.918957064616644925e-06
1.917893393636795508e-06
1.916823712180595100e-06
1.915739198180319156e-06
1.914669083211839804e-06
1.913582677852667764e-06
1.912492230362893357e-06
1.911406105657166323e-06
1.910326634296741476e-06
1.909245374490438775e-06
1.908157206086082884e-06
1.907093795229074940e-06
1.906043260270248039e-06
1.904993769034150596e-06
1.903979539656749009e-06
1.902946658060267112e-06
1.901961231694767377e-06
1.900953113803577353e-06
1.899950518679694908e-06
1.898939066594418059e-06
1.897972948112977673e-06
1.897011043604874211e-06
1.896081769085562590e-06
1.895134541293264947e-06
1.894189862572249396e-06
1.893271981339171737e-06
1.892354059062875872e-06
1.891428887244835591e-06
1.890516055467226603e-06
1.889650145725935803e-06
1.888785780592047554e-06
1.887977597271003864e-06
1.887148489943207535e-06
1.886307544246226223e-06
1.885479669224690137e-06
1.884671221759788166e-06
1.883866748003870043e-06
1.883109991043899970e-06
1.882335294530392002e-06
1.881565779298345089e-06
1.880835328247301108e-06
1.880127798789724651e-06
1.879360401270660048e-06
1.878603048879037180e-06
1.877879219914760594e-06
1.877147074980269401e-06
1.876386360204615010e-06
1.875634090297813695e-06
1.874831755582026964e-06
1.874028529081448588e-06
1.873240734875642623e-06
1.872414308838253960e-06
1.871606339699057796e-06
1.870812131605824443e-06
1.869980967257821987e-06
1.869187789367079830e-06
1.868339402013442586e-06
1.867515941399935741e-06
1.866689525722926810e-06
1.865839575445777430e-06
1.865027419711878649e-06
1.864197280162969308e-06
1.863392275559158483e-06
1.862561663549381461e-06
1.861713054306871805e-06
1.860878157234199643e-06
1.860001037212731089e-06
1.859122542782733350e-06
1.858240689713331079e-06
1.857333925089812511e-06
1.856420037182854374e-06
1.855509073210081584e-06
1.854592242970358846e-06
1.853662296311859910e-06
1.852742510862777707e-06
1.851826348390581153e-06
1.850903068229956153e-06
1.850006639575416074e-06
1.849089350162069505e-06
1.848171844693440758e-06
1.847251341979542221e-06
1.846301399284235989e-06
1.845358093451750272e-06
1.844424588057474694e-06
1.843495077730113647e-06
1.842591490232566226e-06
1.841689408171835449e-06
1.840794120856821125e-06
1.839905336577652791e-06
1.838991617403808844e-06
1.838089278798729721e-06
1.837176994128758053e-06
1.836252098433994677e-06
1.835331365590228425e-06
1.834390347357480294e-06
1.833451110214569115e-06
1.832512747304108123e-06
1.831581569139988203e-06
1.830658703358450701e-06
1.829715718714365016e-06
1.828798235359875309e-06
1.827864657303927190e-06
1.826933009639034714e-06
1.826026354803956514e-06
1.825112105224576256e-06
1.824194850152894525e-06
1.823264995761292404e-06
1.822327653548504810e-06
1.821393771890448680e-06
1.820481162234769620e-06
1.819548616294384044e-06
1.818633480577339719e-06
1.817718921795938336e-06
1.816784777877295380e-06
1.815852470254382216e-06
1.814921973777986380e-06
1.814001644521592670e-06
1.813085728125176388e-06
1.812174573724122086e-06
1.811275531595374157e-06
1.810389059878104526e-06
1.809515220430056142e-06
1.808620816163032296e-06
1.807738032245516703e-06
1.806856950229862846e-06
1.805992056936614868e-06
1.805147971883211140e-06
1.804328299534501171e-06
1.803508928116913797e-06
1.802687585124092741e-06
1.801866039493927575e-06
1.801088192004177509e-06
1.800292795619424140e-06
1.799525845968956071e-06
1.798783480420300966e-06
1.798022272930282402e-06
1.797233915725247841e-06
1.796432238066448588e-06
1.795637398464698939e-06
1.794861234831389674e-06
1.794092070341659565e-06
1.793314173141240103e-06
1.792564752398202297e-06
1.791770647449464985e-06
1.791003332646885097e-06
1.790204607536689087e-06
1.789392451402354422e-06
1.788581559486663028e-06
1.787754085027180704e-06
1.786943895067711264e-06
1.786153979237646499e-06
1.785341956527000420e-06
1.784551034619648297e-06
1.783735984608275165e-06
1.782917731391296566e-06
