6.936086050469875772e+03
8.611811180010921817e+03
8.611811180010921817e+03
7.182297917613477694e+03
7.617885413119986879e+03
8.516299980608324404e+03
6.466174333797042891e+03
7.421319835423831137e+03
7.371237140024331893e+03
9.846236791667290163e+03
4.936807638258782390e+03
7.207627932034647529e+03
7.657140829532007047e+03
6.981975992692622640e+03
6.456692519744051424e+03
7.358842505751947101e+03
6.779520561447639921e+03
7.210489184259443391e+03
7.416707670794603473e+03
7.187053673716633057e+03
8.343619351732100768e+03
9.452708233894742079e+03
8.721643502797232941e+03
7.680180588448400158e+03
7.014785541845609259e+03
8.089633340980203684e+03
5.287314476958226805e+03
6.863115833324083724e+03
9.140889830271709798e+03
8.661182852093374095e+03
6.662779487714318748e+03
7.749808671593576037e+03
6.675786940041499292e+03
8.162810562046033738e+03
6.478444553167782942e+03
5.833897102099721451e+03
8.325716862406437940e+03
8.171609333326795422e+03
7.811916847402626445e+03
7.311062479838184117e+03
6.355581890497172026e+03
5.866651651741288333e+03
8.281235744388630337e+03
7.474630521337191567e+03
6.306606744106667975e+03
7.496760787895465000e+03
8.046259782442787582e+03
6.712389909984200131e+03
8.306443410213159950e+03
7.514587390024904380e+03
6.313605024690927166e+03
7.284504303411093133e+03
7.581158346483379319e+03
5.918846817443369218e+03
6.389617670008528876e+03
9.001112129865889074e+03
7.224506070294886740e+03
5.867849054710717610e+03
5.574221713080341033e+03
7.131780683564701576e+03
6.989764712983250320e+03
8.879705075137437234e+03
8.101744048956599727e+03
6.718966522911154243e+03
7.721420247202816427e+03
9.237563676582987682e+03
6.529030109239030935e+03
7.410187739546600824e+03
6.098712646242315714e+03
8.561304042730469519e+03
5.972557876868687345e+03
8.291757049262971123e+03
6.364298954631353809e+03
6.806920021343978078e+03
6.171791924446019948e+03
7.609057624025675977e+03
6.753309455056321895e+03
8.981369281105047776e+03
7.324107254443882994e+03
9.074746790409457390e+03
6.875840751567537154e+03
8.119626117825413530e+03
6.686594707406174166e+03
7.069865121119639298e+03
6.705388186732118811e+03
8.126040244987540063e+03
7.053729585222356945e+03
6.935372456671006148e+03
7.563568232392467507e+03
6.154317100415640198e+03
8.083525750797916771e+03
6.752118627188666323e+03
7.313558273323636968e+03
7.510078558030160821e+03
8.429881329795123747e+03
7.681227991846459190e+03
7.236868737626853544e+03
6.550602754663106680e+03
8.192207555675582626e+03
5.283519389262150980e+03
