5.388267659018973063e+03
5.239579067758837482e+03
5.239579067758837482e+03
5.284883843845582305e+03
5.709746190161862614e+03
6.509042824467562241e+03
5.154568173494165421e+03
4.995772040554057639e+03
5.356736456651262415e+03
5.099017945897782738e+03
5.214908874649649988e+03
5.531666514531270877e+03
5.207370663618669823e+03
5.197581115461160152e+03
5.056249366118021499e+03
6.033727751147263007e+03
5.727548855028388061e+03
5.378286425420756132e+03
4.988803149308349930e+03
5.635784773306873831e+03
4.890125151065953105e+03
5.680985903319582576e+03
4.679027522054011570e+03
5.625715283158683633e+03
5.412266287287362502e+03
4.682546569432924116e+03
5.401224705606330645e+03
5.556593723530236275e+03
5.455763077333016554e+03
4.718160993179247271e+03
5.168264124099905530e+03
5.464426477776451975e+03
5.384173477131327672e+03
5.522003411249792407e+03
5.116800254419853445e+03
6.088684371817855208e+03
6.166190273731896013e+03
5.845303013771920632e+03
5.454498543178840009e+03
5.346035844902093231e+03
5.775644756579607929e+03
4.512679446000485768e+03
5.321983997897010340e+03
5.786459071495436547e+03
4.598113729730383966e+03
7.744326253898638242e+03
5.515277890276956896e+03
4.795361229662218648e+03
5.587748254826091397e+03
5.158649063621589448e+03
5.446526684207213293e+03
5.528811606936531462e+03
5.175802255177414736e+03
5.657373613260492675e+03
6.745699993143723077e+03
4.916919855324546006e+03
5.533923222859046291e+03
5.147075039845891297e+03
5.184040684926863833e+03
6.355509468721320445e+03
5.547025400293842722e+03
4.743949437794078221e+03
5.449967641671461024e+03
4.781812472759651428e+03
5.413211719288003223e+03
5.631301856217619388e+03
4.507734146283611153e+03
5.976510846131071958e+03
5.070084575601171309e+03
6.479585945609578630e+03
5.042375422447964411e+03
5.922266599133749878e+03
4.867562545632198635e+03
4.550887538969164780e+03
6.308181330742333557e+03
6.218090433884754020e+03
5.137857470203882258e+03
5.355887629669658054e+03
5.996014892885136760e+03
6.214443304013802845e+03
5.832031949364456523e+03
6.262444308112990257e+03
5.031522192581113814e+03
5.941970725064266844e+03
4.823566812749821111e+03
6.388954326222341479e+03
5.235683892120949167e+03
6.375284420609610606e+03
5.099796507788094459e+03
5.908557559674654840e+03
4.982822758147578497e+03
4.974472884616719966e+03
6.406493081445263670e+03
4.338235474512273868e+03
5.274997832097315950e+03
5.508211618742984683e+03
4.525986227087742009e+03
4.923916707072474310e+03
5.162020349461052319e+03
5.946902986292982860e+03
