3.755992499999971646e-06
3.707069668054123421e-06
6.262944855585731303e-06
5.814123747894506403e-06
5.629138903410103929e-06
5.742954407274188168e-06
5.427404833467003962e-06
5.607167247613928376e-06
6.147668667590339162e-06
6.274420736254543837e-06
6.438244466414628325e-06
6.422298787696290997e-06
6.486924575289908449e-06
6.560917053653497850e-06
6.771008005761823315e-06
6.824645389844632520e-06
6.795927146240011468e-06
6.822624920667100587e-06
6.812640108469035194e-06
6.839863501971696707e-06
6.812914396646401914e-06
6.810757886614360610e-06
6.802679683174015501e-06
6.744298845287653977e-06
6.694944355211079038e-06
6.652517598345173481e-06
6.591347747215770193e-06
6.524739681622532608e-06
6.457260119816847930e-06
6.397524657705237224e-06
6.353110762977582821e-06
6.296933955210130497e-06
6.246207942198109808e-06
6.198668470192432988e-06
6.150297579665244445e-06
6.100957712752000539e-06
6.066453961727890595e-06
6.040479455552675158e-06
5.998466101783036217e-06
5.959440665484572815e-06
5.922308235073942952e-06
5.884768000096110219e-06
5.854616432481972042e-06
5.818128698065648397e-06
5.784404060431279483e-06
5.755316708245099807e-06
5.718652567671616208e-06
5.683080960237447290e-06
5.643771355662376831e-06
5.607713188355125858e-06
5.568079406511168439e-06
5.530162294477767901e-06
5.490283331209711347e-06
5.449695647870425967e-06
5.409973200190961100e-06
5.369736684165917768e-06
5.327867979873617338e-06
5.292012189118706126e-06
5.254706625942987017e-06
5.216920140573301310e-06
5.177761397994714249e-06
5.140098253254578761e-06
5.101431557962408150e-06
5.065470684263748267e-06
5.032622680508096952e-06
4.999014888863465940e-06
4.968408148011362163e-06
4.938776509344282748e-06
4.907431332687305786e-06
4.878185605786374721e-06
4.848674299035570193e-06
4.819245568893594006e-06
4.790153373169303730e-06
4.761979423641963624e-06
4.733034685533701668e-06
4.703821837335717362e-06
4.675855560981591050e-06
4.647876816670478853e-06
4.619831741197086838e-06
4.591660204809077052e-06
4.563469150932383078e-06
4.536325162230284213e-06
4.509110725651353511e-06
4.482537801060532442e-06
4.456333152692228346e-06
4.430549060094541433e-06
4.405467568396058723e-06
4.380530408215677467e-06
4.355937764425021932e-06
4.331676911708667745e-06
4.307811650030429006e-06
4.284343820316394687e-06
4.261248857439107439e-06
4.238540873698396120e-06
4.216199291898059526e-06
4.194183173304310412e-06
4.172542718469577727e-06
4.151201044461455222e-06
4.130195552736995563e-06
4.109724686915118079e-06
4.089344986639894736e-06
4.069253622445682322e-06
4.049462643549925186e-06
4.030006151756738739e-06
4.010769754734874742e-06
3.991809233801482459e-06
3.973126892124162170e-06
3.954701813870792355e-06
3.936542573413707495e-06
3.918629219092004146e-06
3.900943899204529973e-06
3.883495763572085360e-06
3.866352359478984879e-06
3.849424226963701934e-06
3.832666376314788529e-06
3.816180843043625642e-06
3.799837494565555726e-06
3.783758646657525214e-06
3.767835770969527150e-06
3.752103908426254325e-06
3.736572513417677099e-06
3.721228715214118204e-06
3.706070897770561294e-06
3.691114761790586865e-06
3.676462352330756296e-06
3.661933247601773758e-06
3.647508500474308104e-06
3.633487800536978046e-06
3.619568537619585693e-06
3.605949367352895207e-06
3.592305080349760767e-06
3.579085951117237545e-06
3.565990169218970777e-06
3.553083268724937164e-06
3.540247762393524137e-06
3.527523761564965691e-06
3.515080618682360656e-06
3.502975552533129740e-06
3.491325306013107023e-06
3.479772401893202025e-06
3.469206804811328260e-06
3.458373570300367463e-06
3.447663856947431559e-06
3.437696876228702947e-06
3.427406941222114146e-06
3.417812896248576536e-06
3.408257116166445278e-06
3.398836127757905857e-06
3.389047743470996212e-06
3.379561253363716961e-06
3.370106251697377948e-06
3.360605466023996640e-06
3.351157123806012192e-06
3.342350160552245589e-06
3.333512336059295906e-06
3.324931623687646512e-06
3.316623433480695348e-06
3.308271014714406053e-06
3.299677749457031031e-06
3.291197058134881585e-06
3.282261373901393684e-06
3.273571219781004802e-06
3.264923250682767556e-06
3.256324688636213478e-06
3.247902997064438487e-06
3.239977794473256389e-06
3.231799261023009108e-06
3.223485541332462648e-06
3.215362670703796776e-06
3.207223693534389114e-06
3.199093899887751935e-06
3.191133851460830718e-06
3.183055775895201430e-06
3.175183110027465506e-06
3.167233757707470600e-06
3.159728751497477915e-06
3.152096581457099266e-06
3.144183778034166902e-06
3.136345303296730946e-06
3.128364496483848453e-06
3.120447533884264033e-06
3.112645663030762761e-06
3.104906929835502875e-06
3.097409050755144896e-06
3.089891303825039053e-06
3.082468930473863136e-06
3.074932640410347031e-06
3.067292468597571624e-06
3.059888242664369062e-06
3.052875232319277601e-06
3.045901207776247001e-06
3.039153545723154797e-06
3.032349667500642663e-06
3.025494078787529721e-06
3.018633138149659207e-06
3.011904488927374544e-06
3.004948533707891265e-06
2.998007516512885311e-06
2.991064056788667818e-06
2.984143735855846624e-06
2.977324127850419620e-06
2.970325367486364596e-06
2.963443898463193691e-06
2.956644809788706270e-06
2.949867622493346280e-06
2.943157551349163401e-06
2.936445281538634387e-06
2.929864534881068837e-06
2.923161956135238001e-06
2.916497968961685829e-06
2.909891159438908427e-06
2.903289037195726603e-06
2.896700660555922126e-06
2.890183603752624141e-06
2.883685149358828820e-06
2.877245223780085999e-06
2.870763375362161985e-06
2.864338176162620412e-06
2.857980802085687994e-06
2.851731982610064386e-06
2.845508203450408830e-06
2.839349560908604900e-06
2.833248463880048993e-06
2.827182168305111767e-06
2.821147066158856613e-06
2.815053374563820713e-06
2.809074601714727256e-06
2.803181188460403547e-06
2.797297480858064339e-06
2.791546153263559702e-06
2.785819419948205425e-06
2.780201300541431220e-06
2.774529287084958580e-06
2.768860843386135024e-06
2.763304461422109404e-06
2.757726440894681583e-06
2.752168763625352110e-06
2.746603218764479122e-06
2.741048707199665007e-06
2.735480666267734689e-06
2.729901187051913456e-06
2.724354329407240676e-06
2.718802888665427403e-06
2.713307899070383664e-06
2.707797490041714825e-06
2.702340226678682994e-06
2.696890977836875912e-06
2.691491311418982637e-06
2.686110684005158221e-06
2.680753920002638030e-06
2.675442643922760273e-06
2.670156724896816465e-06
2.664893975747951641e-06
2.659690962642819403e-06
2.654532727327749215e-06
2.649378819517591263e-06
2.644263191762920693e-06
2.639185676941130468e-06
2.634161005394413709e-06
2.629165538975239739e-06
2.624190887144130580e-06
2.619254826803453408e-06
2.614315224138303394e-06
2.609402850041311406e-06
2.604503595785396292e-06
2.599636338975890330e-06
2.594794242516009287e-06
2.589963977753388650e-06
2.585162495861099035e-06
2.580414699050621185e-06
2.575672905248080317e-06
2.570951680600219917e-06
2.566253148379673815e-06
2.561584466871067024e-06
2.556941368099634538e-06
2.552330600395658134e-06
2.547738653858404477e-06
2.543177464176275231e-06
2.538620054716173809e-06
2.534091666691797706e-06
2.529592740678133117e-06
2.525127552658974025e-06
2.520667694264326138e-06
2.516233086096279797e-06
2.511815001345209045e-06
2.507419911374493843e-06
2.503048052373312233e-06
2.498699593607789345e-06
2.494374304967621385e-06
2.490073055409257812e-06
2.485798403743463067e-06
2.481545071000382432e-06
2.477317395151872244e-06
2.473101686481756829e-06
2.468907970369924373e-06
2.464739609719448918e-06
2.460587452156525343e-06
2.456467809945974144e-06
2.452362065867761059e-06
2.448283308954068199e-06
2.444246971454519213e-06
2.440228641763137273e-06
2.436254423222524262e-06
2.432285297861724645e-06
2.428318250395391625e-06
2.424382204057627737e-06
2.420486418605064877e-06
2.416601062915237008e-06
2.412757113437766291e-06
2.408914265729370650e-06
2.405108420242922386e-06
2.401310073377994594e-06
2.397536399763380742e-06
2.393760201526501496e-06
2.390017975430768422e-06
2.386326859735764631e-06
2.382623848543587595e-06
2.378910595601189045e-06
2.375202574898739604e-06
2.371518121366529853e-06
2.367846929852169667e-06
2.364189575563328728e-06
2.360548409932160867e-06
2.356918104452313333e-06
2.353304792199090437e-06
2.349709815447586879e-06
2.346127626834630608e-06
2.342555787221922259e-06
2.339010614360973396e-06
2.335465462561802428e-06
2.331934920534260212e-06
2.328420526301213959e-06
2.324921777161143019e-06
2.321442106886791804e-06
2.317974699295412795e-06
2.314523910438650144e-06
2.311087560239892827e-06
2.307666744327487089e-06
2.304260661982699704e-06
2.300869663009519410e-06
2.297493490032441278e-06
2.294138318162127679e-06
2.290802350575785893e-06
2.287499128333906240e-06
2.284198711600494018e-06
2.280912153598593084e-06
2.277637225972936187e-06
2.274380166886518693e-06
2.271128121256361717e-06
2.267901870279687876e-06
2.264688921681475741e-06
2.261498787692354370e-06
2.258314871727835392e-06
2.255163659479720091e-06
2.252014623381671347e-06
2.248903098471907667e-06
2.245803570635252885e-06
2.242711405506581512e-06
2.239615023213778078e-06
2.236537168173834704e-06
2.233483885447634648e-06
2.230450071273273486e-06
2.227447782935051905e-06
2.224447600055515935e-06
2.221453123052658903e-06
2.218465806723828477e-06
2.215470274370534311e-06
2.212491663603310577e-06
2.209524476838597808e-06
2.206608208457468832e-06
2.203737839654450168e-06
2.200887426725594141e-06
2.198026092374550512e-06
2.195199339157823838e-06
2.192360479982851573e-06
2.189531185171416072e-06
2.186737242779484988e-06
2.183943312436090205e-06
2.181219626836760780e-06
2.178508996547886323e-06
2.175841191585919807e-06
2.173179303133174538e-06
2.170523758492688794e-06
2.167893481619224700e-06
2.165261974243824960e-06
2.162557441234952055e-06
2.159915630629360737e-06
2.157257466956975443e-06
2.154631819283208006e-06
2.152010649848574001e-06
2.149380364922665410e-06
2.146774533461984241e-06
2.144167125286169461e-06
2.141581519863954066e-06
2.139000736521273710e-06
2.136420029258415897e-06
2.133856574494277431e-06
2.131282898961002330e-06
2.128741375540864736e-06
2.126199882112478633e-06
2.123645840786831919e-06
2.121148261527081025e-06
2.118660543874918389e-06
2.116194013583235492e-06
2.113759136180472214e-06
2.111333971387316084e-06
2.108877165880379689e-06
2.106414006992938660e-06
2.103918965602131542e-06
2.101436074203391353e-06
2.098963849335168167e-06
2.096520785247091446e-06
2.094073671753781276e-06
2.091608306292175832e-06
2.089152451567899420e-06
2.086706896386535749e-06
2.084261933282432523e-06
2.081850335511652655e-06
2.079473860205543342e-06
2.077091449241962361e-06
2.074719685866155094e-06
2.072352020479138871e-06
2.070005489896196420e-06
2.067651060368746525e-06
2.065307387645077588e-06
2.062975771427023904e-06
2.060652007093723448e-06
2.058349345264051521e-06
2.056070443724467418e-06
2.053805090368972391e-06
2.051555161760413933e-06
2.049314319786484036e-06
2.047090605814681761e-06
2.044883281135576432e-06
2.042693236873083414e-06
2.040507296507876281e-06
2.038338559928618142e-06
2.036147885454607489e-06
2.033961187178792404e-06
2.031779400590786416e-06
2.029594644216829492e-06
2.027419711148768092e-06
2.025244081645159402e-06
2.023099524774040013e-06
2.020954616268260751e-06
2.018823232718729101e-06
2.016723663674288276e-06
2.014578479424264105e-06
2.012444465006654116e-06
2.010315005277437758e-06
2.008195656528052212e-06
2.006073566547041176e-06
2.003935895254969909e-06
2.001824171993557104e-06
1.999708037434888662e-06
1.997580212769897838e-06
1.995467166932462047e-06
1.993336994502685449e-06
1.991230413237717877e-06
1.989128990911780636e-06
1.987041169887343605e-06
1.984980609171071766e-06
1.982927388455751514e-06
1.980862470412112000e-06
1.978816559132600088e-06
1.976749930279598085e-06
1.974706838759924870e-06
1.972659083088889430e-06
1.970619672177530087e-06
1.968575155883158760e-06
1.966526118667225026e-06
1.964496677211632993e-06
1.962481086596303204e-06
1.960458988299533298e-06
1.958446184163206300e-06
1.956443311004440684e-06
1.954430188280214280e-06
1.952413415999053971e-06
1.950399152342509937e-06
1.948392203366486635e-06
1.946385823230787721e-06
1.944387508513270595e-06
1.942394557551552999e-06
1.940419977272538386e-06
1.938468488470242399e-06
1.936506772358496541e-06
1.934566523499840367e-06
1.932609804373458437e-06
1.930648388357416956e-06
1.928702725426869762e-06
1.926763863542624778e-06
1.924833272743665886e-06
1.922899982031974628e-06
1.920977794567418085e-06
1.919055589861134901e-06
1.917161046550149149e-06
1.915265267553455994e-06
1.913381126121182998e-06
1.911507323966139993e-06
1.909632939923719129e-06
1.907793665691330894e-06
1.905970248775059406e-06
1.904184171980366082e-06
1.902385265603428607e-06
1.900604324905970850e-06
1.898806873700426347e-06
1.897015969060086629e-06
1.895212657097859349e-06
1.893423591919080379e-06
1.891650439934023581e-06
1.889887287268625113e-06
1.888103769439940429e-06
1.886331641539570100e-06
1.884573818365762405e-06
1.882810845175366794e-06
1.881081969134998631e-06
1.879363539550422273e-06
1.877632997435425735e-06
1.875914226088243308e-06
1.874199300955605408e-06
1.872478399837970077e-06
1.870777530586418870e-06
1.869100475364871251e-06
1.867445535590339413e-06
1.865818245816224877e-06
1.864201987415976172e-06
1.862580302573268382e-06
1.860950601038712060e-06
1.859334736497498596e-06
1.857745957509893473e-06
1.856168024679276758e-06
1.854625157665720978e-06
1.853042412412410803e-06
1.851465811603561737e-06
1.849871902620069408e-06
1.848286182037702293e-06
1.846737493297692049e-06
1.845177131936799889e-06
1.843665325045119036e-06
1.842130588820396204e-06
1.840613441058971232e-06
1.839069366681482839e-06
1.837520700472552803e-06
1.835961721075255098e-06
1.834415913779201260e-06
1.832852160212624280e-06
1.831300785441422468e-06
1.829747129738099214e-06
1.828216239197582145e-06
1.826670269747000958e-06
1.825152016370931096e-06
1.823626448389171416e-06
1.822097392302434550e-06
1.820587908677192631e-06
1.819075115940635510e-06
1.817559007591967003e-06
1.816033213575746874e-06
1.814493207725101050e-06
1.812956749133280385e-06
1.811427784082769859e-06
1.809915110994295124e-06
1.808401873935418121e-06
1.806912915789497557e-06
1.805414277170144906e-06
1.803941317762831789e-06
1.802463762667953185e-06
1.801009590417051548e-06
1.799575734293516777e-06
1.798155370663421075e-06
1.796688662412580901e-06
1.795215290141471620e-06
1.793781074640506030e-06
1.792337785807343875e-06
1.790890539127873561e-06
1.789448603774751802e-06
1.787992388459515789e-06
1.786544109332294610e-06
1.785097313935418464e-06
1.783656842340896990e-06
1.782227439981590026e-06
1.780800913101507569e-06
1.779375773805072161e-06
1.777951840974670608e-06
1.776516347318120335e-06
1.775099309265391822e-06
1.773699227766358891e-06
1.772309913714323446e-06
1.770920247140248249e-06
1.769518128040199195e-06
1.768116889218484337e-06
1.766712689054777550e-06
1.765316613629786655e-06
1.763924543935346664e-06
1.762526535524908089e-06
1.761126749567144152e-06
1.759734211904639629e-06
1.758340406342464948e-06
1.756945817375525638e-06
1.755568886102003068e-06
1.754203664954311392e-06
1.752843336625195279e-06
1.751482448965952294e-06
1.750121491381157533e-06
1.748768663957234715e-06
1.747440457429061256e-06
1.746091477276611948e-06
1.744745378247893792e-06
1.743403577944188962e-06
1.742061042908777564e-06
1.740716202831568693e-06
1.739375874301650631e-06
1.738040223812412625e-06
1.736700125453751484e-06
1.735384891583046738e-06
1.734055736582370298e-06
1.732754962986196703e-06
1.731442504562022112e-06
1.730139583953231055e-06
1.728837919024724134e-06
1.727537044424658585e-06
1.726236533167960017e-06
1.724923807209149437e-06
1.723623666394711195e-06
1.722327467775411667e-06
1.721033364827537452e-06
1.719724247742137443e-06
1.718424364470376248e-06
1.717119941454619799e-06
1.715827653358941847e-06
1.714545138205145982e-06
1.713270702786604340e-06
1.711992308655815181e-06
1.710729321104407973e-06
1.709480446762132832e-06
1.708231293029937237e-06
1.706994605383325968e-06
1.705754567061036858e-06
1.704525931389149476e-06
1.703295336927834048e-06
1.702073953942853801e-06
1.700842806023240192e-06
1.699608266420199195e-06
1.698379364766444976e-06
1.697155524324826178e-06
1.695933507265484725e-06
1.694703292013990581e-06
1.693495887653163808e-06
1.692292480237805894e-06
1.691086824318942267e-06
1.689874905336797064e-06
1.688662810847542660e-06
1.687456045623151602e-06
1.686253384787282338e-06
1.685036542486962586e-06
1.683827714126606680e-06
1.682622275915417738e-06
1.681424700071982905e-06
1.680227896835347700e-06
1.679031428266123788e-06
1.677843830524769116e-06
1.676664040914586337e-06
1.675483762412360474e-06
1.674318022929624746e-06
1.673160646940501441e-06
1.672011732868080694e-06
1.670852338925644666e-06
1.669720161234211228e-06
1.668573751876546294e-06
1.667442028804669553e-06
1.666319495265417485e-06
1.665209098347229858e-06
1.664092120201801875e-06
1.662992487267001050e-06
1.661899470877770829e-06
1.660819741485940028e-06
1.659748143611683582e-06
1.658658156875818447e-06
1.657590139981823560e-06
1.656508107108752271e-06
1.655433510980076275e-06
1.654367841449177033e-06
1.653307066659315753e-06
1.652263255995242592e-06
1.651180042777801119e-06
1.650092936147491184e-06
1.649001557801628639e-06
1.647911728156360706e-06
1.646841500831483153e-06
1.645768193366297183e-06
1.644697974383514244e-06
1.643629686726471076e-06
1.642574979477531903e-06
1.641512953876854811e-06
1.640456056321866644e-06
1.639429239519253857e-06
1.638382552621839157e-06
1.637334563359412908e-06
1.636274708959125958e-06
1.635209468556699559e-06
1.634143251191350494e-06
1.633092346209430439e-06
1.632055155809240102e-06
1.631017776636311937e-06
1.629980136778465635e-06
1.628937854536006761e-06
1.627875636850507305e-06
1.626817002845465177e-06
1.625746583744150475e-06
1.624689062311438355e-06
1.623638368127588422e-06
1.622585207408566928e-06
1.621525968688712775e-06
1.620479334576900993e-06
1.619435650782594543e-06
1.618398982522671368e-06
1.617365569829145415e-06
1.616332454696238295e-06
1.615299919756077533e-06
1.614265327459721260e-06
1.613242763114633074e-06
1.612220699773012870e-06
1.611209474833124862e-06
1.610197863012699177e-06
1.609195715446889505e-06
1.608200644538544522e-06
1.607227403572444800e-06
1.606256522530940813e-06
1.605285148084453445e-06
1.604320243976326482e-06
1.603361606715855530e-06
1.602400320733691890e-06
1.601444753740160532e-06
1.600480685147577801e-06
1.599513192881539474e-06
1.598545774294253370e-06
1.597580411639281968e-06
1.596604957191258317e-06
1.595630600432434732e-06
1.594665923915620281e-06
1.593690461917058753e-06
1.592715995656351763e-06
1.591733704981679226e-06
1.590747437878746384e-06
1.589752818637607607e-06
1.588766838242402959e-06
1.587775633988083291e-06
1.586799158924802547e-06
1.585811535144586770e-06
1.584827173727168520e-06
1.583845858068525278e-06
1.582869820884226290e-06
1.581896501572868880e-06
1.580925886779445926e-06
1.579969572934427333e-06
1.579001774485284784e-06
1.578044118726665883e-06
1.577086232821444226e-06
1.576123838984653256e-06
1.575160047145868380e-06
1.574200227402684523e-06
1.573233577258310074e-06
1.572267901976331989e-06
1.571306691411149919e-06
1.570348742121266126e-06
1.569397500675035279e-06
1.568456211195627524e-06
1.567510126619708911e-06
1.566581685340882388e-06
1.565642187664591078e-06
1.564717020745567441e-06
1.563784685357155246e-06
1.562856076681714152e-06
1.561935972382894966e-06
1.561020375239811407e-06
1.560106416167750727e-06
1.559172773910459044e-06
1.558237851004839677e-06
1.557309850892101081e-06
1.556387515708501941e-06
1.555464138758448874e-06
1.554546033143821446e-06
1.553626353958457830e-06
1.552711161334760670e-06
1.551805671365253144e-06
1.550890110932153791e-06
1.549984519520598567e-06
1.549073304507208260e-06
1.548168314942615848e-06
1.547260871859820216e-06
1.546364414814052881e-06
1.545462690816956118e-06
1.544570679855209827e-06
1.543675736520772804e-06
1.542778918712803260e-06
1.541890786407075819e-06
1.541005184369282548e-06
1.540119773546215258e-06
1.539233660974487836e-06
1.538341085207895358e-06
1.537459415185981700e-06
1.536564719653834110e-06
1.535665242360114878e-06
1.534769413958925377e-06
1.533873685596834221e-06
1.532977318707970537e-06
1.532084204040588967e-06
1.531185469466932805e-06
1.530279268706074972e-06
1.529379498708792597e-06
1.528486767114552970e-06
1.527587310410719624e-06
1.526696116015988407e-06
1.525796280057981863e-06
1.524900776256276871e-06
1.524002640287294288e-06
1.523093482132639583e-06
1.522191975149103016e-06
1.521291455157577321e-06
1.520387703044821016e-06
1.519486497074248640e-06
1.518592078707980222e-06
1.517705893718989287e-06
1.516811014284992878e-06
1.515929168349594104e-06
1.515046969823752797e-06
1.514165363780180104e-06
1.513284554702714479e-06
1.512408163639667193e-06
1.511532708225466313e-06
1.510652488601421785e-06
1.509777189875959841e-06
1.508903500436101116e-06
1.508030257357258344e-06
1.507155832462860544e-06
1.506289621894909392e-06
1.505432118717182222e-06
1.504571156170274947e-06
1.503716821385126853e-06
1.502859592948435709e-06
1.502003767710728388e-06
1.501141779535460509e-06
1.500283615035602935e-06
1.499419839378767155e-06
1.498559267480013447e-06
1.497699004031721024e-06
1.496839110859138109e-06
1.495984559192926947e-06
1.495132861785786507e-06
1.494284041431380174e-06
1.493431011120495427e-06
1.492579530844990305e-06
1.491727436755213776e-06
1.490869056455492151e-06
1.490013336315286644e-06
1.489161634465140970e-06
1.488310108391956276e-06
1.487457638580829776e-06
1.486613058128351350e-06
1.485769682955001650e-06
1.484926344569352488e-06
1.484089880866663397e-06
1.483251125457058662e-06
1.482416871799646206e-06
1.481583224346087132e-06
1.480751219853806507e-06
1.479921279678118498e-06
1.479091759710886397e-06
1.478262514082710297e-06
1.477429806048593803e-06
1.476602318704484203e-06
1.475777497467273901e-06
1.474954826846776606e-06
1.474128126429911106e-06
1.473305470756894964e-06
1.472486229365333573e-06
1.471669102255388236e-06
1.470853362509356048e-06
1.470040031274513803e-06
1.469230659847962767e-06
1.468421683254066242e-06
1.467613091176534888e-06
1.466808524702790737e-06
1.466006361957848485e-06
1.465210054581393052e-06
1.464416388697700675e-06
1.463621309331892241e-06
1.462834017566899290e-06
1.462047337578762175e-06
1.461254583096367984e-06
1.460460441492078074e-06
1.459668620237127367e-06
1.458880823805695747e-06
1.458094453433796868e-06
1.457305624922503238e-06
1.456524359643429631e-06
1.455741279293056477e-06
1.454964474114695808e-06
1.454190316711674338e-06
1.453417899586645863e-06
1.452634994137479551e-06
1.451856806734279772e-06
1.451078051866467766e-06
1.450299210998743539e-06
1.449519182683163382e-06
1.448743307576336960e-06
1.447969942179457234e-06
1.447193110751004487e-06
1.446421218752412725e-06
1.445656018667109912e-06
1.444894712630294378e-06
1.444138475847937989e-06
1.443383178101109673e-06
1.442632559889740573e-06
1.441879210634268102e-06
1.441128596257246901e-06
1.440382879638985826e-06
1.439641421548574918e-06
1.438901409432380068e-06
1.438158852285408466e-06
1.437425342346635547e-06
1.436682951341601858e-06
1.435940518537954971e-06
1.435205291255754679e-06
1.434465194977853311e-06
1.433728020089018642e-06
1.432991529514096017e-06
1.432253703012928598e-06
1.431512730643743123e-06
1.430781171187088525e-06
1.430047163052576979e-06
1.429314844197294806e-06
1.428589697487060643e-06
1.427873014652372350e-06
1.427152552438722526e-06
1.426437970808471880e-06
1.425721544880269223e-06
1.425004367540692233e-06
1.424292550631295075e-06
1.423580040106018699e-06
1.422869613171484104e-06
1.422163508892406905e-06
1.421464535470438563e-06
1.420767859877562766e-06
1.420079161347778886e-06
1.419387749323000603e-06
1.418696726233868179e-06
1.418008411429554478e-06
1.417317714850478950e-06
1.416637323239405487e-06
1.415953462484997972e-06
1.415279691259480651e-06
1.414605474981360864e-06
1.413931706715348497e-06
1.413259484849738660e-06
1.412586802378803952e-06
1.411925700662953031e-06
1.411262025441329721e-06
1.410602234355798885e-06
1.409938749310266580e-06
1.409275284620448586e-06
1.408613972449042467e-06
1.407949274979354441e-06
1.407293125891025937e-06
1.406630409214026053e-06
1.405967450348220589e-06
1.405309531952090306e-06
1.404653637990329673e-06
1.403999891186957695e-06
1.403340033557556717e-06
1.402678599102131750e-06
1.402023141009034522e-06
1.401364006964342480e-06
1.400708025940532027e-06
1.400055717102214569e-06
1.399405824862027814e-06
1.398758878121774293e-06
1.398108087192558130e-06
1.397459944082543496e-06
1.396809736640919200e-06
1.396159400083498573e-06
1.395512221848799848e-06
1.394872529337956363e-06
1.394243766415172007e-06
1.393606574654904709e-06
1.392978712453034629e-06
1.392346643944104507e-06
1.391710290150527290e-06
1.391076186832894824e-06
1.390439771282482965e-06
1.389802702007869861e-06
1.389158746509658702e-06
1.388530470900888272e-06
1.387908177725554866e-06
1.387287838366740672e-06
1.386675708916451078e-06
1.386061066320971450e-06
1.385453887170547993e-06
1.384845695068631814e-06
1.384239207983853168e-06
1.383635642649595378e-06
