5.415475000009051243e-05
5.897240339628065462e-04
4.831602542838758590e-04
4.198610136405946732e-04
3.782247552467149151e-04
3.471023457672643329e-04
3.405998050742453567e-04
3.284403425461095258e-04
3.109128017151403952e-04
2.949649322524822864e-04
2.815396698294445445e-04
2.712784233993692897e-04
2.613540239894981509e-04
2.607011497474669322e-04
2.529889775403769848e-04
2.481490303487378173e-04
2.433642099936215953e-04
2.471572258586402946e-04
2.446429545882891046e-04
2.451404311719865975e-04
2.416509974080563125e-04
2.364152251111549692e-04
2.320133904457042946e-04
2.274040955206089532e-04
2.231425531931294736e-04
2.200891432520896336e-04
2.165308780079045967e-04
2.131727152080462951e-04
2.095104828530874202e-04
2.059898729783102820e-04
2.034408640198100073e-04
2.003132602417053874e-04
1.975168117424027715e-04
1.948756932396137514e-04
1.927630121919898061e-04
1.922515184435187737e-04
1.913766279286661411e-04
1.901378343301821441e-04
1.898916944790864092e-04
1.889475549865048240e-04
1.875443120595632947e-04
1.857310231236324180e-04
1.837060636390619082e-04
1.819574195916539357e-04
1.801185430022310418e-04
1.782642131553894974e-04
1.765107855154187451e-04
1.751543552373207983e-04
1.735674477077204928e-04
1.719281964722508605e-04
1.703511301111600010e-04
1.688617986007610633e-04
1.673825015433837464e-04
1.659577590363148366e-04
1.646636228269818887e-04
1.634325997316336885e-04
1.620187618803062865e-04
1.607116608237687660e-04
1.595721135512406178e-04
1.583541911593585065e-04
1.571576018210615996e-04
1.559862998358314227e-04
1.547485818826205544e-04
1.535684394971845266e-04
1.523858888676220833e-04
1.512999213180500656e-04
1.502468615211480522e-04
1.491380593281556365e-04
1.480640630005303270e-04
1.470232823890986278e-04
1.459930327659572343e-04
1.450000119866250723e-04
1.440061118116711582e-04
1.430333664788202834e-04
1.420893910930187839e-04
1.411515399492961620e-04
1.402344739155319121e-04
1.393394467981064221e-04
1.384840499220186649e-04
1.376837341866597264e-04
1.368964077070305562e-04
1.361315242161960880e-04
1.353811496107805890e-04
1.347007007088504209e-04
1.339834018028350439e-04
1.332077183747061165e-04
1.324481348390127477e-04
1.316936061217286824e-04
1.309546871765378880e-04
1.302269919748153557e-04
1.295138071083797417e-04
1.288094425429535557e-04
1.281157234577431101e-04
1.274341084470003490e-04
1.267616881260541051e-04
1.261211747229667611e-04
1.254697117538189832e-04
1.248359175886149062e-04
1.242058172260865605e-04
1.236034243195214568e-04
1.230011786901357102e-04
1.224895291195310799e-04
1.219928071876548448e-04
1.215465359490215094e-04
1.210316071463379123e-04
1.205101227498177124e-04
1.200057180491463470e-04
1.195107771777401855e-04
1.190213768244546399e-04
1.185909521226819266e-04
1.180701363975648595e-04
1.176000604776746250e-04
1.171458705595248358e-04
1.166596539008099733e-04
1.161642075091019912e-04
1.156650206430015476e-04
1.151716551693724886e-04
1.147009413734754514e-04
1.142308095517101553e-04
1.137583584707115741e-04
1.133104848196394291e-04
1.129130552113900333e-04
1.124983090984699836e-04
1.121169656473824044e-04
1.117240625432559098e-04
1.113104639495016905e-04
1.108946707308476116e-04
1.104790172161314988e-04
1.100895150685652415e-04
1.096850154393123764e-04
1.093206897213752453e-04
1.089653606213115375e-04
1.085949935248139574e-04
1.082349681607236772e-04
1.078371296797658586e-04
1.074558046197029038e-04
1.070634287355245957e-04
1.066758738554164312e-04
1.062922661371477250e-04
1.059172797065800233e-04
1.055637161192143756e-04
1.052136508374830118e-04
1.048521973163233604e-04
1.044908063517773118e-04
1.041321650248539963e-04
1.037756399356582583e-04
1.034298071569010927e-04
1.030863083354892975e-04
1.027437607944185007e-04
1.024160333749095830e-04
1.021093925344554687e-04
1.017943204950440457e-04
1.014755141187127443e-04
1.011970917763290362e-04
1.009539207402236415e-04
1.007006123658029035e-04
1.004692095774630667e-04
1.002007927986184305e-04
9.991750585197484960e-05
9.964336792390420113e-05
9.937245128309372228e-05
9.911721375630500790e-05
9.888478417213206553e-05
9.863815876986671983e-05
9.840190578254675441e-05
9.816176436613368531e-05
9.794116106795334358e-05
9.771930137370137578e-05
9.757390471777185902e-05
9.740993802693092586e-05
9.725021771135213932e-05
9.711540839146423577e-05
9.694330549666451541e-05
9.676875878898690355e-05
9.658925737910723690e-05
9.644514829270767859e-05
9.632212166094899196e-05
9.619798474116429048e-05
9.605444187383447771e-05
9.588511070831981151e-05
9.572032438557533834e-05
9.554110747134421432e-05
9.536727088681712470e-05
9.523305775047668381e-05
9.505525137967159907e-05
9.490115766383464316e-05
9.473494478269609248e-05
9.454875712098896731e-05
9.439512938802647709e-05
9.422117573957469858e-05
9.411064661484660576e-05
9.398325292819885001e-05
9.391129708464624707e-05
9.378877501717931614e-05
9.369324716598900933e-05
9.353950488950784682e-05
9.335396645890330243e-05
9.317988554830417046e-05
9.299613354385136718e-05
9.284049391576673757e-05
9.268089132418430088e-05
9.253409990210825211e-05
9.242717327383042508e-05
9.231644983040872287e-05
9.222428140851066016e-05
9.211235925254335135e-05
9.200445769861539936e-05
9.185581196985431610e-05
9.171647266823368253e-05
9.159288130930419414e-05
9.145984821253634774e-05
9.132124656771237583e-05
9.119266621016788724e-05
9.108125470783006773e-05
9.096829261384736462e-05
9.083150116251032034e-05
9.068080508923028729e-05
9.054067595936394640e-05
9.041440315000095053e-05
9.030162390160977959e-05
9.017883226864500902e-05
9.005754500414602914e-05
8.991188073508310388e-05
8.976251169547339959e-05
8.962397129902831424e-05
8.949197628446257534e-05
8.934102597715414082e-05
8.919688311903517985e-05
8.904000731505733396e-05
8.887607166809971223e-05
8.870169534522671364e-05
8.852876163261948423e-05
8.835672675039434000e-05
8.818659640612309524e-05
8.802046948357812692e-05
8.785012313516880346e-05
8.768855155006983527e-05
8.751269373932854133e-05
8.734395996996618342e-05
8.716615108429744227e-05
8.699324946211131290e-05
8.681917695282329473e-05
8.664583030666292375e-05
8.647260148651584894e-05
8.630245565491221325e-05
8.613847346249350260e-05
8.596886958169388431e-05
8.579868132727019034e-05
8.562796165462336284e-05
8.545751539977563833e-05
8.528963375825941631e-05
8.512154762488864657e-05
8.495316465929188233e-05
8.479119264021306196e-05
8.462868610924609476e-05
8.447085792222394033e-05
8.431557516035447831e-05
8.415610101307936938e-05
8.401098092138364719e-05
8.386752090542276127e-05
8.372508041496887546e-05
8.357337435792410298e-05
8.342722760663202734e-05
8.328540639680082774e-05
8.315689262868326413e-05
8.302184117170842252e-05
8.288052766475036018e-05
8.274351069601889783e-05
8.260298732467780450e-05
8.247103084003358780e-05
8.232633346374154833e-05
8.218846306238174009e-05
8.205106372322117569e-05
8.190935092635304475e-05
8.176873655589228062e-05
8.163100609671772659e-05
8.149273515235851552e-05
8.134942602624086578e-05
8.120600156603657459e-05
8.106789991492601333e-05
8.092648833936181803e-05
8.078443729122020665e-05
8.064433987701444045e-05
8.050304073113179019e-05
8.036209836407158156e-05
8.022169924847286158e-05
8.008205568518788914e-05
7.994296977770766986e-05
7.980745132630459322e-05
7.966979998686352267e-05
7.953350329738656771e-05
7.939727681333574785e-05
7.926217983802309578e-05
7.913068677857149525e-05
7.900057842273059338e-05
7.886817095416925514e-05
7.873618223308830608e-05
7.860413204118107088e-05
7.847282479528167791e-05
7.834249588001419146e-05
7.821268416805844540e-05
7.808380328419914492e-05
7.795497058750218043e-05
7.782756657233798087e-05
7.770036859412877527e-05
7.757514121735873140e-05
7.745354066487289012e-05
7.733505780249106917e-05
7.721203473839074473e-05
7.709922589990933516e-05
7.698624220366617852e-05
7.687020925954687954e-05
7.675492829998239259e-05
7.663874598862903105e-05
7.652082418494937969e-05
7.640010745622353929e-05
7.627969692272702665e-05
7.615990286926992148e-05
7.604048131308256719e-05
7.592366887502070339e-05
7.580534725723586198e-05
7.568801620367183840e-05
7.557370748677417853e-05
7.546365015779581120e-05
7.534978600197359000e-05
7.523919716575788459e-05
7.512786166321065945e-05
7.501573818498824639e-05
7.490332727785965002e-05
7.479246628117085845e-05
7.468089213917560064e-05
7.457087184734487412e-05
7.446062631811061730e-05
7.435347243775479486e-05
7.424299867097534163e-05
7.413493642876231040e-05
7.402565885338279091e-05
7.391823662456685701e-05
7.381009148939448347e-05
7.370153846771146421e-05
7.359465730957402609e-05
7.348715574248231562e-05
7.338234989549496609e-05
7.327593081764102896e-05
7.317094463925561765e-05
7.306691000840950985e-05
7.296559306228695980e-05
7.286204909444738765e-05
7.276168301702563173e-05
7.265890416474873577e-05
7.255553085464490934e-05
7.245471296393633722e-05
7.235300163166220237e-05
7.225148573874190928e-05
7.215000900661838680e-05
7.204917726099533879e-05
7.194821629561519026e-05
7.184853990595922182e-05
7.174930725124935239e-05
7.164959756401379236e-05
7.155031397828331865e-05
7.145160599834527219e-05
7.135312708613029465e-05
7.125629584764466473e-05
7.115880902617578978e-05
7.106153199879873593e-05
7.096478680400335876e-05
7.086834091101504784e-05
7.077231767387383906e-05
7.067661562724519852e-05
7.058130642051237071e-05
7.048667729905892180e-05
7.039212777730143456e-05
7.029801574308882262e-05
7.020426870080166085e-05
7.011101334063421400e-05
7.001805474644491893e-05
6.992537693892826394e-05
6.983375779312723294e-05
6.974447047137839631e-05
6.965698866871689379e-05
6.956913381211692917e-05
6.947892056672977997e-05
6.938980683383328795e-05
6.930071953943872350e-05
6.921350676842064650e-05
6.912656036382297227e-05
6.904311684259616848e-05
6.895631068347510316e-05
6.887159966230426734e-05
6.878885803159693756e-05
6.870893317252005795e-05
6.862760921085315634e-05
6.854811504106350293e-05
6.846845520072614806e-05
6.838761848069490235e-05
6.830745062515759922e-05
6.822810532798470823e-05
6.814555158169295071e-05
6.806373249187458484e-05
6.798191507106588957e-05
6.789895343585272214e-05
6.781664463350308770e-05
6.773398952320343108e-05
6.765043894024540207e-05
6.756707464673993274e-05
6.748403067939903689e-05
6.740128263302389185e-05
6.731883608063000317e-05
6.723674636345485000e-05
6.715490603003300950e-05
6.707336251691015355e-05
6.699260417285079876e-05
6.691164727583985723e-05
6.683103417430991816e-05
6.675099941967764137e-05
6.667091424889887369e-05
6.659137917777756873e-05
6.651393948310340538e-05
6.643585510396961703e-05
6.636024217816368048e-05
6.628480985656111650e-05
6.621052142444858581e-05
6.613695217423652976e-05
6.606690954699779108e-05
6.599561546961599430e-05
6.592378617124382658e-05
6.585149026902301452e-05
6.578514676556048747e-05
6.572092470137814611e-05
6.565370945730176089e-05
6.558999498133935612e-05
6.552792879997739709e-05
6.546845043044656682e-05
6.540811332674938703e-05
6.534650385368050596e-05
6.529017237849630369e-05
6.523222381538677133e-05
6.518325913297518502e-05
6.513202334784852889e-05
6.507927791951852615e-05
6.502598206736850245e-05
6.497219232607431079e-05
6.492038508742084915e-05
6.486945592899349825e-05
6.481563747872145750e-05
6.476375870643090915e-05
6.471036282043830725e-05
6.466208851401615641e-05
6.461512080987390878e-05
6.456225352885151391e-05
6.450820257082296274e-05
6.445270419025126189e-05
6.439705224358399801e-05
6.434182928345787546e-05
6.428269695088146619e-05
6.422652510241854242e-05
6.416842315036552259e-05
6.411097309214442775e-05
6.405889903224170755e-05
6.400460527683794732e-05
6.394820661639978923e-05
6.389444429573406885e-05
6.384426167330602348e-05
6.379101030228901011e-05
6.373941837975497470e-05
6.368523076705074324e-05
6.362593266348187421e-05
6.356657044449674126e-05
6.350869784206572490e-05
6.345090798966862512e-05
6.339127287574544049e-05
6.333124222787005295e-05
6.327336716902512588e-05
6.321087897173311202e-05
6.314719763098234988e-05
6.308488773751535562e-05
6.302296606343041785e-05
6.296156194134711526e-05
6.290358426313340224e-05
6.284415094102765846e-05
6.278585389571503033e-05
6.272765914140146471e-05
6.266768576406843026e-05
6.260697423031514404e-05
6.254582786801047775e-05
6.248541079458952961e-05
6.242491315471300202e-05
6.236326663258071881e-05
6.230054633209380552e-05
6.224006225772306584e-05
6.217965021454552430e-05
6.211893493662023276e-05
6.206115479195249078e-05
6.200369767173162083e-05
6.194571309812326571e-05
6.188899671760096535e-05
6.183102219804441249e-05
6.177409185321136554e-05
6.171679392897090903e-05
6.166105913510172738e-05
6.160782696379317393e-05
6.155819980221609539e-05
6.150858163159487807e-05
6.145829877606673319e-05
6.140308952325272435e-05
6.134818808600940978e-05
6.129309197513057987e-05
6.123951324888526058e-05
6.118665509056723443e-05
6.113346962670435851e-05
6.108301969624270857e-05
6.103150842266773501e-05
6.098069130036384535e-05
6.093194369475138139e-05
6.087999125161817270e-05
6.082630934184123561e-05
6.077298132078522483e-05
6.071950622047139713e-05
6.066759171731672630e-05
6.061554897715115410e-05
6.056515618619293296e-05
6.051173075296330527e-05
6.045687704830693025e-05
6.040118354889618154e-05
6.034625925639053366e-05
6.029069428567417955e-05
6.023616162789266010e-05
6.018155959336646900e-05
6.012984415606182443e-05
6.007813324091342959e-05
6.002583507143363547e-05
5.997581961470370345e-05
5.992510840064674174e-05
5.987468038066465312e-05
5.982437550534540707e-05
5.977334325423790481e-05
5.972259734481850176e-05
5.967077755677804802e-05
5.962137376848680709e-05
5.957366393907924580e-05
5.952338562949842582e-05
5.947299588210855885e-05
5.942501041354015525e-05
5.937873176582452334e-05
5.933358408064337108e-05
5.928842669827806208e-05
5.924548200040073259e-05
5.920010240325061546e-05
5.915644258712735520e-05
5.910991550682623215e-05
5.906532803048673006e-05
5.901995306169810230e-05
5.897683654459790154e-05
5.893317898530099955e-05
5.889016341957937589e-05
5.884846474079544475e-05
5.880563606043248383e-05
5.876085842115148333e-05
5.871621741516213874e-05
5.867225480843898011e-05
5.862556983662509948e-05
5.857824692856337191e-05
5.852972339310630280e-05
5.848151476331927569e-05
5.843298070567958728e-05
5.838285409632199197e-05
5.833381987810331421e-05
5.828411537595358912e-05
5.823662625756182316e-05
5.818664980111253011e-05
5.813683003714914814e-05
5.808714673514409017e-05
5.803762192710759882e-05
5.798785988724461881e-05
5.793951943763310622e-05
5.789089123940969550e-05
5.784241446695423270e-05
5.779413639867524833e-05
5.774590006597407372e-05
5.769763997565024636e-05
5.764925843861684395e-05
5.760193662133090151e-05
5.755453965371673118e-05
5.750688855455307071e-05
5.745970424864909568e-05
5.741229867633295921e-05
5.736430278792837168e-05
5.731649350478190561e-05
5.726862520823476025e-05
5.722131822101213586e-05
5.717429522523742320e-05
5.712681605310577457e-05
5.707924085607395673e-05
5.703159003351639296e-05
5.698446530854592079e-05
5.693692450373375239e-05
5.688957247937344639e-05
5.684271787602680737e-05
5.679551105381772097e-05
5.674841850779652587e-05
5.670168920353202511e-05
5.665476548778145558e-05
5.660888473158929099e-05
5.656297138539859615e-05
5.651767359318702781e-05
5.647275838358230325e-05
5.642792829568624451e-05
5.638310218772628351e-05
5.633961816082285346e-05
5.629544084036321248e-05
5.625186718119254365e-05
5.620968402201899529e-05
5.616979408072493248e-05
5.613094805206354370e-05
5.609129122283540658e-05
5.605505823062944290e-05
5.602051211524380241e-05
5.598511058581229032e-05
5.594981271254122906e-05
5.591305142600712082e-05
5.587572150706643658e-05
5.583637679008994503e-05
5.580025940387004201e-05
5.576584155693642051e-05
5.573404077626823165e-05
5.570344362064219286e-05
5.567108502203429017e-05
5.563922231752763500e-05
5.560604436361836554e-05
5.557380083732888355e-05
5.554128114490413298e-05
5.550958171812730860e-05
5.547661824875470401e-05
5.544729389852443355e-05
5.541696381945165743e-05
5.538768642068074962e-05
5.535741157601483840e-05
5.532711123476595320e-05
5.529685145259579407e-05
5.526581157188545357e-05
5.523778087473600704e-05
5.520602019257183707e-05
5.517700579877236834e-05
5.514851377877108161e-05
5.511975818059913253e-05
5.509081108841458100e-05
5.506226643244254408e-05
5.503355986676143109e-05
5.500247736693727254e-05
5.497019520223871537e-05
5.493975075409512546e-05
5.490894690886336871e-05
5.488019160389376490e-05
5.484988509858229253e-05
5.482355517985257071e-05
5.479722188443692801e-05
5.477217957398609628e-05
5.474820605617110693e-05
5.472374566917635947e-05
5.469805250856536391e-05
5.467386669550467420e-05
5.465038697555788736e-05
5.462654843897227788e-05
5.460026990591793392e-05
5.457309999853205904e-05
5.454693057354154643e-05
5.451740268325981094e-05
5.448653772129338844e-05
5.445962193687853183e-05
5.442990005831312139e-05
5.440032082718760525e-05
5.436999773040826180e-05
5.434380610312681978e-05
5.431548248952340938e-05
5.428484873570789187e-05
5.425303287304464263e-05
5.422272439324488905e-05
5.419601122530686517e-05
5.416849020145763938e-05
5.414106642063504650e-05
5.411191700722867327e-05
5.408396489156708079e-05
5.405573855383272511e-05
5.402635935095302059e-05
5.399833024242309590e-05
5.396753631341238169e-05
5.393766379511970305e-05
5.390694708362418059e-05
5.387820451249927649e-05
5.384942329961392665e-05
5.382254227758472129e-05
5.379370725300080511e-05
5.376634926969342141e-05
5.373905536283598070e-05
5.371069688959698607e-05
5.368549598181906996e-05
5.365877327204590316e-05
5.362965586651735736e-05
5.360149375200737618e-05
5.357460564132165900e-05
5.354914703015414986e-05
5.352137851585146613e-05
5.349387612151264347e-05
5.346511634896701130e-05
5.343877923199347098e-05
5.340943888582896161e-05
5.337985174350862069e-05
5.334989390150203428e-05
5.331886260613437632e-05
5.328805786380373677e-05
5.325839927831896889e-05
5.322917321752691203e-05
5.319950608679282426e-05
5.316946462441130412e-05
5.314237079879448111e-05
5.311471250900977331e-05
5.308705506241265259e-05
5.305986137978523656e-05
5.303138897393897656e-05
5.300319463518856847e-05
5.297472041892275059e-05
5.294751423656179331e-05
5.292152356182093585e-05
5.289566128407608271e-05
5.287111961070920457e-05
5.284988160007492646e-05
5.282667064353568540e-05
5.280311267505119011e-05
5.278165910829721216e-05
5.276279001395093254e-05
5.274342658555673433e-05
5.272310458218704349e-05
5.270225092409055849e-05
5.268064856941845754e-05
5.265903405325333899e-05
5.263818650252798001e-05
5.261715903410303332e-05
5.259622363363470482e-05
5.257326872753656743e-05
5.254855867709245474e-05
5.252620714603454264e-05
5.250301096136452203e-05
5.247623387177238871e-05
5.245108371947487114e-05
5.242781297515115206e-05
5.240504277772221859e-05
5.238373764577240223e-05
5.236062688145961126e-05
5.233828431438767898e-05
5.231791428949767483e-05
5.229865208905166703e-05
5.227839027491275255e-05
5.225932391008933158e-05
5.224281695808611329e-05
5.222270612850029236e-05
5.220497375411015177e-05
5.218748617207244239e-05
5.216998537814667428e-05
5.214995050465992299e-05
5.212839078152716621e-05
5.210582389867104508e-05
5.208073914480097110e-05
5.205663735598078186e-05
5.203166698295748192e-05
5.200549756331941794e-05
5.198108665401319795e-05
5.195591009887929479e-05
5.193130670054600385e-05
5.190494620566735590e-05
5.188056578225802389e-05
5.185548205897349926e-05
5.182975735777680195e-05
5.180481393817230120e-05
5.177864198952435133e-05
5.175276083993994840e-05
5.172524567308541465e-05
5.169880102037414748e-05
5.167286506270970018e-05
5.164633773595888943e-05
5.161988316280966346e-05
5.159222098005549243e-05
5.156555208104236592e-05
5.153747953361314697e-05
5.150950523979080481e-05
5.148260226612869165e-05
5.145811294250456574e-05
5.143141669765276524e-05
5.140638966795471832e-05
5.138111423562736102e-05
5.135574048807887970e-05
5.133076352466089335e-05
5.130554039061383258e-05
5.127949001585700755e-05
5.125453656390649979e-05
5.122961352234243386e-05
5.120359881683105919e-05
5.117844402433806685e-05
5.115150147576410432e-05
5.112633822079099211e-05
5.109964375425635663e-05
5.107399074323685758e-05
5.104878477143045347e-05
5.102387213645891996e-05
5.100073929027844290e-05
5.097738011906834582e-05
5.095467368257210325e-05
5.093365922377220427e-05
5.091341628687372494e-05
5.089488901291341314e-05
5.087621331509942913e-05
5.085897258631315559e-05
5.084263590681114127e-05
5.082630806794177997e-05
5.081003256221221383e-05
5.079308951656323585e-05
5.077746141871343727e-05
5.076073900342398845e-05
5.074325311740804042e-05
5.072577563234127241e-05
5.070868354761242947e-05
5.069333933952716465e-05
5.067717199129475778e-05
5.065953776636463926e-05
5.064356537056999757e-05
5.062258112503275611e-05
5.060160379626084544e-05
5.058305151789530327e-05
5.056414633762876774e-05
5.054532964340981616e-05
5.052647150608054817e-05
5.050547572154764984e-05
5.048517592328605224e-05
5.046695820812396562e-05
5.044639158033877664e-05
5.042590973891105408e-05
5.040590276828143130e-05
5.038636150358701574e-05
5.036832596429296154e-05
5.035365470649438537e-05
5.033889329049510020e-05
5.032543531501723166e-05
5.030920315752114265e-05
5.029406080994470914e-05
5.027861234532687195e-05
5.026222513623467491e-05
5.024411173787469905e-05
5.022879083376918574e-05
5.020988341332478550e-05
5.019004320651740327e-05
5.017154223609039719e-05
5.015238238109137348e-05
5.013453423641295239e-05
5.011601437846134534e-05
5.009640662498594360e-05
5.007538343153176193e-05
5.005431520739082705e-05
5.003259800641935833e-05
5.001040748837559967e-05
4.998846564627353674e-05
4.996717010390021519e-05
4.994452577101211735e-05
4.992227175535978643e-05
4.989848638078912151e-05
4.987506009422695727e-05
4.985111241556238767e-05
4.982604395909483489e-05
4.980105600375665846e-05
4.977611423788803533e-05
4.975017693131081239e-05
4.972527895221837574e-05
4.970006753606582585e-05
4.967563237694572474e-05
4.965116449609877238e-05
4.962671644424412285e-05
4.960410845533270167e-05
4.958002494482295045e-05
4.955556768215828908e-05
4.952993071859656589e-05
4.950471100188997848e-05
4.947947243006350595e-05
4.945413215032139784e-05
4.942841816100303177e-05
4.940275749001668787e-05
4.937786642951351500e-05
4.935278107193833970e-05
4.932783183226100137e-05
4.930231858395517949e-05
4.927752023050445672e-05
4.925299188795007955e-05
4.922862223126717261e-05
4.920330795233227787e-05
4.917799787321263592e-05
4.915266138963016960e-05
4.912728006409281304e-05
4.910178239626743945e-05
4.907666509049630365e-05
4.905088684377104704e-05
4.902511180347104161e-05
4.899911684665819305e-05
4.897298514594094349e-05
4.894668750985307952e-05
4.892134457389266106e-05
4.889530555612103287e-05
4.886956741222723226e-05
4.884445734882345361e-05
4.881945823564958799e-05
4.879507088728895483e-05
4.877125874888508161e-05
4.874747057113204107e-05
4.872364636486220134e-05
4.869997598155999003e-05
4.867622853382924355e-05
4.865425580695135793e-05
4.863211385567858580e-05
4.861117303091605800e-05
4.859087612043543747e-05
4.857068189324627918e-05
4.854875127289234957e-05
4.852723684124047210e-05
4.850588236761343411e-05
4.848521289043203629e-05
4.846350586246566538e-05
4.844201979683612140e-05
4.842128665366112427e-05
4.839929922559140277e-05
4.837778521209366373e-05
4.835607531625576419e-05
4.833488627566051522e-05
4.831338718760025581e-05
4.829222423999981676e-05
4.827066607786677542e-05
4.824975343904106104e-05
4.822778679762168108e-05
4.820582403489428541e-05
4.818496817772248728e-05
4.816298744745673224e-05
4.813978846396275421e-05
4.811732125459645889e-05
4.809329356744270942e-05
4.806961179036909406e-05
4.804638646664081459e-05
4.802350509803392524e-05
4.800047930222347468e-05
4.797709903843384459e-05
4.795375569575883795e-05
4.793028866059374972e-05
4.790749995242761592e-05
4.788518880985774258e-05
4.786287021920717673e-05
4.784038721037901104e-05
4.781861402383446512e-05
4.779749249545423218e-05
4.777623623106531291e-05
4.775441035548428357e-05
4.773364000960007077e-05
4.771223549017393749e-05
4.769238474284122743e-05
4.767161952238600618e-05
4.765046053721022770e-05
4.762848509003842195e-05
4.760553749853667544e-05
4.758208389484859394e-05
4.755929940488793663e-05
4.753639432339492753e-05
4.751368250887937279e-05
4.749034683889182982e-05
4.746695974473315891e-05
4.744367693875018517e-05
4.742044464705831217e-05
4.739687022788092427e-05
4.737285107562518287e-05
4.734927661857964886e-05
4.732526147131948174e-05
4.730139053672053657e-05
4.727763169041520778e-05
4.725414932411948777e-05
4.723061397423905793e-05
4.720736223751286387e-05
4.718436832129017553e-05
4.716117453179046647e-05
4.713783141188747632e-05
4.711437600844195565e-05
4.709088932350639564e-05
4.706716066107498791e-05
4.704356772908777106e-05
4.702008520795951049e-05
4.699645447217555918e-05
4.697300342914337507e-05
4.694947052164475906e-05
4.692593449899746041e-05
4.690232514602618455e-05
4.687872685036764827e-05
4.685518049192407777e-05
4.683178987189644509e-05
4.680850792767196443e-05
4.678533725879027179e-05
4.676205121286008102e-05
4.673884398116008397e-05
4.671557811682495613e-05
