7.489782499999798893e-05
6.353545180551935538e-05
5.188097291413921064e-05
4.604336598343778926e-05
4.118635152188182216e-05
3.959828004326381573e-05
3.914587203059744988e-05
3.785932026807513313e-05
3.877590158888453731e-05
3.860189781884591233e-05
4.219056456779456734e-05
4.358130478728577061e-05
4.406848239151398737e-05
4.548010838517732335e-05
4.531427422438718264e-05
4.610684712409193173e-05
4.626080305472332675e-05
4.564531982842917656e-05
4.489429544184891723e-05
4.419311101138634427e-05
4.335071845512386795e-05
4.260322150500301817e-05
4.205720836930062855e-05
4.136879159040751560e-05
4.066931776840230302e-05
3.993624814954488340e-05
3.921377565878645326e-05
3.855796970200078220e-05
3.789405798381510998e-05
3.728792605273136901e-05
3.668332011324670211e-05
3.610993474619872759e-05
3.556357840893772129e-05
3.504825997265994327e-05
3.460415578463931456e-05
3.412882554986253653e-05
3.366637829904317266e-05
3.330021578181445739e-05
3.292279080151317501e-05
3.250872412834794292e-05
3.211000448388559613e-05
3.172962002885214105e-05
3.135851670009838428e-05
3.100226251138658975e-05
3.065889444986096934e-05
3.033042528268699558e-05
3.000901521763285875e-05
2.971501092644846935e-05
2.942747936070024085e-05
2.914972153008909235e-05
2.890766839820005832e-05
2.872342475452462589e-05
2.857365616289211344e-05
2.844018565726576421e-05
2.830302177555371116e-05
2.819093536900981248e-05
2.805255479105236077e-05
2.795517702630500123e-05
2.785173387076971061e-05
2.779297835764887368e-05
2.766242561648028569e-05
2.759762512010165530e-05
2.755705124351207910e-05
2.751223031485823268e-05
2.744083545749042202e-05
2.736644648248091576e-05
2.726403195291191657e-05
2.713476674883548607e-05
2.700371456017342046e-05
2.692740044852748196e-05
2.684791643226238831e-05
2.677185375421492955e-05
2.669539959680045720e-05
2.660607852577392894e-05
2.650158497569505311e-05
2.640142557219069780e-05
2.628482763908450540e-05
2.620130970132342652e-05
2.611322870316432922e-05
2.603666112973946148e-05
2.595448724809442699e-05
2.588012164948020569e-05
2.584395506218648792e-05
2.577829965163536266e-05
2.570683635509134397e-05
2.564850551737316942e-05
2.559982332667074274e-05
2.552673887650630367e-05
2.546576683494568513e-05
2.541495583835746980e-05
2.536082238304849170e-05
2.530561311291373652e-05
2.525337104018630097e-05
2.518779293313208562e-05
2.510238692079812313e-05
2.503371918317368955e-05
2.496307525709872110e-05
2.489477542747783244e-05
2.481538809056819164e-05
2.473483124382078917e-05
2.465933877440307058e-05
2.458550752836875718e-05
2.452481172638841436e-05
2.445513443686448505e-05
2.438526688239696797e-05
2.432410082897969674e-05
2.424285695305681095e-05
2.415602542572481610e-05
2.406893468497737617e-05
2.397815394931491494e-05
2.389211816795590703e-05
2.381639645496092203e-05
2.373660065099926627e-05
2.366480884680584014e-05
2.360263843907512438e-05
2.353301684935804619e-05
2.346342580705902106e-05
2.339488951712530182e-05
2.333062448469301712e-05
2.325857946942766897e-05
2.320008224814510097e-05
2.314867975542532437e-05
2.308903354206260955e-05
2.302770638126367452e-05
2.295969513453447619e-05
2.290067706928249026e-05
2.283595200599360675e-05
2.277057996012081515e-05
2.269867946632327170e-05
2.262610629595306088e-05
2.254981097007546667e-05
2.247468416669436933e-05
2.240055502476122660e-05
2.232819477886528509e-05
2.225315132064404938e-05
2.217720028549215845e-05
2.210088148053496925e-05
2.202374293797774871e-05
2.194818768011501392e-05
2.187330314491577120e-05
2.179975397751770429e-05
2.172728965388081343e-05
2.165673548102975792e-05
2.158995620101793487e-05
2.152227668986292095e-05
2.145397150296493409e-05
2.138437513160228222e-05
2.131663031893524067e-05
2.124926012876004032e-05
2.118336878705645208e-05
2.112158419339186632e-05
2.105851747835078274e-05
2.099447581879818674e-05
2.093265612620160719e-05
2.087462196615859618e-05
2.081570207614022878e-05
2.075730173928506887e-05
2.069870242115262593e-05
2.064088905012898947e-05
2.058276227956057632e-05
2.052309321697753957e-05
2.046263726250650901e-05
2.040071556709406090e-05
2.034166503192609785e-05
2.028296400424596302e-05
2.022554999303601174e-05
2.017001733105121446e-05
2.011392188974184408e-05
2.005838410854923781e-05
2.000061942006752644e-05
1.994401214588114072e-05
1.988889745188000585e-05
1.983646532798590892e-05
1.978033286583775143e-05
1.972421304605499284e-05
1.966822284877295555e-05
1.961269445773860000e-05
1.955775146405113737e-05
1.950358191901211180e-05
1.944957499881971299e-05
1.939699598956055933e-05
1.934461415935992765e-05
1.929341180036714837e-05
1.924204482137490316e-05
1.919116844452291033e-05
1.913972110286084509e-05
1.908871692964616732e-05
1.903827884103253889e-05
1.898826209172581976e-05
1.893883390826179376e-05
1.888948985162618592e-05
1.884164304996519991e-05
1.879355603191647800e-05
1.874814508757271782e-05
1.870168161496387906e-05
1.865620054206154610e-05
1.861117463585282856e-05
1.856554479250392808e-05
1.851939746910536848e-05
1.847358687204861234e-05
1.842773602792802297e-05
1.838239316162376230e-05
1.833709025636118964e-05
1.829232012446729952e-05
1.824803907654589866e-05
1.820412087362718864e-05
1.816017366066818782e-05
1.811667131395459780e-05
1.807350344297113369e-05
1.803042400128215548e-05
1.798766448729014202e-05
1.794524778147071076e-05
1.790331152537830308e-05
1.786190017162084457e-05
1.782084891620309617e-05
1.778077365507223912e-05
1.774090478511603392e-05
1.770141618024952603e-05
1.766312644153885273e-05
1.762417668871277303e-05
1.758558920676264967e-05
1.754612316094971851e-05
1.750674073733901170e-05
1.746762642841013166e-05
1.742877020657895509e-05
1.739017499548361345e-05
1.735200295658436822e-05
1.731438010205607931e-05
1.727692030182366201e-05
1.724060047132649167e-05
1.720400208270673177e-05
1.716756396119113870e-05
1.713151966660576343e-05
1.709620065814050451e-05
1.706186284339079650e-05
1.702756053254381359e-05
1.699301650437757798e-05
1.695856846713682356e-05
1.692488710992628821e-05
1.689389740459007412e-05
1.686253654657744367e-05
1.683078518478566235e-05
1.679926339745847641e-05
1.676848670236046746e-05
1.673808085894506315e-05
1.670828845453713537e-05
1.667758507624159144e-05
1.664706402194433677e-05
1.661705914950882502e-05
1.658638340731749821e-05
1.655592257786805060e-05
1.652517913152642715e-05
1.649507461706177706e-05
1.646536999490853700e-05
1.643560443699128035e-05
1.640587802732734429e-05
1.637626297424097914e-05
1.634706451274568181e-05
1.631945931195488193e-05
1.629185303029601081e-05
1.626525179310300077e-05
1.623947854116228144e-05
1.621280934465159029e-05
1.618470313160657453e-05
1.615708257045950092e-05
1.612985582332252630e-05
1.610276586552499649e-05
1.607647320268714122e-05
1.604987999009229176e-05
1.602281116407577597e-05
1.599629687853111799e-05
1.597000404025502619e-05
1.594360959128597428e-05
1.591668964280501579e-05
1.589022510989670831e-05
1.586430937629648526e-05
1.583783837037094650e-05
1.581086130287254909e-05
1.578346369199915610e-05
1.575608351740560346e-05
1.572889729114059212e-05
1.570185116971606023e-05
1.567486943420221760e-05
1.564752344047821533e-05
1.562036548494791216e-05
1.559324557014482059e-05
1.556652073825560617e-05
1.554003160893017830e-05
1.551420279974565256e-05
1.548825338963289266e-05
1.546321491623367514e-05
1.543830651843018198e-05
1.541354929049614422e-05
1.538903573892234117e-05
1.536446542736021016e-05
1.533993543606572180e-05
1.531558230388911971e-05
1.529118590729856137e-05
1.526711955464374367e-05
1.524295223591898761e-05
1.521933113458232730e-05
1.519610301933967304e-05
1.517296840843215960e-05
1.515033595569359008e-05
1.512751043442821746e-05
1.510455087714977722e-05
1.508268299551149172e-05
1.506020997667054856e-05
1.503757534167932132e-05
1.501623741327858277e-05
1.499535539635364728e-05
1.497483457607521423e-05
1.495422360815445476e-05
1.493402830790680124e-05
1.491422450343406364e-05
1.489389105099244073e-05
1.487374379109110742e-05
1.485336194847592959e-05
1.483273085922774991e-05
1.481208289892018571e-05
1.479112739198499479e-05
1.476987239232940057e-05
1.474914373357442565e-05
1.472873556601824314e-05
1.470895839235515918e-05
1.468967724238816425e-05
1.467118376036330915e-05
1.465256975692200054e-05
1.463409844676995790e-05
1.461563503021160037e-05
1.459675844134839150e-05
1.457789718475243605e-05
1.455909619539979949e-05
1.454038673808427354e-05
1.452209525264623741e-05
1.450383300146865371e-05
1.448635975325245470e-05
1.446808687704789818e-05
1.444966945469067772e-05
1.443124695488894654e-05
1.441248032419451843e-05
1.439352918695149426e-05
1.437502271819074085e-05
1.435737729609094061e-05
1.434007688490253959e-05
1.432230618562701102e-05
1.430450385345572353e-05
1.428608854342159450e-05
1.426792845947184586e-05
1.424937314148511120e-05
1.423084037699329617e-05
1.421258482721978917e-05
1.419428220476189684e-05
1.417606228919794863e-05
1.415813044518964075e-05
1.413994099945744871e-05
1.412210362942177688e-05
1.410427388397460630e-05
1.408687903105845335e-05
1.406924852200053400e-05
1.405211813500120525e-05
1.403497771527786750e-05
1.401804338028634595e-05
1.400090399469422561e-05
1.398400321942208604e-05
1.396729013077753015e-05
1.395035357525637244e-05
1.393315183799881908e-05
1.391609510227467486e-05
1.389883957688492434e-05
1.388155559338836160e-05
1.386417969588258705e-05
1.384717963522429442e-05
1.382948120862373888e-05
1.381255934493982923e-05
1.379524738664303207e-05
1.377805285460436450e-05
1.376110957625838683e-05
1.374392465708348251e-05
1.372756925267795874e-05
1.371151987474279604e-05
1.369520092140091767e-05
1.367877989543192479e-05
1.366230652390443773e-05
1.364527708799522902e-05
1.362842979288422056e-05
1.361184615431780696e-05
1.359517894341262981e-05
1.357847273657003611e-05
1.356179570586139724e-05
1.354511848236449357e-05
1.352872421426403512e-05
1.351226667269839943e-05
1.349626223346135806e-05
1.347982636639582297e-05
1.346359850358225840e-05
1.344765854386446666e-05
1.343166622748439365e-05
1.341541467091550072e-05
1.339926406252235511e-05
1.338340701553733587e-05
1.336744595321178646e-05
1.335159195495841569e-05
1.333616232460987179e-05
1.332075208225756836e-05
1.330542352626901821e-05
1.328995266545483504e-05
1.327448724778747523e-05
1.325957649746651932e-05
1.324458477163024516e-05
1.322984813982780888e-05
1.321489400392235519e-05
1.320018271343048980e-05
1.318547887009220209e-05
1.317049889204686141e-05
1.315577778616285139e-05
1.314138344384047972e-05
1.312678613420354555e-05
1.311184417335297940e-05
1.309741333941602230e-05
1.308281789957859311e-05
1.306859326996758241e-05
1.305431506555305959e-05
1.304035379301686284e-05
1.302625298419835037e-05
1.301207189724172406e-05
1.299849543251416307e-05
1.298462986340586575e-05
1.297045412377349722e-05
1.295595444032621698e-05
1.294175175877153270e-05
1.292748229965575571e-05
1.291395894468792001e-05
1.290015984836614841e-05
1.288617680508767384e-05
1.287214628391634421e-05
1.285830018501018507e-05
1.284432242340531259e-05
1.283032402295078676e-05
1.281658350732361638e-05
1.280289815624771261e-05
1.278910588172704197e-05
1.277549598144549999e-05
1.276205731934107564e-05
1.274901896539518186e-05
1.273621080500734573e-05
1.272339933640871981e-05
1.271034789693436478e-05
1.269742066793693563e-05
1.268449302528468170e-05
1.267214570785340610e-05
1.266011794709407838e-05
1.264795763943671583e-05
1.263615996183435049e-05
1.262343181299254634e-05
1.261059469548313821e-05
1.259813780308142246e-05
1.258579744078674271e-05
1.257348836099354604e-05
1.256133074927723723e-05
1.254924957734761196e-05
1.253680568213548551e-05
1.252420664157077160e-05
1.251203144304601045e-05
1.249987535002432944e-05
1.248775896528752132e-05
1.247570318424502074e-05
1.246404415878441678e-05
1.245251131686010411e-05
1.244142780675595941e-05
1.243012320791952522e-05
1.241891025999871776e-05
1.240819586044288544e-05
1.239742307922296835e-05
1.238663326160302179e-05
1.237572057601800203e-05
1.236460209649420914e-05
1.235388888447122848e-05
1.234287896848501695e-05
1.233212016400121288e-05
1.232167886740735319e-05
1.231113267617963294e-05
1.230069000381634756e-05
1.228981141243091695e-05
1.227909604328089141e-05
1.226886722475621500e-05
1.225833018855918981e-05
1.224776970139949627e-05
1.223756419970422720e-05
1.222751062946312939e-05
1.221778622329254214e-05
1.220801145717507514e-05
1.219851582610461767e-05
1.218909406981239638e-05
1.217949348355402159e-05
1.217034135359142355e-05
1.216163148788286173e-05
1.215267842784031207e-05
1.214351285495049051e-05
1.213424289462224794e-05
1.212455646751184812e-05
1.211472208457486717e-05
1.210535143626721156e-05
1.209565221465517804e-05
1.208572538929852814e-05
1.207583283850868688e-05
1.206601852581099798e-05
1.205588201548028095e-05
1.204589573470083435e-05
1.203573822053808527e-05
1.202561169136559198e-05
1.201551400930863327e-05
1.200524930347759410e-05
1.199517917048961001e-05
1.198524884815158946e-05
1.197514434645332489e-05
1.196505370449251810e-05
1.195500964928273415e-05
1.194474271687244278e-05
1.193452298963921013e-05
1.192424486549491512e-05
1.191401905235328713e-05
1.190395869650606488e-05
1.189387256280802618e-05
1.188411016109485771e-05
1.187422696975779597e-05
1.186467547342095119e-05
1.185533608105852546e-05
1.184614616947693804e-05
1.183693040260772674e-05
1.182758880008805255e-05
1.181806400643009079e-05
1.180836804144757464e-05
1.179851509839899753e-05
1.178856964883859406e-05
1.177851760781696073e-05
1.176855731629639888e-05
1.175844819208427920e-05
1.174816002887021272e-05
1.173803408487357014e-05
1.172800854749307479e-05
1.171802032899709873e-05
1.170807889503158921e-05
1.169789326179284345e-05
1.168760818396829022e-05
1.167747446381650907e-05
1.166736840765303249e-05
1.165716102471409963e-05
1.164702815097999116e-05
1.163696402490610637e-05
1.162681653355942709e-05
1.161658121578809049e-05
1.160649117372806190e-05
1.159643797807218072e-05
1.158635238011890330e-05
1.157628849995985384e-05
1.156613000988373405e-05
1.155604633002651818e-05
1.154601905858568386e-05
1.153609537549898650e-05
1.152617942638278476e-05
1.151623839169654652e-05
1.150628713490414708e-05
1.149632050279584885e-05
1.148635349071869761e-05
1.147640166316472560e-05
1.146646469253454858e-05
1.145664523131349112e-05
1.144681896540762053e-05
1.143691979270457846e-05
1.142709203249307412e-05
1.141728673278424206e-05
1.140759192147609570e-05
1.139783943589344057e-05
1.138810047393586107e-05
1.137843106301925550e-05
1.136872340844987136e-05
1.135897822504194857e-05
1.134932343406131502e-05
1.133963888452347382e-05
1.133004288231845587e-05
1.132042696963650456e-05
1.131092993902673899e-05
1.130148959414444566e-05
1.129214720372899306e-05
1.128279031763269393e-05
1.127348809596981572e-05
1.126413678439689327e-05
1.125474234737218669e-05
1.124545432225884168e-05
1.123607350995416506e-05
1.122669764222602411e-05
1.121733849652053143e-05
1.120799420706549676e-05
1.119861983867952709e-05
1.118932009858565766e-05
1.118011717893261309e-05
1.117096902100192322e-05
1.116175718840591569e-05
1.115261849914643255e-05
1.114349783673844703e-05
1.113430718964886619e-05
1.112515936943019883e-05
1.111605380786202374e-05
1.110698146762372407e-05
1.109786652882422722e-05
1.108873446579177019e-05
1.107962850656981054e-05
1.107056625555161457e-05
1.106150329177987940e-05
1.105244782137639686e-05
1.104344924918256889e-05
1.103448022507602007e-05
1.102555575747538143e-05
1.101661292237568937e-05
1.100768900589181167e-05
1.099878572133093135e-05
1.098988885688618517e-05
1.098101060066726280e-05
1.097215229115161085e-05
1.096332127265548048e-05
1.095450714091346062e-05
1.094571189863286897e-05
1.093694460561441586e-05
1.092819157918914572e-05
1.091945952622734719e-05
1.091074836606069404e-05
1.090205847609139562e-05
1.089339881064143464e-05
1.088475852647309423e-05
1.087613010426600125e-05
1.086753374219016602e-05
1.085896390541702520e-05
1.085043466855662377e-05
1.084193828245246983e-05
1.083345834334335571e-05
1.082503524881928380e-05
1.081660188696369160e-05
1.080823068157438653e-05
1.079984855137601144e-05
1.079154048824422527e-05
1.078324322708638523e-05
1.077491827810735590e-05
1.076658596478441337e-05
1.075828635123923187e-05
1.075002086292201661e-05
1.074180260746693373e-05
1.073362903604965213e-05
1.072543276891586720e-05
1.071731303753112231e-05
1.070924048347019931e-05
1.070115879662081772e-05
1.069315017044265417e-05
1.068511915665703839e-05
1.067708128131919588e-05
1.066912188972437172e-05
1.066117146797829302e-05
1.065329532300774887e-05
1.064535391869948625e-05
1.063748825460425315e-05
1.062955399053067632e-05
1.062165608407406946e-05
1.061377496114840953e-05
1.060588534276381699e-05
1.059795956976773561e-05
1.059008298696029772e-05
1.058222937324582317e-05
1.057436378918533565e-05
1.056649784469283376e-05
1.055862468582830302e-05
1.055077284656763894e-05
1.054292312354958422e-05
1.053509188300976082e-05
1.052727585049713406e-05
1.051948463725596902e-05
1.051172851786945866e-05
1.050400017341855395e-05
1.049635500127651446e-05
1.048868698262903086e-05
1.048109552845528549e-05
1.047347513174798459e-05
1.046590981993729042e-05
1.045833168772624240e-05
1.045079618986527846e-05
1.044331256410776448e-05
1.043589550269138333e-05
1.042844651485817813e-05
1.042100230453603351e-05
1.041360833605583417e-05
1.040622274124863954e-05
1.039883614033941340e-05
1.039147271283373502e-05
1.038421268186200783e-05
1.037695473751145326e-05
1.036974549270726432e-05
1.036251393800945273e-05
1.035523665444558227e-05
1.034792270371353245e-05
1.034067116349546139e-05
1.033344251992031718e-05
1.032621700635867397e-05
1.031907711581295608e-05
1.031198693516914851e-05
1.030483993117298033e-05
1.029774064626506028e-05
1.029068578833799421e-05
1.028361416866885855e-05
1.027656913576875392e-05
1.026948536062587427e-05
1.026243769498230319e-05
1.025541475763679869e-05
1.024842134354084157e-05
1.024138103204122988e-05
1.023438982935835598e-05
1.022746697563215770e-05
1.022063418079510975e-05
1.021380417954646623e-05
1.020700125090119472e-05
1.020017593628219256e-05
1.019339345327978045e-05
1.018656381422895410e-05
1.017972838328755865e-05
1.017292945816739358e-05
1.016617941459475036e-05
1.015947464127893611e-05
1.015271369502028350e-05
1.014596985538319723e-05
1.013928690434441756e-05
1.013256618486805157e-05
1.012584646076876718e-05
1.011914640592108725e-05
1.011241762343787032e-05
1.010566332951453857e-05
1.009893661819566762e-05
1.009221976068767917e-05
1.008550526747267994e-05
1.007879183442412950e-05
1.007207651983212998e-05
1.006530545215091743e-05
1.005860528454395845e-05
1.005190497759800612e-05
1.004523329549928881e-05
1.003857663710576368e-05
1.003191317225455835e-05
1.002527054091492839e-05
1.001866387185157497e-05
1.001206380625541985e-05
1.000545022514565105e-05
9.998829263957510443e-06
9.992225711617931295e-06
9.985615567367010889e-06
9.979005325398307319e-06
9.972429687719467481e-06
9.965852641663352368e-06
9.959288750315093441e-06
9.952720408874911274e-06
9.946166160410389810e-06
9.939618236234197161e-06
9.933074021996715866e-06
9.926549399439416025e-06
9.920060015637900948e-06
9.913576707764664645e-06
9.907154564428225681e-06
9.900721692808558429e-06
9.894326236454523130e-06
9.887916467390826439e-06
9.881518304426268140e-06
9.875139545382962541e-06
9.868811326117870634e-06
9.862454466450949132e-06
9.856110640640289162e-06
9.849785399014735187e-06
9.843471000444513268e-06
9.837205542156771831e-06
9.830949803611841229e-06
9.824669103506853058e-06
9.818456698205316909e-06
9.812207186608944126e-06
9.805987840409783259e-06
9.799757398183367820e-06
9.793541830376873580e-06
9.787319905426437018e-06
9.781101344903914645e-06
9.774891677046870976e-06
9.768692961042638309e-06
9.762495157452746975e-06
9.756304488534949012e-06
9.750116255760585856e-06
9.743954568122977912e-06
9.737796912427074846e-06
9.731646575995278321e-06
9.725508435936630074e-06
9.719395752547845143e-06
9.713298332774488085e-06
9.707202581845272748e-06
9.701120367807700170e-06
9.695056750828418297e-06
9.688998136037658152e-06
9.682938788155631888e-06
9.676888061104020985e-06
9.670845670518750592e-06
9.664814768286624497e-06
9.658798005538791757e-06
9.652789430969821514e-06
9.646796138630968267e-06
9.640829538570294032e-06
9.634860680483586730e-06
9.628896833065136082e-06
9.622944547607457022e-06
9.617006095156732624e-06
9.611079569706028303e-06
9.605164742796263658e-06
9.599255724540792047e-06
9.593358711903499724e-06
9.587482019037705882e-06
9.581607526594168486e-06
9.575742459564009205e-06
9.569890505628215774e-06
9.564053995593346289e-06
9.558229577226067436e-06
9.552435456157219571e-06
9.546653727340048971e-06
9.540868055934972173e-06
9.535084752046075357e-06
9.529309159486771467e-06
9.523566545722243659e-06
9.517824933789112283e-06
9.512087798072035015e-06
9.506349551474528828e-06
9.500621126585117565e-06
9.494903883449268113e-06
9.489196918769835813e-06
9.483504162958297906e-06
9.477838599973287508e-06
9.472188896742828496e-06
9.466556646401150346e-06
9.460917779452763390e-06
9.455289106564665195e-06
9.449665121136217644e-06
9.444053166801942494e-06
9.438438374500257442e-06
9.432832812882133719e-06
9.427243903933262429e-06
9.421657466312627593e-06
9.416081673334026015e-06
9.410515143484057650e-06
9.404962082958427143e-06
9.399415174643080482e-06
9.393882247988047461e-06
9.388366126234370544e-06
9.382854508801438144e-06
9.377350084099298497e-06
9.371857575630065408e-06
9.366378445338619489e-06
9.360907144293768072e-06
9.355451578465826556e-06
9.349998632470162116e-06
9.344549745656021501e-06
9.339124071115746889e-06
9.333720350982382475e-06
9.328313933269743302e-06
9.322909284469226961e-06
9.317513443780551767e-06
9.312126202461212967e-06
9.306762537335888728e-06
9.301414944769169021e-06
9.296075933869921970e-06
9.290725777219259197e-06
9.285384720103078527e-06
9.280064978011253788e-06
9.274750288685148643e-06
9.269439726603074790e-06
9.264135604221826004e-06
9.258842536375783955e-06
9.253567984283230582e-06
9.248308942685328079e-06
9.243037165660583513e-06
9.237783773414781228e-06
9.232574421667276234e-06
9.227353211701828364e-06
9.222172819893879119e-06
9.216969556391819770e-06
9.211794413388874099e-06
9.206644703528028619e-06
9.201495710215389272e-06
9.196366654620105309e-06
9.191264742954647417e-06
9.186154345474597759e-06
9.181071927762810328e-06
9.175988727225104280e-06
9.170900019172547289e-06
9.165812940542732458e-06
9.160713207198090054e-06
9.155615516321853901e-06
9.150523267315693106e-06
9.145447977955535756e-06
9.140427466321346595e-06
9.135433171483813328e-06
9.130439898572513340e-06
9.125496383646646370e-06
9.120551793973403817e-06
9.115582642261453605e-06
9.110607245169451043e-06
9.105628905576033903e-06
9.100675361408118945e-06
9.095711149303771959e-06
9.090753708276493215e-06
9.085803912902046156e-06
9.080838124378477365e-06
9.075863988899593058e-06
9.070901085077509723e-06
9.065946355456380089e-06
9.060997096986651711e-06
9.056065849142718797e-06
9.051162602335289861e-06
9.046289041257643340e-06
9.041454170123252763e-06
9.036613211047045665e-06
9.031739051244106167e-06
9.026876753957296920e-06
9.022039313520384819e-06
9.017223813353767250e-06
9.012475149274268486e-06
9.007681130463968344e-06
9.002912267872059752e-06
8.998138609236853343e-06
8.993377995176353166e-06
8.988609203235842175e-06
8.983853574748453574e-06
8.979094135078030092e-06
8.974343215520251394e-06
8.969598494641675208e-06
8.964854430792807167e-06
8.960081628558036148e-06
8.955295620097538636e-06
8.950525939134671750e-06
8.945754847030713597e-06
8.940986828671727303e-06
8.936226779366868535e-06
8.931472291030363931e-06
8.926725486137801176e-06
8.921990240532496201e-06
8.917258348960288287e-06
8.912534022856333124e-06
8.907819343972776728e-06
8.903109958581784851e-06
8.898411074409380708e-06
8.893719890023961733e-06
8.889040327353983753e-06
8.884364797844111641e-06
8.879695967610394983e-06
8.875043450544334298e-06
8.870390145469311263e-06
8.865754830834185720e-06
8.861114852768804207e-06
8.856479553721175371e-06
8.851852395374313292e-06
8.847242675659525773e-06
8.842641547852464853e-06
8.838045887742150821e-06
8.833457422651868219e-06
8.828878576921239465e-06
8.824301933997405511e-06
8.819727327707519999e-06
8.815163726108374292e-06
8.810607983439628551e-06
8.806079109175478739e-06
8.801537359170189274e-06
8.797004479593688417e-06
8.792498872101828000e-06
8.788004181822241348e-06
8.783509709820815813e-06
8.779053899932833251e-06
8.774603798977002777e-06
8.770169517732923816e-06
8.765729377805377495e-06
8.761282720237804791e-06
8.756825986781180147e-06
8.752378809495549791e-06
8.747947540366427091e-06
8.743507554415943465e-06
8.739076942691884786e-06
8.734653260798375834e-06
8.730229469945697816e-06
8.725805172482944388e-06
8.721393850318574572e-06
8.716981006553286643e-06
8.712578270680926794e-06
8.708180842322093250e-06
8.703786409544957847e-06
8.699400546325473422e-06
8.695019096702489737e-06
8.690654018915006844e-06
8.686287764173317589e-06
8.681923035388921598e-06
8.677568458531193286e-06
8.673221759897049475e-06
8.668881679792262370e-06
8.664545277189359754e-06
8.660219792441405294e-06
