4.822045093551691197e-03
3.446673640611623134e-03
3.390852859392602843e-03
2.947020528287885074e-03
2.639134942049382957e-03
2.470290575246675367e-03
2.307649569159288434e-03
2.169297755371281736e-03
2.052060863781176876e-03
1.976692718930839286e-03
1.931281711358696310e-03
1.902963215910838824e-03
1.886235668865382780e-03
1.858828609438355119e-03
1.814147598101062712e-03
1.869774146497410168e-03
1.969008617157840847e-03
2.175261429337103578e-03
2.307090944665983814e-03
2.407834158506609503e-03
2.432559686513732951e-03
2.415992864383684473e-03
2.383434567203599006e-03
2.351165645993079454e-03
2.317736223810974022e-03
2.280898087464757612e-03
2.239153285817531338e-03
2.198930512663929519e-03
2.160693371751164129e-03
2.124484574546492682e-03
2.090609155988533072e-03
2.057865522378831899e-03
2.031665363009302078e-03
2.008189694178512050e-03
1.985659159743392854e-03
1.961033921178659874e-03
1.937113703175960674e-03
1.916651030298389784e-03
1.897608535947509743e-03
1.884875089326279061e-03
1.873535694885224839e-03
1.858459202767137304e-03
1.842331689431121571e-03
1.822813221891625250e-03
1.804960105162057866e-03
1.788480274551778942e-03
1.771206737773165039e-03
1.753492755761576092e-03
1.736134476773474938e-03
1.718705783491119915e-03
1.701916333713938793e-03
1.685652527409950505e-03
1.670161718503803848e-03
1.654675913953925544e-03
1.639813494518820589e-03
1.625128599733075691e-03
1.611109889483402623e-03
1.598176845882048197e-03
1.588541022230802006e-03
1.578292072402264759e-03
1.569875834901820295e-03
1.561615917122288625e-03
1.553806273024214589e-03
1.546636685568451939e-03
1.537594493207777770e-03
1.530242523254313159e-03
1.523631521130327160e-03
1.514798382257279575e-03
1.506806115077111326e-03
1.499247343936675790e-03
1.490993426580763470e-03
1.482270049705824901e-03
1.473977719509931249e-03
1.466388451006402907e-03
1.457620617645975997e-03
1.449064705385366778e-03
1.440477233355667592e-03
1.433052949618041517e-03
1.426289808272067404e-03
1.419678805670886298e-03
1.413898407649400151e-03
1.407040589536692494e-03
1.401698977010327725e-03
1.396461209582414891e-03
1.390702318842775053e-03
1.383871940507018679e-03
1.376265388829599808e-03
1.368666224880451003e-03
1.360962945037888722e-03
1.353556346045317084e-03
1.346414328993663029e-03
1.339592295226754628e-03
1.333669381064025604e-03
1.328612700214880935e-03
1.324742916836978580e-03
1.322366471931112628e-03
1.319331504527096292e-03
1.316649053875820936e-03
1.313631890054735860e-03
1.309669369922708418e-03
1.305657928845321402e-03
1.301002752029055236e-03
1.296126744633038048e-03
1.292001348891066949e-03
1.287424793627413473e-03
1.283174615585143180e-03
1.278125728517711399e-03
1.272581750301792110e-03
1.267154204767451846e-03
1.261833509899031383e-03
1.256856798628365685e-03
1.251796477741620468e-03
1.246868237587443794e-03
1.242193155047647624e-03
1.237167582589679578e-03
1.232033328266343795e-03
1.226834403496331180e-03
1.221629907819484200e-03
1.216493469743805400e-03
1.211453345232100859e-03
1.206464611954691972e-03
1.201561650724493899e-03
1.196754301237279222e-03
1.192004705806879285e-03
1.187245934146235592e-03
1.182536025554414795e-03
1.177881494502131064e-03
1.173273090665686181e-03
1.168716683920635385e-03
1.164244106856603253e-03
1.159852207837278265e-03
1.155516118375309433e-03
1.151250863517021706e-03
1.147036790152992447e-03
1.143022508336137989e-03
1.139340610290229998e-03
1.135815531987185729e-03
1.132195938134993203e-03
1.128330455487723148e-03
1.124487567827232685e-03
1.120547594660277783e-03
1.116613778792076425e-03
1.112706141401632138e-03
1.108836836598898427e-03
1.105016329120610437e-03
1.101240310246237196e-03
1.097497236543255048e-03
1.093783210519862041e-03
1.090135607517512747e-03
1.086505626245627817e-03
1.082902519484809072e-03
1.079343752159228967e-03
1.075818738405484630e-03
1.072320952868445910e-03
1.068911094604406420e-03
1.065507869695417938e-03
1.062115584365401315e-03
1.058807221813439295e-03
1.055496893796066191e-03
1.052198335020205653e-03
1.048988284195859167e-03
1.045883164393367031e-03
1.042874228575995862e-03
1.039959058870308824e-03
1.037194077769314823e-03
1.034270185462493781e-03
1.031435838470505300e-03
1.028642428129157745e-03
1.025915509180840143e-03
1.023400947776181369e-03
1.020747476071183794e-03
1.018163451731842568e-03
1.015722796904187323e-03
1.013379843539657628e-03
1.011159485961954461e-03
1.009107846853261534e-03
1.007032375755231336e-03
1.005083767053459960e-03
1.003026915440770675e-03
1.000907724434956132e-03
9.985030453368709535e-04
9.962038910781693436e-04
9.939624487652306325e-04
9.918953909225317750e-04
9.897004723008646920e-04
9.876176067343150119e-04
9.856225953422683393e-04
9.837433237151428297e-04
9.817822157874237909e-04
9.797758072281729808e-04
9.779724115917863905e-04
9.762253062754910242e-04
9.748626085503923205e-04
9.735837318128912976e-04
9.724470861364421445e-04
9.716468538506822707e-04
9.710333946240395529e-04
9.700033901634300907e-04
9.688561107634878272e-04
9.674488662228688087e-04
9.660788801187880593e-04
9.645288028471590662e-04
9.629491072865144696e-04
9.612655029270986140e-04
9.594851339898940968e-04
9.577799444840947403e-04
9.560448998890397733e-04
9.544572035765161314e-04
9.529481635616376609e-04
9.514264810932337264e-04
9.498738537935988132e-04
9.482139934568130672e-04
9.464602361462029489e-04
9.445847290437930487e-04
9.428271663928726020e-04
9.408808220286965810e-04
9.389238431544211011e-04
9.370293126568103028e-04
9.351291633394022635e-04
9.333039257468379304e-04
9.314474160666481092e-04
9.295370269998904159e-04
9.275247451881335221e-04
9.255162734558767916e-04
9.235031562594853832e-04
9.214805380003687763e-04
9.195074785928129130e-04
9.175338081885123145e-04
9.155678898499220982e-04
9.136377722683417446e-04
9.117195806201010061e-04
9.097946181728665304e-04
9.078955321279339819e-04
9.059842303399141122e-04
9.041022615469876790e-04
9.022092416203832685e-04
9.003380412017505463e-04
8.984750886810656707e-04
8.966507118009364730e-04
8.948358376004313629e-04
8.930368007476143129e-04
8.912532382347972864e-04
8.895564595533884044e-04
8.878618759979884376e-04
8.861708052575263846e-04
8.844913246287748696e-04
8.828128273438098526e-04
8.812019929541575584e-04
8.795873968360244698e-04
8.779833733233117577e-04
8.765442644659199095e-04
8.750746251070262455e-04
8.736042772832809103e-04
8.721732646144179013e-04
8.706796497823230709e-04
8.692935350598920497e-04
8.679088051035790995e-04
8.666042191235258417e-04
8.651961695852020432e-04
8.638743752336069254e-04
8.624989949581935876e-04
8.612443932695036013e-04
8.599530800949391424e-04
8.586849156969686295e-04
8.574879778796719700e-04
8.562595646760904483e-04
8.551890809569813673e-04
8.540607588676477763e-04
8.528882380547997194e-04
8.517377645744527749e-04
8.504742510692933286e-04
8.491686849433624160e-04
8.478236249030916653e-04
8.464564334332634436e-04
8.450758010169331577e-04
8.437567027685812611e-04
8.424332347665332158e-04
8.411653173438347507e-04
8.399502298736170013e-04
8.388182372638111010e-04
8.376343153475649794e-04
8.364195985867335951e-04
8.351842245198751223e-04
8.338472794266764323e-04
8.325163511135087605e-04
8.311691151064734898e-04
8.298085899999615598e-04
8.284401970746734780e-04
8.270543933120384555e-04
8.256736610207268375e-04
8.243186217448704228e-04
8.229382553594995512e-04
8.215584915963694166e-04
8.201730880228780447e-04
8.187994247531121773e-04
8.174390632815720309e-04
8.160710629581657263e-04
8.147021639804846206e-04
8.133395451137127950e-04
8.119828566733828861e-04
8.106337021693352110e-04
8.092934232555554870e-04
8.079611050900726557e-04
8.066324226064111808e-04
8.053200723409289228e-04
8.040298435838444304e-04
8.027248547255090051e-04
8.014337449609132110e-04
8.001431958253531250e-04
7.988516823210301335e-04
7.975689334307437418e-04
7.962925859885966072e-04
7.950203504392608497e-04
7.937702349174888478e-04
7.925125201212468440e-04
7.912615326747323655e-04
7.900293183904328687e-04
7.887963432432936253e-04
7.875911124205645314e-04
7.863847336090485068e-04
7.851975518587052828e-04
7.839990546939820497e-04
7.828140461832099831e-04
7.816447037097075433e-04
7.804679363925271776e-04
7.793215981226498529e-04
7.781514777940790788e-04
7.769722320688874501e-04
7.758006851238130348e-04
7.746351250958328615e-04
7.734713992261495023e-04
7.723061396179555990e-04
7.711515731460060006e-04
7.700079321813680820e-04
7.688692217720199517e-04
7.677307820389258014e-04
7.665981623606631708e-04
7.654676106333902419e-04
7.643433134029745894e-04
7.632257466583772416e-04
7.621087054218561845e-04
7.610038553083144129e-04
7.598978012997379804e-04
7.587931108090221251e-04
7.576926128761345223e-04
7.565968994941868215e-04
7.555225928831978393e-04
7.544529457571716533e-04
7.533840493386156131e-04
7.523245078395370943e-04
7.512779355527521947e-04
7.502377265621121847e-04
7.491869562269432145e-04
7.481738658110195393e-04
7.471936947649511366e-04
7.462437614914623927e-04
7.452507542260195655e-04
7.442472415553559768e-04
7.432500585352906424e-04
7.422378115359499606e-04
7.412282722484975347e-04
7.402086008001139894e-04
7.391939926237873874e-04
7.381840994242846879e-04
7.371849442303671750e-04
7.361808591128207215e-04
7.351824998890188739e-04
7.342056609982683087e-04
7.332608272785169677e-04
7.323374810065363645e-04
7.314658949139475706e-04
7.306267751031937131e-04
7.297911133406689149e-04
7.289072154061956941e-04
7.280433590797283491e-04
7.271594328802726513e-04
7.263074698909317579e-04
7.254259298851141414e-04
7.245475027394771917e-04
7.237045483538396932e-04
7.228734397295166498e-04
7.220202377095040740e-04
7.211917532470553741e-04
7.203614966342396838e-04
7.195343574583573740e-04
7.186899822440046687e-04
7.178625624803600244e-04
7.170008931073828347e-04
7.161370421963009691e-04
7.152529905526508512e-04
7.143894028665484508e-04
7.135437895635684657e-04
7.126983493896968608e-04
7.118455914682642440e-04
7.109989820147163010e-04
7.101663600435608598e-04
7.093389935467714433e-04
7.085387032567864486e-04
7.077638967921990199e-04
7.070381896970881182e-04
7.063204711653211414e-04
7.056346838170113843e-04
7.049599782262235600e-04
7.042896357730555994e-04
7.036162694264890471e-04
7.029778630593068846e-04
7.023641779327976457e-04
7.018099790862587523e-04
7.012967610110597402e-04
7.008101078666800592e-04
7.003205075902565460e-04
6.998309317315317985e-04
6.992827175272676001e-04
6.986795233800997948e-04
6.980436739433039123e-04
6.974181891746229029e-04
6.967940323377276937e-04
6.961819196377639794e-04
6.955568607116699659e-04
6.949587379997382210e-04
6.944127189639488600e-04
6.939792703680194809e-04
6.934881924165224110e-04
6.930388642976062366e-04
6.925905993404595125e-04
6.921063495735851976e-04
6.916614900545783960e-04
6.911324369845315771e-04
6.905931353409103333e-04
6.900212508236384153e-04
6.894549692395914075e-04
6.889426396668055317e-04
6.884454241234014239e-04
6.879721192813655116e-04
6.874756358854842422e-04
6.870198314628303115e-04
6.865680899667578156e-04
6.860564547870371234e-04
6.855346275981536895e-04
6.849986119058985943e-04
6.844716585904297773e-04
6.839609650714124911e-04
6.834484117034040273e-04
6.829303222703321605e-04
6.823606699289219268e-04
6.818364316460299090e-04
6.813789146919085405e-04
6.809841062504516174e-04
6.807014306033258100e-04
6.804341448115909389e-04
6.802176485064767054e-04
6.799397387004818159e-04
6.797089319257952188e-04
6.794511538230123488e-04
6.791853594071974812e-04
6.789140313675192306e-04
6.786870573739317526e-04
6.783971522212171477e-04
6.781114989547707425e-04
6.778142243097737708e-04
6.774348699169183185e-04
6.770698125564777016e-04
6.766526171788317216e-04
6.762068909930858945e-04
6.757866874402006273e-04
6.753655377787508209e-04
6.749929491438467610e-04
6.746274941089753239e-04
6.743051672815562718e-04
6.740456032600527668e-04
6.737838716796866120e-04
6.735359511768454661e-04
6.733670683159922055e-04
6.731615393934683956e-04
6.729037421366868259e-04
6.726290765936481994e-04
6.723297961038622421e-04
6.720188673411695100e-04
6.716677008950558934e-04
6.713135653847722992e-04
6.709305823590894745e-04
6.705294101685478928e-04
6.701142398083448143e-04
6.697146376307060124e-04
6.693239289059478092e-04
6.689655407284301200e-04
6.686033851056747074e-04
6.682209525918901029e-04
6.678646395793702605e-04
6.675047339658367546e-04
6.671587224600233901e-04
6.668234462509003632e-04
6.665022905945304499e-04
6.662235926116544856e-04
6.659595139386809311e-04
6.657252661549703911e-04
6.655859852421300727e-04
6.654857131869622343e-04
6.654363397938916356e-04
6.653974043366072452e-04
6.654250429990540578e-04
6.654071140901366647e-04
6.653645454630772614e-04
6.653135050375927513e-04
6.651589660790350241e-04
6.649707931935795822e-04
6.647627843185163320e-04
6.645581880615433236e-04
6.644476085969102568e-04
6.644313592130421733e-04
6.644981157898883313e-04
6.645547274652985380e-04
6.646096913008882031e-04
6.646856698609511418e-04
6.647741886248841872e-04
6.648090545062902527e-04
6.648943820168984418e-04
6.649906828090789866e-04
6.651220040085061794e-04
6.652709685296382498e-04
6.654411868187578519e-04
6.656598284517125904e-04
6.658432242558510322e-04
6.660090989558061815e-04
6.661416656614999651e-04
6.662564259714480550e-04
6.664000403080933867e-04
6.665084073388694583e-04
6.666188377465417404e-04
6.667793119247199338e-04
6.669406618861312792e-04
6.670006026295286937e-04
6.670634855073749375e-04
6.671022697106847050e-04
6.671773738106856651e-04
6.672324337817714867e-04
6.672912589065447273e-04
6.674113981441329212e-04
6.674934959530968558e-04
6.676242631939111266e-04
6.677809760999075866e-04
6.679008856078645206e-04
6.680854512947976588e-04
6.683056782653001588e-04
6.685579309845101487e-04
6.689117723358896936e-04
6.692810974464467226e-04
6.696308752568920801e-04
6.699514994492812049e-04
6.703485568686221507e-04
6.707568798248058923e-04
6.711848712084818921e-04
6.715802893073011693e-04
6.719733055460482864e-04
6.723676992607220205e-04
6.727482899525538598e-04
6.731540748998109894e-04
6.735257904247388041e-04
6.738873968961365830e-04
6.743138803200237523e-04
6.748030172828678149e-04
6.752918666991634565e-04
6.757643176544658042e-04
6.762214125369635362e-04
6.765977531801374264e-04
6.770004498476863124e-04
6.773480561780208199e-04
6.777041825677143118e-04
6.779995750599202399e-04
6.783153989044447135e-04
6.786042602020137676e-04
6.788648219165769509e-04
6.791187056383446701e-04
6.793993618364788751e-04
6.796865171159158269e-04
6.799589407292237243e-04
6.801547099668928727e-04
6.803698133384161522e-04
6.805085168176637760e-04
6.806353894239602735e-04
6.806800017435180039e-04
6.806820280192491922e-04
6.806614642701085171e-04
6.805767873761694835e-04
6.805308568959145136e-04
6.804531339618948797e-04
6.803484001184021681e-04
6.802366712077943930e-04
6.800835111830184953e-04
6.799459884783455588e-04
6.797875037439846243e-04
6.796242232251325892e-04
6.794570232345254791e-04
6.793006944973110917e-04
6.791696345552223615e-04
6.789646658968631491e-04
6.787618568490274423e-04
6.785644645180610507e-04
6.783739707039961519e-04
6.781399779605114210e-04
6.778815297682747910e-04
6.775984830953508996e-04
6.773022382627337220e-04
6.769953715729257540e-04
6.766858662661900774e-04
6.763693825466376118e-04
6.760348769360683026e-04
6.756692633252999857e-04
6.752938453399772584e-04
6.749023189764623331e-04
6.745292869394592730e-04
6.741481969453438873e-04
6.737644381895032189e-04
6.733934993722093774e-04
6.730049848972970150e-04
6.726021787322220653e-04
6.721927557129446463e-04
6.717862152836666075e-04
6.713681294682092519e-04
6.709626388474367476e-04
6.705563558774132538e-04
6.701566825928922423e-04
6.697609500314815820e-04
6.693500189321805642e-04
6.689273676191873031e-04
6.685015301769850525e-04
6.680673749315222971e-04
6.676379017886754225e-04
6.672079497140385963e-04
6.667823509480308225e-04
6.663627266133183291e-04
6.659562127183668925e-04
6.655502364145870131e-04
6.651462913801734931e-04
6.647206157336668989e-04
6.642885861474842482e-04
6.638429130049927802e-04
6.633917616864155918e-04
6.629294886259751119e-04
6.624603986881006778e-04
6.619841890512926427e-04
6.615081431429894283e-04
6.610291041952351659e-04
6.605569805802377452e-04
6.600856860597342302e-04
6.596234560311382226e-04
6.591657263513663913e-04
6.587038378735484952e-04
6.582332929379481343e-04
6.577630602677128147e-04
6.572890346649581071e-04
6.568140453889498992e-04
6.563502961661314304e-04
6.558877471593044413e-04
6.554249676579508837e-04
6.549692962775862694e-04
6.545211943760974966e-04
6.540785265386451445e-04
6.536322509740522153e-04
6.531852223187549055e-04
6.527369079445061520e-04
6.522831964822542157e-04
6.518264510682709404e-04
6.513717076417894396e-04
6.509130811655549969e-04
6.504491784846371102e-04
6.499810479545632767e-04
6.495111631124180721e-04
6.490394604217474038e-04
6.485656751924268526e-04
6.480915466596589994e-04
6.476173580869121899e-04
6.471454193285209201e-04
6.466763359717108469e-04
6.462127085862215577e-04
6.457584450384679575e-04
6.453049286319764103e-04
6.448549405045145896e-04
6.444061553542697416e-04
6.439665305684789563e-04
6.435221570110802401e-04
6.430788100548841171e-04
6.426290278125087281e-04
6.421731786898817991e-04
6.417198511305810668e-04
6.412665024490838946e-04
6.408116858508031534e-04
6.403659380209257438e-04
6.399194914161455928e-04
6.394736915634077713e-04
6.390315053120178973e-04
6.385924063094734803e-04
6.381606351291557863e-04
6.377351012230098514e-04
6.373070914292741336e-04
6.368780370010217228e-04
6.364492409740961235e-04
6.360155615461303164e-04
6.355835208864675338e-04
6.351633922535480058e-04
6.347352228873172049e-04
6.343098970001921156e-04
6.338824327507343358e-04
6.334499870743836138e-04
6.330152315787506518e-04
6.325751735797993181e-04
6.321377455706294951e-04
6.317066998728343820e-04
6.312756168652148767e-04
6.308392541927735015e-04
6.303998865153793551e-04
6.299608033855134352e-04
6.295232160536637801e-04
6.290866251973351465e-04
6.286531696554605378e-04
6.282254063499466889e-04
6.278082710568172811e-04
6.273886326908365615e-04
6.269696139235017779e-04
6.265532163197023476e-04
6.261431122475169574e-04
6.257271333000895752e-04
6.253078369554561887e-04
6.248834493706378283e-04
6.244558684098263594e-04
6.240278564396483469e-04
6.235991463674466634e-04
6.231707127135588907e-04
6.227446230502289761e-04
6.223208887241004879e-04
6.218964787604932013e-04
6.214728811298457110e-04
6.210524923011657376e-04
6.206314210154689759e-04
6.202147064237611843e-04
6.197962169352592933e-04
6.193802439824441612e-04
6.189633160493999108e-04
6.185526782207058025e-04
6.181391515547767293e-04
6.177277478623481024e-04
6.173157460349679680e-04
6.169058225709482621e-04
6.164988458990521307e-04
6.160892125726369047e-04
6.156792808170966254e-04
6.152714653628936449e-04
6.148700314372090641e-04
6.144734655566114201e-04
6.140825252104486522e-04
6.136904806591967580e-04
6.132929477508708210e-04
6.128963528049866495e-04
6.124999139305796177e-04
6.121053752041525188e-04
6.117124469236956841e-04
6.113209348164222370e-04
6.109304031543638224e-04
6.105387941626134801e-04
6.101462619805693953e-04
6.097544568033794144e-04
6.093607935754377647e-04
6.089648993846719137e-04
6.085696013030298225e-04
6.081737032883270362e-04
6.077779591220002376e-04
6.073824411702338690e-04
6.069873705032554842e-04
6.065929654321723392e-04
6.061989741968013120e-04
6.058058123620686233e-04
6.054141760967778670e-04
6.050271574767578228e-04
6.046409262824124645e-04
6.042592995767823291e-04
6.038775549341836258e-04
6.034940508365507815e-04
6.031134112167927785e-04
6.027292046111190453e-04
6.023438515598194881e-04
6.019589690606407450e-04
6.015755675007457498e-04
6.011931977099898477e-04
6.008123153788011385e-04
6.004315299051019060e-04
6.000528764573366189e-04
5.996750507960287675e-04
5.992975651112314017e-04
5.989194757880915996e-04
5.985427012250757028e-04
5.981672780850322496e-04
5.977913929393743669e-04
5.974189480427637101e-04
5.970485765351403549e-04
5.966781872110704394e-04
5.963078919721885151e-04
5.959369851409276365e-04
5.955645990930780219e-04
5.951925863933219506e-04
5.948226970471355655e-04
5.944522646178544093e-04
5.940828598822739002e-04
5.937128781717145292e-04
5.933437315983409099e-04
5.929750892051574010e-04
5.926071267429393720e-04
5.922399555037420387e-04
5.918733868486522089e-04
5.915076121589833485e-04
5.911424880451017407e-04
5.907780652121023476e-04
5.904142241789185272e-04
5.900510227304347956e-04
5.896888078824445321e-04
5.893293782088837888e-04
5.889697422583977087e-04
5.886112812774250231e-04
5.882533142869653293e-04
5.878957092318643808e-04
5.875397593126615615e-04
5.871844545846779864e-04
5.868284895532503275e-04
5.864720067307739159e-04
5.861161042947190441e-04
5.857609464674311782e-04
5.854064246920956307e-04
5.850527610461434989e-04
5.846995677483947862e-04
5.843469104498369600e-04
5.839953451336546419e-04
5.836452861458058753e-04
5.832959153213715994e-04
5.829475660883441700e-04
5.826000734030144191e-04
5.822537735778947994e-04
5.819096028037853236e-04
5.815675548424254328e-04
5.812247975871025684e-04
5.808850441628028152e-04
5.805427387068350402e-04
5.802003846792877810e-04
5.798577023907675390e-04
5.795147058449682436e-04
5.791725444928220090e-04
5.788321732186570189e-04
5.784925992026931094e-04
5.781530831707153021e-04
5.778144123411333051e-04
5.774752313941154940e-04
5.771363675827290238e-04
5.767989689792810386e-04
5.764619104666646350e-04
5.761248335515194901e-04
5.757878464824976164e-04
5.754514986364997562e-04
5.751154496319914279e-04
5.747803195762374306e-04
5.744458365128419933e-04
5.741114960387959550e-04
5.737799857838313646e-04
5.734482069227294417e-04
5.731175187411560908e-04
5.727883414834548676e-04
5.724580367635584248e-04
5.721272745003640279e-04
5.717969781987874457e-04
5.714679034663513015e-04
5.711395566510099218e-04
5.708120318471255998e-04
5.704842506233560612e-04
5.701566702511213624e-04
5.698296520118811131e-04
5.695035447959715313e-04
5.691777920017316965e-04
5.688527173077809976e-04
5.685281273755921723e-04
5.682040646185335022e-04
5.678813029651608862e-04
5.675597346612468001e-04
5.672396591161589854e-04
5.669228135383779172e-04
5.666074343440310156e-04
5.662946993634932879e-04
5.659837782046788033e-04
5.656735922616704148e-04
5.653621343165296043e-04
5.650531053895991055e-04
5.647465881774321912e-04
5.644403063922174071e-04
5.641306132335353841e-04
5.638217604156859795e-04
5.635120853593446550e-04
5.632038361239857707e-04
5.628934033420156767e-04
5.625829267210890293e-04
5.622719258585788613e-04
5.619600811184661312e-04
5.616492231140885133e-04
5.613404499954096575e-04
5.610330693050834348e-04
5.607284275188432728e-04
5.604236692469779287e-04
5.601195291481292663e-04
5.598154358469199354e-04
5.595130866555045844e-04
5.592105791138588444e-04
5.589106741481666800e-04
5.586111103134879267e-04
5.583142967898794239e-04
5.580182883072161773e-04
5.577252485612681568e-04
5.574345979145353637e-04
5.571457649985884488e-04
5.568594147398016813e-04
5.565736315833999309e-04
5.562842776343347815e-04
5.559963480580202384e-04
5.557106482402311915e-04
5.554235353439049326e-04
5.551427066824613605e-04
5.548646062814017836e-04
5.545835260642660277e-04
5.543067987104495194e-04
5.540267420094778386e-04
5.537431128518871103e-04
5.534581042023536132e-04
5.531738148447142836e-04
5.528879227226559398e-04
5.526070637661211708e-04
5.523302650276965854e-04
5.520527092216153883e-04
5.517876260483977821e-04
5.515259272676864381e-04
5.512641644796098224e-04
5.509998761276741408e-04
5.507421131537278223e-04
5.504884544070381665e-04
5.502388169736066982e-04
5.499882056361515056e-04
5.497415048005747885e-04
5.494890556270861726e-04
5.492377861381100672e-04
5.489830872824578035e-04
5.487308760619218854e-04
5.484799193853190065e-04
5.482271206751997399e-04
5.479773198154554246e-04
5.477245895859495905e-04
5.474730658294979209e-04
5.472161481903610241e-04
5.469522459662466826e-04
5.466896403907774583e-04
5.464307729065790006e-04
5.461797569817534743e-04
5.459248926711425575e-04
5.456713966662465757e-04
5.454150420673578928e-04
5.451562799684463037e-04
5.448978445677575512e-04
5.446381372387225145e-04
5.443852329074312831e-04
5.441357197450475856e-04
5.438870364536607877e-04
5.436447344137241991e-04
5.434050461800562582e-04
5.431669714933717343e-04
5.429324472199782660e-04
5.427024348378835239e-04
5.424753321909869027e-04
5.422476295411495038e-04
5.420215741409088132e-04
5.417980644390197860e-04
5.415692446334742765e-04
5.413409834475034097e-04
5.411216883022240123e-04
5.409026208239469443e-04
5.406907912015517870e-04
5.404752162170748482e-04
5.402685684129071271e-04
5.400617658701191599e-04
5.398501570890199908e-04
5.396367291772726209e-04
5.394139459753693067e-04
5.391897784211080935e-04
5.389601367503684109e-04
5.387290428043020390e-04
5.384961479766945530e-04
5.382577042762631695e-04
5.380218667738231441e-04
5.377878794000619592e-04
5.375533482250936931e-04
5.373263615386082671e-04
5.371062066184055213e-04
5.368927244826452849e-04
5.366799603703120052e-04
5.364690920544826647e-04
5.362562471658743933e-04
5.360465403703227986e-04
5.358339527648301294e-04
5.356221474488901497e-04
