1.119580101124336563e-03
8.254126673111764545e-04
9.024563401197596615e-04
8.769411631295053518e-04
8.343394874574461750e-04
8.203995333077302018e-04
7.975838540761887160e-04
7.818976322312445014e-04
7.799396833104171476e-04
7.575847308858632816e-04
7.392714556135241257e-04
7.247522825390729237e-04
7.110426428515302004e-04
6.979318626232469723e-04
6.820399072747604808e-04
6.663805606713304889e-04
6.508868787920305075e-04
6.349094747435447307e-04
6.199132743242669009e-04
6.058786298959745881e-04
5.935840973177763154e-04
5.820420951898716729e-04
5.733556155776533061e-04
5.639873268834245772e-04
5.543616405609809537e-04
5.453218918303780801e-04
5.352849627263724921e-04
5.262401135040661480e-04
5.176518488851811640e-04
5.094612379535263559e-04
5.023395843250471997e-04
4.954264305620364192e-04
4.894043493408942441e-04
4.831372000487357886e-04
4.767971788088466853e-04
4.705436332825958757e-04
4.643158019730290304e-04
4.582420142949153842e-04
4.523444033214190458e-04
4.466810776452872687e-04
4.412268309025351646e-04
4.361057365421577760e-04
4.315390051407461624e-04
4.279936912761398934e-04
4.251314912329306681e-04
4.226799431798841525e-04
4.204588124665592183e-04
4.183904707687150100e-04
4.158128000319349015e-04
4.133020016218373160e-04
4.102907135937901816e-04
4.076594761604239643e-04
4.047195105108416071e-04
4.018472052807370602e-04
3.993920601665862727e-04
3.967966774748866153e-04
3.940039099051222517e-04
3.911138908405095488e-04
3.882504473923261801e-04
3.855707575669774755e-04
3.834065560157027533e-04
3.813856070072030552e-04
3.794501291038396328e-04
3.775361895312051683e-04
3.757088167961508858e-04
3.737944961502208895e-04
3.717634823115793991e-04
3.694229202928562454e-04
3.671778633020570098e-04
3.649605821202861131e-04
3.629348183318269758e-04
3.609511687487112195e-04
3.590109560805364026e-04
3.570496582424809379e-04
3.550306605809808061e-04
3.530997313884778866e-04
3.513481073960315459e-04
3.496661135267423105e-04
3.478136725860873956e-04
3.459288937672439835e-04
3.440146268954138520e-04
3.420957051387844903e-04
3.402208259207037551e-04
3.383545306434178443e-04
3.367042373792068473e-04
3.352063086181511107e-04
3.337762780893164779e-04
3.324758171711258959e-04
3.310635344994311362e-04
3.297908910916996133e-04
3.285946642534729508e-04
3.274205646667643888e-04
3.261409660362686027e-04
3.247659919312971088e-04
3.233896916279909253e-04
3.220514178202763260e-04
3.207811893673447393e-04
3.194966214092217192e-04
3.183139268343275203e-04
3.172233424507771488e-04
3.161193786831985276e-04
3.150457948246166763e-04
3.139889389021212145e-04
3.130040738713787138e-04
3.119499663244274901e-04
3.108747153349137454e-04
3.098616085063393179e-04
3.089030219267577932e-04
3.080692718852029444e-04
3.072855889158328442e-04
3.062950130732438160e-04
3.052872557068250239e-04
3.042893986535644916e-04
3.033167546845050820e-04
3.024028917031807589e-04
3.014625152154400893e-04
3.006236778442915726e-04
2.997724300476147766e-04
2.989406710370478486e-04
2.980739861738041755e-04
2.972765826414886219e-04
2.965787807866282553e-04
2.958674787799533512e-04
2.951902639064248415e-04
2.944920111681448988e-04
2.938244478667286592e-04
2.930926385693351103e-04
2.923514581367210987e-04
2.916362991530511376e-04
2.909037911105539272e-04
2.902417875966101105e-04
2.895563647550729379e-04
2.888130161578724179e-04
2.880783379097826089e-04
2.873283593515810956e-04
2.866750594198374472e-04
2.860402490990165253e-04
2.854364967693597747e-04
2.848459982055618700e-04
2.841897572802687790e-04
2.835574324563969011e-04
2.828271167944959846e-04
2.821148223996859249e-04
2.813732575763905190e-04
2.807154658097575856e-04
2.801233036325271762e-04
2.795509978985515434e-04
2.789566839205162661e-04
2.784141304595301090e-04
2.778614972980694925e-04
2.773087773955218525e-04
2.767884911384345891e-04
2.762953119188265661e-04
2.756668839821504861e-04
2.750791859011403068e-04
2.745127468650370773e-04
2.739417566562802600e-04
2.733896191227462016e-04
2.728856389926294260e-04
2.723637584893233996e-04
2.718787741737527480e-04
2.713274961192266733e-04
2.707367529373473354e-04
2.701491864720923972e-04
2.695568279207888438e-04
2.689950579897706006e-04
2.684166287592092484e-04
2.677998845558821430e-04
2.671723247989533402e-04
2.665362995497225890e-04
2.658530188146705016e-04
2.651777002810801523e-04
2.645092506283887681e-04
2.638852689124395693e-04
2.632679753788291083e-04
2.626528140804746812e-04
2.620264290082947650e-04
2.614065160591863752e-04
2.608211111181254994e-04
2.602201851746658830e-04
2.596693731751386551e-04
2.591056074146628183e-04
2.585531166146258497e-04
2.579878766531646067e-04
2.574421018418005967e-04
2.568982179558273017e-04
2.563723224888078927e-04
2.558530714830328768e-04
2.553261513611217171e-04
2.547736716943437224e-04
2.542604059840334143e-04
2.537328918858539647e-04
2.532340914039682379e-04
2.527318872692704962e-04
2.522359292110967527e-04
2.517761160351474699e-04
2.513364438460668950e-04
2.508965340588185087e-04
2.504445756946939590e-04
2.500021738381535985e-04
2.495672794749862486e-04
2.491416274271010295e-04
2.487445767704881024e-04
2.483162210931421656e-04
2.478496019229903106e-04
2.474133035232848319e-04
2.469543657755061505e-04
2.465162549499781849e-04
2.460783438838529233e-04
2.456512540609172659e-04
2.452290446303711418e-04
2.448002600441611591e-04
2.443942126153570067e-04
2.440261201353694778e-04
2.437046231443995212e-04
2.433939410976513923e-04
2.431107496654772869e-04
2.428390270975735175e-04
2.425654208086073941e-04
2.422738522384953943e-04
2.419839851654258310e-04
2.416743565005950126e-04
2.413847703095181358e-04
2.410964023880745992e-04
2.408105275379887091e-04
2.405508214960700548e-04
2.402762669617086949e-04
2.400127526508539458e-04
2.397331278413318708e-04
2.394669599828418908e-04
2.391543121013945544e-04
2.388481080348764558e-04
2.385433453041282774e-04
2.382559071329672822e-04
2.379419575511769718e-04
2.376257662403856918e-04
2.372815557143659836e-04
2.369267735275903302e-04
2.365675386076615907e-04
2.361965039624682871e-04
2.358224811718747575e-04
2.354429028543866440e-04
2.350784721236150795e-04
2.347041694407105887e-04
2.343127273223628208e-04
2.339188565547277324e-04
2.335222094506673454e-04
2.331140738926868686e-04
2.327051590325247951e-04
2.322929956045165451e-04
2.318816755250557046e-04
2.314680330909804499e-04
2.310624836489511610e-04
2.306636752582315027e-04
2.302712965542873843e-04
2.298793785969311754e-04
2.294998661037957308e-04
2.291277249384838122e-04
2.287622763605558890e-04
2.284114937414901628e-04
2.280617035941133615e-04
2.277262626370497032e-04
2.273911740198642385e-04
2.270697196903264758e-04
2.267545535940039623e-04
2.264538765885495725e-04
2.261634936868371073e-04
2.258791362735958251e-04
2.255969006859785990e-04
2.252955385914644541e-04
2.249772847487475956e-04
2.246554381820613374e-04
2.243118252934631681e-04
2.239692289693903193e-04
2.236304722657252771e-04
2.232931264290575763e-04
2.229555008639366384e-04
2.226136188295216745e-04
2.222642790059174483e-04
2.219119029534901734e-04
2.215613253806914950e-04
2.212138757075729142e-04
2.208734877387908812e-04
2.205373059069733156e-04
2.202052603620705906e-04
2.198647744383166514e-04
2.195250928096417092e-04
2.191935081856790171e-04
2.188589176819796659e-04
2.185361541027269945e-04
2.182110742545002825e-04
2.178933084120759434e-04
2.175795899825800142e-04
2.172669263669810660e-04
2.169685720942821311e-04
2.166642146644840350e-04
2.163717820098863228e-04
2.160945501463923987e-04
2.158272973960394681e-04
2.155652585360042916e-04
2.153062782929930489e-04
2.150516575591313701e-04
2.148116924041860705e-04
2.145842827305679927e-04
2.143557735352471171e-04
2.141257106522935364e-04
2.139064351107183783e-04
2.136865196510751952e-04
2.134680800217586929e-04
2.132427699581704523e-04
2.130168378883313441e-04
2.127745431602107303e-04
2.125076866040005871e-04
2.122360085467329071e-04
2.119614742422195903e-04
2.116859657355505602e-04
2.114126932109471827e-04
2.111378838302283185e-04
2.108616669857714225e-04
2.105920454354996880e-04
2.103270825924476997e-04
2.100676397135388482e-04
2.098055187778980824e-04
2.095397379333803229e-04
2.092738926681403345e-04
2.090037424683528354e-04
2.087346668458594536e-04
2.084715493066884365e-04
2.082088185105778746e-04
2.079492842497022509e-04
2.076903014238076382e-04
2.074405013153063576e-04
2.071921329757558179e-04
2.069413434304849335e-04
2.066927542487936767e-04
2.064457165968007035e-04
2.061984276251647909e-04
2.059414858353531073e-04
2.056828408990583120e-04
2.054284775108221556e-04
2.051758353094808860e-04
2.049191296904274181e-04
2.046732951474702087e-04
2.044232943725246923e-04
2.041762251113540415e-04
2.039217735758449299e-04
2.036677822143225164e-04
2.034118406063278666e-04
2.031514826815502672e-04
2.028925640694449967e-04
2.026328566497643700e-04
2.023759695437238424e-04
2.021226685297612268e-04
2.018776659303698400e-04
2.016392195992348316e-04
2.014047094109050722e-04
2.011693645271601775e-04
2.009408883063125786e-04
2.007069940902161086e-04
2.004685609526086424e-04
2.002352878246884229e-04
2.000032748048583150e-04
1.997694491535374197e-04
1.995331604857201199e-04
1.992915784621736557e-04
1.990404563039636812e-04
1.987891475746461850e-04
1.985419163741189972e-04
1.982989936119141999e-04
1.980565390036432346e-04
1.978188005342848533e-04
1.975787372065775332e-04
1.973324974062786146e-04
1.970897953094857586e-04
1.968530952248139084e-04
1.966240225257339161e-04
1.963913519666231886e-04
1.961589525211000415e-04
1.959256033118154418e-04
1.956908307075255185e-04
1.954529923053930046e-04
1.952135911179414497e-04
1.949749617399150492e-04
1.947369445941121713e-04
1.944971929912444773e-04
1.942575548658877541e-04
1.940194414341201064e-04
1.937856164423936063e-04
1.935524369945632495e-04
1.933256135982149861e-04
1.931000776206987727e-04
1.928731454256944712e-04
1.926478094522144854e-04
1.924242417466024585e-04
1.921983690746513257e-04
1.919687889154851471e-04
1.917435570313539553e-04
1.915217934467408709e-04
1.913067433926096781e-04
1.910962995611820137e-04
1.908903540300839051e-04
1.906867757810751728e-04
1.904842906321768138e-04
1.902859765405462064e-04
1.900874537001187863e-04
1.898852396907527488e-04
1.896832163972953531e-04
1.894809851146293377e-04
1.892756644409031828e-04
1.890709636291388631e-04
1.888646700575689051e-04
1.886652139860935714e-04
1.884710499094788987e-04
1.882736056153586481e-04
1.880789308309476643e-04
1.878818295467460050e-04
1.876806934510350032e-04
1.874736037912591905e-04
1.872649559729405125e-04
1.870576786575871265e-04
1.868538715426852517e-04
1.866515814494725260e-04
1.864504919948247147e-04
1.862470889610178134e-04
1.860452892976686913e-04
1.858458039365365846e-04
1.856487459034144552e-04
1.854540637987671218e-04
1.852626062105750134e-04
1.850710433312844467e-04
1.848850260721677835e-04
1.846999571540957025e-04
1.845132429881414624e-04
1.843251378311624663e-04
1.841416044493641210e-04
1.839565704623796034e-04
1.837697087922318792e-04
1.835850131516563843e-04
1.833994630751032437e-04
1.832142923803407614e-04
1.830274250685135309e-04
1.828464839118611207e-04
1.826644500511072193e-04
1.824836132369572750e-04
1.823057122662819624e-04
1.821310903909475836e-04
1.819525534157575653e-04
1.817756672012725973e-04
1.816036021799444342e-04
1.814335832595953210e-04
1.812658225345904132e-04
1.811003857527364324e-04
1.809363724882543560e-04
1.807704779247051744e-04
1.806083233600830568e-04
1.804416347080963184e-04
1.802752587646329894e-04
1.801118801666658936e-04
1.799446720288716214e-04
1.797802211199990097e-04
1.796186832734637015e-04
1.794599875319289836e-04
1.792980686870953081e-04
1.791396388261660999e-04
1.789768830765812492e-04
1.788174391170455199e-04
1.786578043927224959e-04
1.784958947192569667e-04
1.783316166512432220e-04
1.781694579654205719e-04
1.780049875501111569e-04
1.778391403108765811e-04
1.776715168927218622e-04
1.775038692779773431e-04
1.773341844114690528e-04
1.771621764683457367e-04
1.769890398535724370e-04
1.768157629117375076e-04
1.766441948791775448e-04
1.764726911854782915e-04
1.762993298850818033e-04
1.761272857512247278e-04
1.759569761171320362e-04
1.757887051077745681e-04
1.756192436992531469e-04
1.754498505083003639e-04
1.752817158501711911e-04
1.751114909974824834e-04
1.749426085752030149e-04
1.747753857716287048e-04
1.746108436873034073e-04
1.744467835614665549e-04
1.742838396879586621e-04
1.741191566777332105e-04
1.739545900512271795e-04
1.737886895673905984e-04
1.736226413233165407e-04
1.734579928786128392e-04
1.732952990797913284e-04
1.731328094109006580e-04
1.729705269242367660e-04
1.728088540440408537e-04
1.726499796744956135e-04
1.724886404157215038e-04
1.723291360698221133e-04
1.721712093432030530e-04
1.720174510224075758e-04
1.718660915156412674e-04
1.717160916304349364e-04
1.715702937149235431e-04
1.714272027894497125e-04
1.712883841354047093e-04
1.711518887778632652e-04
1.710187241880316126e-04
1.708847764935703963e-04
1.707545141994558943e-04
1.706242978436977556e-04
1.704976642313764217e-04
1.703700242881587884e-04
1.702434675927236719e-04
1.701139101595263077e-04
1.699853515928996983e-04
1.698562866124464174e-04
1.697314967681667008e-04
1.696079715204469943e-04
1.694841259097444553e-04
1.693642267190687033e-04
1.692424164828175296e-04
1.691248918512702325e-04
1.690073834759481426e-04
1.688927132540757510e-04
1.687778765072791112e-04
1.686593420621218314e-04
1.685398165656131614e-04
1.684222735999488436e-04
1.683045525298434183e-04
1.681887468776621707e-04
1.680754170444075590e-04
1.679647676771012428e-04
1.678539462870372887e-04
1.677411856945052154e-04
1.676239524133135976e-04
1.675090371199952405e-04
1.673974943652645285e-04
1.672808617344373179e-04
1.671619997338084408e-04
1.670435030593949148e-04
1.669248758030357418e-04
1.668056895742098126e-04
1.666876506183187674e-04
1.665695827423479582e-04
1.664488361724723571e-04
1.663298156910693218e-04
1.662084466047392118e-04
1.660868452905274017e-04
1.659635667024569167e-04
1.658442087415536441e-04
1.657243115391825411e-04
1.656063167579731495e-04
1.654875319968022930e-04
1.653674446720137061e-04
1.652460736759781294e-04
1.651248516541883339e-04
1.650071577907575389e-04
1.648919908591605537e-04
1.647784205756362209e-04
1.646664768706345046e-04
1.645541932790616977e-04
1.644436799324900690e-04
1.643292637802305192e-04
1.642161085870664909e-04
1.641034961423434608e-04
1.639892293003422142e-04
1.638723125359642233e-04
1.637539614343500093e-04
1.636366003078447645e-04
1.635201408176720369e-04
1.634004684852094892e-04
1.632804796774344597e-04
1.631597303478616570e-04
1.630407862779392801e-04
1.629207301693282040e-04
1.627991020243521668e-04
1.626752317739342025e-04
1.625516192594226401e-04
1.624278347476766702e-04
1.623020805863485130e-04
1.621758931110135011e-04
1.620499997803150885e-04
1.619252285433726954e-04
1.618001662287007830e-04
1.616770097454778797e-04
1.615545792806775223e-04
1.614344554488679234e-04
1.613155513587990672e-04
1.611954399248047732e-04
1.610768167321583995e-04
1.609592386989591869e-04
1.608419840118343637e-04
1.607237242485118432e-04
1.606056814866526163e-04
1.604904143190923570e-04
1.603755531956080370e-04
1.602615807857246644e-04
1.601468652864723101e-04
1.600318035439914500e-04
1.599170538531087744e-04
1.598035755168035943e-04
1.596903923737784446e-04
1.595761304653925904e-04
1.594629360113768851e-04
1.593488928600584231e-04
1.592372133893383787e-04
1.591273925972010151e-04
1.590195130320083043e-04
1.589129856133691986e-04
1.588096005636225314e-04
1.587065465367197385e-04
1.586021685933455393e-04
1.584967113576691623e-04
1.583895560027017151e-04
1.582823732275401415e-04
1.581756666028218605e-04
1.580689782993593604e-04
1.579635233923822556e-04
1.578576132894201332e-04
1.577545509019560735e-04
1.576508070224511276e-04
1.575491061830917167e-04
1.574452157063037925e-04
1.573429065881495350e-04
1.572373365602003218e-04
1.571305442188894170e-04
1.570239154287218439e-04
1.569157474974638674e-04
1.568075907094256742e-04
1.567006377763609530e-04
1.565939197634793104e-04
1.564890448328719785e-04
1.563818279657916909e-04
1.562754379427694145e-04
1.561673679574249705e-04
1.560605096294215288e-04
1.559548716167821726e-04
1.558482969872309123e-04
1.557417204627372243e-04
1.556333654627497902e-04
1.555244416530737425e-04
1.554159552585357678e-04
1.553077965521478725e-04
1.552022656616160602e-04
1.551001042658722785e-04
1.549987225952788555e-04
1.548973259778858836e-04
1.547935129440767741e-04
1.546902713641526634e-04
1.545872154855145255e-04
1.544848205337957011e-04
1.543840450056276742e-04
1.542817852151358413e-04
1.541803506321756017e-04
1.540800429013222672e-04
1.539809223146302274e-04
1.538814493800578229e-04
1.537820155668749502e-04
1.536811421265659903e-04
1.535799257884575746e-04
1.534807637445885693e-04
1.533812713375272765e-04
1.532840691075793374e-04
1.531858310756609989e-04
1.530889858898597494e-04
1.529951099132609825e-04
1.528979329480633503e-04
1.528006747493523127e-04
1.527032220023315484e-04
1.526073559700989084e-04
1.525117808006551466e-04
1.524160429628044827e-04
1.523207673362586122e-04
1.522252646718929637e-04
1.521302731947479878e-04
1.520341772002485354e-04
1.519380312499382462e-04
1.518421460419347446e-04
1.517492994353769793e-04
1.516589524341441296e-04
1.515684303349288612e-04
1.514787258179665225e-04
1.513899997242882268e-04
1.513018572379319865e-04
1.512146101953840680e-04
1.511291247868470976e-04
1.510442576806148821e-04
1.509603118779160485e-04
1.508764071796204348e-04
1.507943399323832063e-04
1.507111945643741478e-04
1.506271185002140559e-04
1.505416532415228259e-04
1.504575739842292593e-04
1.503729765763419995e-04
1.502892503256652635e-04
1.502059606427626735e-04
1.501212325305900197e-04
1.500375644372260167e-04
1.499530689898823349e-04
1.498685952966616786e-04
1.497845182622930811e-04
1.497000241824523797e-04
1.496157291825380776e-04
1.495327005430216406e-04
1.494495762302047856e-04
1.493656951404141611e-04
1.492801658715200042e-04
1.491937817491723333e-04
1.491079656310632766e-04
1.490225373682268855e-04
1.489376816327493496e-04
1.488523939246607307e-04
1.487663194138418032e-04
1.486803450975389168e-04
1.485948519426290944e-04
1.485106839206898832e-04
1.484263601654106841e-04
1.483404607704943295e-04
1.482556212606554920e-04
1.481731302857869120e-04
1.480906225694706400e-04
1.480081349947938636e-04
1.479265739140390068e-04
1.478460805171598141e-04
1.477657458962942255e-04
1.476885975400075589e-04
1.476110943303420605e-04
1.475342196079966375e-04
1.474573863726305666e-04
1.473811669448622081e-04
1.473063833158997618e-04
1.472320430213150692e-04
1.471591797710735208e-04
1.470865859688899136e-04
1.470133177134739209e-04
1.469403299585318777e-04
1.468658480278431085e-04
1.467901838364112587e-04
1.467169723637361560e-04
1.466460288978711887e-04
1.465764551231962787e-04
1.465073106258813385e-04
1.464380124691219091e-04
1.463695882867364982e-04
1.463003267600137733e-04
1.462322224487108647e-04
1.461636934650216153e-04
1.460957481758649878e-04
1.460296100962177345e-04
1.459639976640300955e-04
1.458993492762865839e-04
1.458381239516505338e-04
1.457777431401980706e-04
1.457193411016791205e-04
1.456613909101951102e-04
1.456022571564833832e-04
1.455438309470518743e-04
1.454842763997803742e-04
1.454247688033490082e-04
1.453630976252290514e-04
1.452983446842064195e-04
1.452296969530513437e-04
1.451605109199529103e-04
1.450908805558918826e-04
1.450215561961421006e-04
1.449532677213768799e-04
1.448848514434735780e-04
1.448153068174603153e-04
1.447467922736693177e-04
1.446778795572491476e-04
1.446107080729118401e-04
1.445433299851663501e-04
1.444777571964149499e-04
1.444130778022171982e-04
1.443466749840763665e-04
1.442797424867808310e-04
1.442115622176737212e-04
1.441419610008772109e-04
1.440720573293463201e-04
1.440002308902271343e-04
1.439290396391852147e-04
1.438572496657138317e-04
1.437862297574252657e-04
1.437169410846648716e-04
1.436470300660399647e-04
1.435768773519357534e-04
1.435044922756996964e-04
1.434325108959257490e-04
1.433606129091007065e-04
1.432880079750417028e-04
1.432147311340691009e-04
1.431395020588519299e-04
1.430638390241751104e-04
1.429876881664693302e-04
1.429107640979908789e-04
1.428335967517348117e-04
1.427568519387022693e-04
1.426803833486690073e-04
1.426027650973002675e-04
1.425252810430565654e-04
1.424472724129176901e-04
1.423699551865071386e-04
1.422920160526835683e-04
1.422145764405138564e-04
1.421371096527860082e-04
1.420598885646727038e-04
1.419836661233575765e-04
1.419065863085499344e-04
1.418304187750525473e-04
1.417541525507559749e-04
1.416786480632632175e-04
1.416040290168807576e-04
1.415287432376598979e-04
1.414531775048297798e-04
1.413770352111013535e-04
1.413003646060434829e-04
1.412244008603931531e-04
1.411490411116132998e-04
1.410734560393047039e-04
1.409972464339833190e-04
1.409223462301793502e-04
1.408472464898238743e-04
1.407724831107832575e-04
1.406964376443126314e-04
1.406214986261682489e-04
1.405465605727797566e-04
1.404729092424020112e-04
1.403995942403350077e-04
1.403277463040653267e-04
1.402561447414194321e-04
1.401837734294258063e-04
1.401121739967502926e-04
1.400407118220908754e-04
1.399682928737550590e-04
1.398956594963438624e-04
1.398226827977649739e-04
1.397499237757503048e-04
1.396771763146593221e-04
1.396044190951606075e-04
1.395318911440729794e-04
1.394597976710437812e-04
1.393880389480943438e-04
1.393162872256819380e-04
1.392453057817140221e-04
1.391739966423262615e-04
1.391031189815542771e-04
1.390328905037659481e-04
1.389626820063835665e-04
1.388924838028904882e-04
1.388227195323358198e-04
1.387530669456322563e-04
1.386832048059847124e-04
1.386137705293702578e-04
1.385437884358259363e-04
1.384745298597590715e-04
1.384050259928126662e-04
1.383368409710467050e-04
1.382679271499422384e-04
1.381984350820790279e-04
1.381290483667944207e-04
1.380603563362083324e-04
1.379922189603373047e-04
1.379249257069099603e-04
1.378581080968374780e-04
1.377917105072117227e-04
1.377233625157366092e-04
1.376561816905027289e-04
1.375888628715382026e-04
1.375221151194038394e-04
1.374555346771506219e-04
1.373900539223727086e-04
1.373245649456720054e-04
1.372601940315023423e-04
1.371955753475501778e-04
1.371300081161709128e-04
1.370637659151962954e-04
1.369964416681979330e-04
1.369298319317407444e-04
1.368638501937537849e-04
1.367992099781100703e-04
1.367338703942560119e-04
1.366679599513285896e-04
1.366031518403102970e-04
1.365386992122173812e-04
1.364750947565164323e-04
1.364107817509592989e-04
1.363479299871663106e-04
1.362841517088778261e-04
1.362213226984706831e-04
1.361583132273051972e-04
1.360960884564149556e-04
1.360346052121096951e-04
1.359727718430849073e-04
1.359113198087668782e-04
1.358504001908293092e-04
1.357891790490575192e-04
1.357279070402118027e-04
1.356674948984990675e-04
1.356077007075566661e-04
1.355474192120686180e-04
1.354864591992317366e-04
1.354248215434737223e-04
1.353644285230833782e-04
1.353044247378481818e-04
1.352450990454433797e-04
1.351864055514757326e-04
1.351273865581573326e-04
1.350680084368356638e-04
1.350067480834508320e-04
1.349460055853101467e-04
1.348849384596068914e-04
1.348233460684268516e-04
1.347609611938357238e-04
1.346982206271957292e-04
1.346350357302383491e-04
1.345722125469818984e-04
1.345095403146626090e-04
1.344466010954053906e-04
1.343838716527913043e-04
1.343212906867673987e-04
1.342585158268071860e-04
1.341964118206673306e-04
1.341339973720078837e-04
1.340710159723970815e-04
1.340072456390603410e-04
1.339442052186260454e-04
1.338803888401807966e-04
1.338170497016047530e-04
1.337536026519338004e-04
1.336909118484075473e-04
1.336278287236488814e-04
1.335640938821809978e-04
1.334995377250535614e-04
1.334347020095464514e-04
1.333703008335626562e-04
1.333057698601193780e-04
1.332406037036673705e-04
1.331757128029995658e-04
1.331110325777274555e-04
1.330465686685741440e-04
1.329820844078791458e-04
1.329176344219398429e-04
1.328530838665796933e-04
1.327885381803940246e-04
1.327240111388879333e-04
1.326588854589705118e-04
1.325934861464968066e-04
1.325282123268901760e-04
1.324636368004216476e-04
1.323980898815358776e-04
1.323323268553510594e-04
1.322665062050558426e-04
1.322010433102878413e-04
1.321357439608241465e-04
1.320707086998649073e-04
1.320054311313560464e-04
1.319395723562235309e-04
1.318731269850187621e-04
1.318066270081421211e-04
1.317402193990177344e-04
1.316740357437615747e-04
1.316080087668111340e-04
1.315426790398575548e-04
1.314773147996519103e-04
1.314124467736499987e-04
1.313480303529008738e-04
1.312838530311738786e-04
1.312197019263461404e-04
1.311553346406568873e-04
1.310911786149196033e-04
1.310270664313471897e-04
1.309629648532703431e-04
1.308986454452247528e-04
1.308348762579312607e-04
1.307714106540426840e-04
1.307084904202876279e-04
1.306454580463287107e-04
1.305824016435789007e-04
1.305193805541653574e-04
1.304571578093616897e-04
1.303947132026004240e-04
1.303326580328924289e-04
1.302701822304836712e-04
1.302078664910093372e-04
1.301455166319959405e-04
1.300834596099461791e-04
1.300213711492602723e-04
1.299596208017429592e-04
1.298978535931771729e-04
1.298356072480292514e-04
1.297734739988122793e-04
1.297114416152985480e-04
