8.938019275000208541e-04
2.850135508062074784e-03
2.964237410004434258e-03
2.802337332924253934e-03
2.573832904258991760e-03
2.438549296567448042e-03
2.257658811088726625e-03
2.113013430808004679e-03
1.992179199951688191e-03
1.898199298606808054e-03
1.813155464275905369e-03
1.741868994756559392e-03
1.675106056391634192e-03
1.615526263448173591e-03
1.561250163859716298e-03
1.512268835611327517e-03
1.467845455188146681e-03
1.428598374720390241e-03
1.391320135269750839e-03
1.356358472176772941e-03
1.323881180483133923e-03
1.293471717597866142e-03
1.266210816573910087e-03
1.240242119974241820e-03
1.217477439862181413e-03
1.199223355851812556e-03
1.191426751299150266e-03
1.181374338984794020e-03
1.170386278610880066e-03
1.171382906963618032e-03
1.174098979227693011e-03
1.176329441724239047e-03
1.177995327908713027e-03
1.181448066520776824e-03
1.188321598738101411e-03
1.191596019416829967e-03
1.190901271176289175e-03
1.193136037120423511e-03
1.196800112316116511e-03
1.202978409015644868e-03
1.207851410284482407e-03
1.215376906651702282e-03
1.224087663798804557e-03
1.230302634894591719e-03
1.243089882637561736e-03
1.256122177935258682e-03
1.269628939417265625e-03
1.282133760186513535e-03
1.294913829429163556e-03
1.300651012975664053e-03
1.306485534297607918e-03
1.309376153597157678e-03
1.312303573087455219e-03
1.313432992917229784e-03
1.311892759217352447e-03
1.309073028410057951e-03
1.308066299537194834e-03
1.307049917208931216e-03
1.306605887109604704e-03
1.307136705375902845e-03
1.309736096505910831e-03
1.312300701970049981e-03
1.313721552814217913e-03
1.315718512111489292e-03
1.316272233655812638e-03
1.317415186130582250e-03
1.316966232855973145e-03
1.316893676130014360e-03
1.314119585575887136e-03
1.312240468448771201e-03
1.309481024540492611e-03
1.306576054714824950e-03
1.303277932328858035e-03
1.300654287079581290e-03
1.298370280147504666e-03
1.295863892867175557e-03
1.293574271784420950e-03
1.290404086916298147e-03
1.287696960972480043e-03
1.284474853764596856e-03
1.281285401484345832e-03
1.279296113868964033e-03
1.276868958688877212e-03
1.274584067163703248e-03
1.272399756229179116e-03
1.270244630966643751e-03
1.268827965125168085e-03
1.267550519418794534e-03
1.267032702451417314e-03
1.266236544300799322e-03
1.266424836174384659e-03
1.265838332195161602e-03
1.264629972849973943e-03
1.262976916854980898e-03
1.261040981680882364e-03
1.258715828128146447e-03
1.256384201275466492e-03
1.253801210641901625e-03
1.250979870221579845e-03
1.248480140131419435e-03
1.246014297716130544e-03
1.243228577602551160e-03
1.240590204021268595e-03
1.238065398261891780e-03
1.234827336141714263e-03
1.232038177194715468e-03
1.229702430197879759e-03
1.227567730125188545e-03
1.225776191396941300e-03
1.224123272951093289e-03
1.222714647556393235e-03
1.221174985042397694e-03
1.219973872245316837e-03
1.218731795451016712e-03
1.217286706735771183e-03
1.215662981171127801e-03
1.213902216150968428e-03
1.212356866290251710e-03
1.210751975125199699e-03
1.209405287691607067e-03
1.208422885922115844e-03
1.208059775748401756e-03
1.207267724596742565e-03
1.206663083984289972e-03
1.206058245755136597e-03
1.204921228033152764e-03
1.203680828704214350e-03
1.201984583148200643e-03
1.200302665916244552e-03
1.198416073381140682e-03
1.196497515071118277e-03
1.194733977303790752e-03
1.192763029766692913e-03
1.190701169916517661e-03
1.188951469515033346e-03
1.187124242110780981e-03
1.185447712520667747e-03
1.183743414485116489e-03
1.181969060944906402e-03
1.180195445629371280e-03
1.178420406741301132e-03
1.176550953918116971e-03
1.174909275962095212e-03
1.173241904027218533e-03
1.171607063706324144e-03
1.170036730082024733e-03
1.168441110979002344e-03
1.167101621620898018e-03
1.165401997837431543e-03
1.164053826121687731e-03
1.162600735353728825e-03
1.161633208573245937e-03
1.160602409828752910e-03
1.159802351820512318e-03
1.158952314589417653e-03
1.157979121229087702e-03
1.157164516944235487e-03
1.156548345920853024e-03
1.155747573355362908e-03
1.154865768008667658e-03
1.154055853047099506e-03
1.153261897692792323e-03
1.152463686852017591e-03
1.151824866505403314e-03
1.151178382423340271e-03
1.150622739355474647e-03
1.149966033127638098e-03
1.149196960798095930e-03
1.148580360503404212e-03
1.147816299461668641e-03
1.147069534693319912e-03
1.146122326279178658e-03
1.145313357592504669e-03
1.144504848802244817e-03
1.143654841659819989e-03
1.142716382369553772e-03
1.141902816929904561e-03
1.140994851822550423e-03
1.140023301733458956e-03
1.139078931418665902e-03
1.138244855404640411e-03
1.137621888596762696e-03
1.136746735583704085e-03
1.136005607092494159e-03
1.135097275199221326e-03
1.134282846213630330e-03
1.133421345745392510e-03
1.132785560103061456e-03
1.131946797663125432e-03
1.131213612846408223e-03
1.130299931532095575e-03
1.129576535831780179e-03
1.128707074560191632e-03
1.127895139474835830e-03
1.127078373645160709e-03
1.126089535842498017e-03
1.125274981243807671e-03
1.124501054545774337e-03
1.123805896664873934e-03
1.123007023490720738e-03
1.122322473430307143e-03
1.121753675747359401e-03
1.121113571952837926e-03
1.120424866044968451e-03
1.119773065008639870e-03
1.119012294864435561e-03
1.118201803300780586e-03
1.117327717697297849e-03
1.116323601347520835e-03
1.115431518235504918e-03
1.114514904409274511e-03
1.113623763943115364e-03
1.112581702241525637e-03
1.111706391515293341e-03
1.110774767623277362e-03
1.109818048928448144e-03
1.108864434823604627e-03
1.107794975090978934e-03
1.106757207428137480e-03
1.105754707525519751e-03
1.104710054759356838e-03
1.103597030378715600e-03
1.102528099428782453e-03
1.101432413378774632e-03
1.100330498524853835e-03
1.099237034323301667e-03
1.098145036935969498e-03
1.096999890595913617e-03
1.095932317829228847e-03
1.094868122809970886e-03
1.093745412034536181e-03
1.092581018408466179e-03
1.091486390222481083e-03
1.090369961434264554e-03
1.089284993031050010e-03
1.088170158689333875e-03
1.087007973933953745e-03
1.085854732604445887e-03
1.084730262651372986e-03
1.083652095640748195e-03
1.082561259394544586e-03
1.081554167385074313e-03
1.080556464981560078e-03
1.079493363702778777e-03
1.078457899501315993e-03
1.077360131668759742e-03
1.076298722345319682e-03
1.075195551091397703e-03
1.074069953456936646e-03
1.072935293337811411e-03
1.071877364829568842e-03
1.070776992426214621e-03
1.069688898263230136e-03
1.068506473806451855e-03
1.067243248210454198e-03
1.065998953458960081e-03
1.064738661561851277e-03
1.063464009870761619e-03
1.062182697051795681e-03
1.060887845389982135e-03
1.059542003519797423e-03
1.058197369711397218e-03
1.056871071997789050e-03
1.055496419142789655e-03
1.054190252957502589e-03
1.052871358162927196e-03
1.051569507136797211e-03
1.050277986646466636e-03
1.049028192389869253e-03
1.047805374574137293e-03
1.046503852772530602e-03
1.045208292885996216e-03
1.043879100928479711e-03
1.042615261908905579e-03
1.041323082446998262e-03
1.040096848829765710e-03
1.038910995382103875e-03
1.037816958959991058e-03
1.036702941868589871e-03
1.035592902595493681e-03
1.034465411134154753e-03
1.033329889328619576e-03
1.032187025478925775e-03
1.031028308019846197e-03
1.029865146143947889e-03
1.028761894865480326e-03
1.027579480517152579e-03
1.026392000414982821e-03
1.025207025955996668e-03
1.024017857397476914e-03
1.022862161930201269e-03
1.021712843941433154e-03
1.020585131148859202e-03
1.019406542099401004e-03
1.018219156611327534e-03
1.017057893199388397e-03
1.015928477657436100e-03
1.014782173471180009e-03
1.013706143161682881e-03
1.012644071780861464e-03
1.011605106860597250e-03
1.010542690582033522e-03
1.009482783353940656e-03
1.008445393482657222e-03
1.007417204289506787e-03
1.006403628350779726e-03
1.005402062919559178e-03
1.004399777218962803e-03
1.003420915526789456e-03
1.002470510021434471e-03
1.001539509313552562e-03
1.000635387918815062e-03
9.997178501179799278e-04
9.988012493952801510e-04
9.978806469951879282e-04
9.969798113340885056e-04
9.960337749935132753e-04
9.950731776949422753e-04
9.940991481244038259e-04
9.931523965254073112e-04
9.921899689073916933e-04
9.912408169075251352e-04
9.902937161951961935e-04
9.893553084874598912e-04
9.884197186093572791e-04
9.874666320194166146e-04
9.865014450575954660e-04
9.855826609077118425e-04
9.846742806629822740e-04
9.837751721727030618e-04
9.829087377920212726e-04
9.820667229051343802e-04
9.812243146813985021e-04
9.804280566127296804e-04
9.795819703105840357e-04
9.787255132332527228e-04
9.778664140570449224e-04
9.769522569520853756e-04
9.760416130523230736e-04
9.751082528199426364e-04
9.742097808132150517e-04
9.732786284816453623e-04
9.723587434111905610e-04
9.714067877179521351e-04
9.704922820382241464e-04
9.695650120813240373e-04
9.686587861463072944e-04
9.677321048625692678e-04
9.668110073305695657e-04
9.658662499329232192e-04
9.649489710215990428e-04
9.640321956938877187e-04
9.631343972774180327e-04
9.622115154697054740e-04
9.612965741324249174e-04
9.603946626378918709e-04
9.595074565774528884e-04
9.585816548861541110e-04
9.576617883289696535e-04
9.567257281334790335e-04
9.558013971922759691e-04
9.548632011369837186e-04
9.539107596487990306e-04
9.529425518642498528e-04
9.519913406625642519e-04
9.510245530827441751e-04
9.500595466330743685e-04
9.490542953219994506e-04
9.480666385100930101e-04
9.470663936151297365e-04
9.461068044408800634e-04
9.451630479819935447e-04
9.441624444830768815e-04
9.432069207398406348e-04
9.422319111763319483e-04
9.412842463395517528e-04
9.403069333694424100e-04
9.393714028965888556e-04
9.384193884633421296e-04
9.375010179770229546e-04
9.365679070784241117e-04
9.356458662479764845e-04
9.347133917688741711e-04
9.337967246690235482e-04
9.328872217085751924e-04
9.319747935456598655e-04
9.310513681304592899e-04
9.301324741190718746e-04
9.292180228030825486e-04
9.283205703542839323e-04
9.274465205824941692e-04
9.265311458020461868e-04
9.256384862243339107e-04
9.247678744396145263e-04
9.238978990875214682e-04
9.229980403491016248e-04
9.220833601930518994e-04
9.211653901579010435e-04
9.202374388128107055e-04
9.193124889125980524e-04
9.184087317227902217e-04
9.175027086965366211e-04
9.166236495793346397e-04
9.157480550756200372e-04
9.148656915121073990e-04
9.139928315549366439e-04
9.131321287870441646e-04
9.122735578909175027e-04
9.114087495578737218e-04
9.105482376276159999e-04
9.097098206141542931e-04
9.088742307677302821e-04
9.080544481277168364e-04
9.072443290848959197e-04
9.064186983997139097e-04
9.055912139431937513e-04
9.047739811648437000e-04
9.039871240626211552e-04
9.031626964578036432e-04
9.023484896030109937e-04
9.015264231809940864e-04
9.007076622963122422e-04
8.999058008638965728e-04
8.991033617718954818e-04
8.982986255184242323e-04
8.975213465278543455e-04
8.967416492889166302e-04
8.959726341880150163e-04
8.951948709126250929e-04
8.944099353668517709e-04
8.936296816441772518e-04
8.928546109624839466e-04
8.920905153034184307e-04
8.913330386778550935e-04
8.905614427169151028e-04
8.897797180832440643e-04
8.890188236165220883e-04
8.882518600904774127e-04
8.874793139239903639e-04
8.867114431293720515e-04
8.859438563091693360e-04
8.851595437018431505e-04
8.843746089985053249e-04
8.836050642566663747e-04
8.828451087210699563e-04
8.820903848069727238e-04
8.813501133436120938e-04
8.806384774252670657e-04
8.799099665585196446e-04
8.791802084834162085e-04
8.784676620993286684e-04
8.777587023388139188e-04
8.770609234327461038e-04
8.763668024984547916e-04
8.756867127657336734e-04
8.750077729416026696e-04
8.743314505779576501e-04
8.736644860629063031e-04
8.729962289214830218e-04
8.723535872489454092e-04
8.717303892789995826e-04
8.711086049471000042e-04
8.704993972208481751e-04
8.699060911369304021e-04
8.692915126464954671e-04
8.686680542476524431e-04
8.680265378246827248e-04
8.673997964726449248e-04
8.667833958303130647e-04
8.661494487807523375e-04
8.655082390103087994e-04
8.648782615012468944e-04
8.642299343044782889e-04
8.635692357690588020e-04
8.629145886116512806e-04
8.622629352992365300e-04
8.616243660552580074e-04
8.609971587807934822e-04
8.603476740662512967e-04
8.597211534092200373e-04
8.590911491461479923e-04
8.584406735267629271e-04
8.578181764996669787e-04
8.571813412558348336e-04
8.565487508872288592e-04
8.559119799963715945e-04
8.552892888416159523e-04
8.546565805611026348e-04
8.540170680745027328e-04
8.533859524393193775e-04
8.527548828538570247e-04
8.521140890166647606e-04
8.514739312412871516e-04
8.508260429085513343e-04
8.501705721320682030e-04
8.495245798095038417e-04
8.488695982196075651e-04
8.482018822459697809e-04
8.475380373934113948e-04
8.468756067257587981e-04
8.462135794275230626e-04
8.455483429003084108e-04
8.448793650647556464e-04
8.442191858177822790e-04
8.435577164678930307e-04
8.428928865867278946e-04
8.422330074040023902e-04
8.415786499751425542e-04
8.409406154252583709e-04
8.403194840246799987e-04
8.397186280343888571e-04
8.391224271210312316e-04
8.385273332941258493e-04
8.379432228700498453e-04
8.373461102166756187e-04
8.367617348957948195e-04
8.361819112311654704e-04
8.356141172254622331e-04
8.350462730368024642e-04
8.344766598159608856e-04
8.339001689084182259e-04
8.333334827451430258e-04
8.327713881934963903e-04
8.322064767292971458e-04
8.316620790946548103e-04
8.311175050999206884e-04
8.305659800452057026e-04
8.300005016701246128e-04
8.294359751016769236e-04
8.288754697234495573e-04
8.283045684363857198e-04
8.277442111377126144e-04
8.271794161722357142e-04
8.266212954934623125e-04
8.260673000072557906e-04
8.255278405760028450e-04
8.249809139718168550e-04
8.244254368042339999e-04
8.238852489983479856e-04
8.233310376811343173e-04
8.227678997606962521e-04
8.221993114246829368e-04
8.216425405039558608e-04
8.210944491880453437e-04
8.205387021453253854e-04
8.199887342189530071e-04
8.194219559119406138e-04
8.188513593309752368e-04
8.183020930785084692e-04
8.177458264668824913e-04
8.171931249093313801e-04
8.166365409041162352e-04
8.160974135255008458e-04
8.155559628332348333e-04
8.150072568710558640e-04
8.144538447052050104e-04
8.139094872602070391e-04
8.133654819676926738e-04
8.128200335948069632e-04
8.122790344763598704e-04
8.117447516920296788e-04
8.112215998646825485e-04
8.106973613106460957e-04
8.101688105635135523e-04
8.096478824410954919e-04
8.091332624528818759e-04
8.086130969433789071e-04
8.080954788715084131e-04
8.075805158475468778e-04
8.070771433891147208e-04
8.065774066446930153e-04
8.060759007543904110e-04
8.055852109977420031e-04
8.050910764180465532e-04
8.045976951037457159e-04
8.041014096934689199e-04
8.036136434168626545e-04
8.031286485544000299e-04
8.026366513586341480e-04
8.021462405352942655e-04
8.016597960115983551e-04
8.011710949657360574e-04
8.006835168293546540e-04
8.001876654884966132e-04
7.996830864905070651e-04
7.991766063567432108e-04
7.986712100252389918e-04
7.981638854397269181e-04
7.976668824730560447e-04
7.971758779266236621e-04
7.966859589562959830e-04
7.961933132185721167e-04
7.956965372276638641e-04
7.952065869329199253e-04
7.947139555390606968e-04
7.942170965867136187e-04
7.937176667585038679e-04
7.932148874346805221e-04
7.927111012727887460e-04
7.922123391484952410e-04
7.917102125787388398e-04
7.911977720243928676e-04
7.906878278642126079e-04
7.901746822629368344e-04
7.896633548703104561e-04
7.891494007220875139e-04
7.886391782737520390e-04
7.881232241660899359e-04
7.876025932560305493e-04
7.870872586247979093e-04
7.865745667337486428e-04
7.860681302636363674e-04
7.855551441452846397e-04
7.850434657257905320e-04
7.845328952267053776e-04
7.840255261972903190e-04
7.835138315034011853e-04
7.830003300174971127e-04
7.824878964827181429e-04
7.819684197754587151e-04
7.814567773848249497e-04
7.809426188329157562e-04
7.804309416276559823e-04
7.799184227673485771e-04
7.794068957428261155e-04
7.788929125063366555e-04
7.783764647837050155e-04
7.778670552322640864e-04
7.773549774565371084e-04
7.768429888417383369e-04
7.763335682321979847e-04
7.758301487509635091e-04
7.753234386526457449e-04
7.748205626839398726e-04
7.743178725987830049e-04
7.738198196604524929e-04
7.733260705807664531e-04
7.728303836776381211e-04
7.723453621349636372e-04
7.718614202394895709e-04
7.713767758819489078e-04
7.708968062745684587e-04
7.704207268090037825e-04
7.699535762735856869e-04
7.694889669789845444e-04
7.690337704959478811e-04
7.685727470527491155e-04
7.681157312804697598e-04
7.676610096693817177e-04
7.672077822652735015e-04
7.667515284686186698e-04
7.662951137949069362e-04
7.658379436734315043e-04
7.653838586510067557e-04
7.649229868632321030e-04
7.644638377564549761e-04
7.640039353347314027e-04
7.635488578955931761e-04
7.630939673111810859e-04
7.626399901333396443e-04
7.621849842964856323e-04
7.617277952296441995e-04
7.612752066146320383e-04
7.608288370750621119e-04
7.603799489157558053e-04
7.599341024990696487e-04
7.594806659295364349e-04
7.590275413731126892e-04
7.585776973527921276e-04
7.581265994790238475e-04
7.576788076897066938e-04
7.572310596044056407e-04
7.567801171578722452e-04
7.563298265196780317e-04
7.558781435307070432e-04
7.554256478694697675e-04
7.549680747411800005e-04
7.545113062039981652e-04
7.540503634303353381e-04
7.535934675624747330e-04
7.531307894344332638e-04
7.526719963427197036e-04
7.522112743594814481e-04
7.517486611402238389e-04
7.512790542542783579e-04
7.508116717228312123e-04
7.503492756903800114e-04
7.498870391100519736e-04
7.494254646637215234e-04
7.489656882575882737e-04
7.485062440973519427e-04
7.480483855338501426e-04
7.475986960373488853e-04
7.471512109731470903e-04
7.466987218694591316e-04
7.462452370747401373e-04
7.457929230410186234e-04
7.453422626382171304e-04
7.448890891254951680e-04
7.444390522114380324e-04
7.439887717040177513e-04
7.435403105597165061e-04
7.430971090229541477e-04
7.426595199117289091e-04
7.422269686304573287e-04
7.417914930960029397e-04
7.413572443822135727e-04
7.409248793340336573e-04
7.404911685496154763e-04
7.400615463931219107e-04
7.396245570197835205e-04
7.391905590290756643e-04
7.387522617134801694e-04
7.383172691113811274e-04
7.378853118552789869e-04
7.374565156531041410e-04
7.370272343259814864e-04
7.365971649341773947e-04
7.361644184284249189e-04
7.357282810710163426e-04
7.352921765450779476e-04
7.348532303099493271e-04
7.344141655256569484e-04
7.339763689300165357e-04
7.335389675733802999e-04
7.331022041462794325e-04
7.326671609036130217e-04
7.322307982511021014e-04
7.317996832500525553e-04
7.313676970580079055e-04
7.309432853613477901e-04
7.305194077112170045e-04
7.300950050553619945e-04
7.296720796050316623e-04
7.292542371586012775e-04
7.288371182243065126e-04
7.284203343069041220e-04
7.280041490677824009e-04
7.275908007035061754e-04
7.271851807424302297e-04
7.267817895452113484e-04
7.263816184163556780e-04
7.259823732246992092e-04
7.255880535727552740e-04
7.251929104278738696e-04
7.248020278420038527e-04
7.244145328242734654e-04
7.240294525708174675e-04
7.236490175363069705e-04
7.232716924901979368e-04
7.229022573850738508e-04
7.225311543744287112e-04
7.221633786729999161e-04
7.217961428102354516e-04
7.214281075204320975e-04
7.210634378941511470e-04
7.207001398029020105e-04
7.203372331766299532e-04
7.199766006712478685e-04
7.196209819719263240e-04
7.192650277933427877e-04
7.189142796745647251e-04
7.185641396223808094e-04
7.182112794505016509e-04
7.178587717632375562e-04
7.175022519954042145e-04
7.171495975498684604e-04
7.167971593881097272e-04
7.164434450369509605e-04
7.160877380843954851e-04
7.157351144601299632e-04
7.153844236909276183e-04
7.150387684706746615e-04
7.146952722930729638e-04
7.143545435453710910e-04
7.140178887360237436e-04
7.136767016793950369e-04
7.133388782422559306e-04
7.130009922106086886e-04
7.126675950003528602e-04
7.123305966672918059e-04
7.119942646119147098e-04
7.116600490603746049e-04
7.113275754156142333e-04
7.110003606196170023e-04
7.106690583170956546e-04
7.103426605473560536e-04
7.100172461642536561e-04
7.096965839217928658e-04
7.093748097253700082e-04
7.090551356474234087e-04
7.087390205460053320e-04
7.084198901261337796e-04
7.081027829701870080e-04
7.077846919838120870e-04
7.074642484978869690e-04
7.071444046191118068e-04
7.068225012119689179e-04
7.065064540080522645e-04
7.061923942772037853e-04
7.058771932426374318e-04
7.055628357607316358e-04
7.052491659294272313e-04
7.049378355452955939e-04
7.046233112431261403e-04
7.043047668099794434e-04
7.039918266002438219e-04
7.036774587727086163e-04
7.033656428271305681e-04
7.030533634881934620e-04
7.027382914621012593e-04
7.024272164391589558e-04
7.021116125807355408e-04
7.017942133369513454e-04
7.014780493199557340e-04
7.011610254910909589e-04
7.008363350923985276e-04
7.005082479092855164e-04
7.001780989211613864e-04
6.998446005928483796e-04
6.995115995223850696e-04
6.991851696623223398e-04
6.988580184260986556e-04
6.985342239856921938e-04
6.982141113582954759e-04
6.978904413873380846e-04
6.975713363251124198e-04
6.972510986722128389e-04
6.969289341182866070e-04
6.966052039085446606e-04
6.962732600387485293e-04
6.959441244645927019e-04
6.956189085844377822e-04
6.952967353756933687e-04
6.949792300825486909e-04
6.946668974123085608e-04
6.943521642379240104e-04
6.940505769435233218e-04
6.937520300663676436e-04
6.934533811933349433e-04
6.931597651416509338e-04
6.928619760930194733e-04
6.925704262916386987e-04
6.922789807880148786e-04
6.919892477503245464e-04
6.917018147636758759e-04
6.914172109989085010e-04
6.911413648802302396e-04
6.908620439125010091e-04
6.905837775565336302e-04
6.902998421243699244e-04
6.900212112413576029e-04
6.897414961680880694e-04
6.894599802166157887e-04
6.891802740988014478e-04
6.888938665344316583e-04
6.886104099523269496e-04
6.883229921628600083e-04
6.880406137784671845e-04
6.877581204781339904e-04
6.874770237284002442e-04
6.871930210650811083e-04
6.869084871854239105e-04
6.866234795880492075e-04
6.863412722213519399e-04
6.860605034334659770e-04
6.857834394396078882e-04
6.855049245584238270e-04
6.852285771440801056e-04
6.849526935878809874e-04
6.846840678208948074e-04
6.844109211222567995e-04
6.841422655770219591e-04
6.838703326227422259e-04
6.835970179823185229e-04
6.833252959035411795e-04
6.830490638560639087e-04
6.827733156218186283e-04
6.824969309925895452e-04
6.822253938901552553e-04
6.819515505485154987e-04
6.816778297543419490e-04
6.814048143571329805e-04
6.811306617110993861e-04
6.808608555459333975e-04
6.805854512669911585e-04
6.803103197393899635e-04
6.800370816641008098e-04
6.797653194541825429e-04
6.794931404181455163e-04
6.792225342770383516e-04
6.789566539956360574e-04
6.786944427941758685e-04
6.784376320610927512e-04
6.781780499489863372e-04
6.779246908286616332e-04
6.776705773347883833e-04
6.774150940041293555e-04
6.771629507652068315e-04
6.769102487349128432e-04
6.766589836267998146e-04
6.764053745012093806e-04
6.761484733936695387e-04
6.758882015818724279e-04
6.756314237424642906e-04
6.753711678442258452e-04
6.751089580673921321e-04
6.748502430315596714e-04
6.745947563269979238e-04
6.743368250652502678e-04
6.740871309212620845e-04
6.738361441253497069e-04
6.735868364270473051e-04
6.733365326522631903e-04
6.730887127819675268e-04
6.728419512554656510e-04
6.725979432932967022e-04
6.723501950777029590e-04
6.721021971083020619e-04
6.718559353827649070e-04
6.716047468219596504e-04
6.713529044355097267e-04
6.711042239776673088e-04
6.708599350483001765e-04
6.706158733071272996e-04
6.703760629540081971e-04
6.701371501685093662e-04
6.698940273375420407e-04
6.696499642055048522e-04
6.694097915406143446e-04
6.691718216079369386e-04
6.689345460161297057e-04
6.686951394393934834e-04
6.684554425296568899e-04
6.682131623439154042e-04
6.679663764983775941e-04
6.677243125699719320e-04
6.674832059648409593e-04
6.672422467932192895e-04
6.670040358519769988e-04
6.667682229171249548e-04
6.665337859513471592e-04
6.663053334925990532e-04
6.660721871212434966e-04
6.658447912695588441e-04
6.656104396683375094e-04
6.653731732739920791e-04
6.651321839960487852e-04
6.648930019796154244e-04
6.646520027822479075e-04
6.644104829169673095e-04
6.641722750399555288e-04
6.639315952490064269e-04
6.636887397355582417e-04
6.634440471338214898e-04
6.632016755506532678e-04
6.629570446022850158e-04
6.627131546597786861e-04
6.624697301015492618e-04
6.622237617505794764e-04
6.619814312089492610e-04
6.617374222545841867e-04
6.614897563237068104e-04
6.612408316027275487e-04
6.609876026982612314e-04
6.607336746341898118e-04
6.604783695704286636e-04
6.602246607561860397e-04
6.599717427975594370e-04
6.597206575194100456e-04
6.594727613101260830e-04
6.592231252763691533e-04
6.589701859349202800e-04
6.587143643800056833e-04
6.584546283443403663e-04
6.581930785092399670e-04
6.579338148006404555e-04
6.576714191736603805e-04
6.574111143527780043e-04
6.571503402753463199e-04
6.568941236921029903e-04
6.566374541197374281e-04
6.563814963207794404e-04
6.561253617236149525e-04
6.558712839476970972e-04
6.556187372529279338e-04
6.553652147404158629e-04
6.551140968470933225e-04
6.548623943130447598e-04
6.546080206829473164e-04
6.543517302808438910e-04
6.540962727063363066e-04
6.538412813610042142e-04
6.535858623448907376e-04
6.533320964029183751e-04
6.530795008988008301e-04
6.528291002587766024e-04
6.525800800906223290e-04
6.523277818065011200e-04
6.520780947440072903e-04
