6.567260665093462194e+03
4.712592700032007087e+03
4.712592700032007087e+03
6.063622681541444763e+03
5.505874569089967736e+03
6.133559955471182548e+03
4.697166533950633493e+03
6.839262092140043023e+03
6.873578555985808634e+03
6.173699499970695797e+03
6.677513545397821872e+03
6.726936483580801905e+03
5.581797444191273826e+03
4.852616040216393230e+03
6.580640221050808577e+03
6.929138819323040480e+03
5.138723589271935452e+03
4.864507555644203421e+03
6.039237936276173969e+03
6.360250087533197984e+03
5.641846665778380157e+03
5.507283754525954464e+03
6.213987825277657976e+03
7.323269912648896025e+03
6.120814544612478130e+03
6.088596923575647452e+03
5.618816757507036527e+03
5.395344901828547336e+03
4.916279733519611000e+03
5.880982209937462358e+03
5.788775114538666458e+03
5.088462782038704063e+03
5.152907184756280003e+03
5.454704676813238621e+03
5.934045039766853733e+03
6.145056812072686625e+03
8.088052637913560829e+03
6.256609871707657476e+03
7.325801873114483897e+03
5.046544028006191184e+03
5.561216880271841546e+03
5.336639492526252980e+03
5.335096676773086983e+03
6.507717812300746118e+03
6.100618749391241181e+03
6.796872545322511542e+03
4.918741041321746707e+03
5.135697927262955091e+03
4.994109085804603637e+03
6.520262658083931456e+03
4.418371287821591068e+03
6.225688294490949374e+03
4.126970150907129209e+03
6.130624122374192666e+03
4.738191796707514186e+03
4.296165382350741311e+03
6.262029060149086945e+03
5.823465082152510149e+03
6.315969378404956842e+03
5.652608392949302470e+03
5.076939735032800854e+03
4.590615402124728462e+03
5.546799053274955440e+03
4.853931553693481874e+03
6.534942320415970244e+03
4.998331594046212558e+03
6.464837899429879144e+03
5.602719466484916666e+03
5.736125355553911504e+03
4.916141817389116113e+03
7.452240866119361272e+03
6.142406032545245580e+03
5.726335663355732322e+03
5.354152416629395702e+03
7.118740817940830311e+03
5.588834998770010316e+03
6.455379221643271194e+03
5.572439641981012755e+03
5.464756607291165892e+03
5.596284140040627790e+03
6.709726240508584851e+03
4.571923186754964263e+03
6.664907155564573259e+03
6.846503671154029689e+03
5.113992609878078838e+03
5.972482725742553157e+03
5.767403974110544368e+03
6.614174705535486282e+03
4.805277188559846763e+03
5.410188371489070960e+03
5.259595659251286634e+03
4.827343259470140765e+03
5.917332944474932447e+03
4.846557778160429734e+03
6.036249806793253811e+03
6.757652936265541939e+03
5.011177077340758842e+03
7.624334268498924757e+03
7.064556783056462336e+03
6.564363138179234738e+03
