7.137905305286263683e+03
7.872942044714872281e+03
7.872942044714872281e+03
8.364692214166376289e+03
8.040858151290949536e+03
7.722794299256615886e+03
7.979691676296099104e+03
7.085257848354784073e+03
7.717629769527985445e+03
8.053214648287724231e+03
8.365065865918522832e+03
7.934828455088656483e+03
6.374524559072089687e+03
7.456742386903468287e+03
7.333306726640448687e+03
8.020488966451020133e+03
6.929572147901768403e+03
8.222131490123923868e+03
7.481753432564779359e+03
8.126338935853710609e+03
7.525368716296285129e+03
6.996685621759589594e+03
7.738754527877170403e+03
7.365198413915623860e+03
7.759346963055887500e+03
9.081562543354903028e+03
7.362516875643914318e+03
7.341112373620515427e+03
5.946473216407844120e+03
8.320772480568071842e+03
7.493172825036866925e+03
7.952019985786267171e+03
7.883100229990100161e+03
8.133311280826706934e+03
7.277597974496185998e+03
9.223573809942623484e+03
6.500576176391335139e+03
7.427105013940571553e+03
6.357078885857387831e+03
7.248828212205655291e+03
7.000303118105081012e+03
7.768547175152464661e+03
7.491262069247604813e+03
7.877804890222093491e+03
7.217602178502454080e+03
7.644160058661108451e+03
9.279312555065880588e+03
6.215807436692173724e+03
8.351142167711283037e+03
7.877569873627073321e+03
6.526066816201147958e+03
8.621084530872265532e+03
7.168090104301468273e+03
7.874058796343494578e+03
7.558172691339384983e+03
7.922487649738358414e+03
6.712179647289280183e+03
7.906375869342634360e+03
6.828566736893458256e+03
7.470667504318189458e+03
8.508060591579162065e+03
7.035964689278624064e+03
6.706100512692764823e+03
6.167280965400217610e+03
8.164067665822047275e+03
6.621501016474408061e+03
7.226553186909297438e+03
7.485155734758304789e+03
7.968860224540633681e+03
6.803833459403759662e+03
6.879537600450696118e+03
6.661214516107680538e+03
6.503107411437831615e+03
7.486091887278242211e+03
6.788073494409411069e+03
7.217890893215809228e+03
7.662581922850506999e+03
7.842940153852264302e+03
8.486338957715985089e+03
6.818656247410651304e+03
6.650385642541608831e+03
7.239508984293334834e+03
7.805414235917212864e+03
6.523536802899523536e+03
7.573449467478789302e+03
9.110682976498343123e+03
6.888696471606134764e+03
7.038830215215657518e+03
6.065256156578991977e+03
7.581390911337461148e+03
7.389664508690750154e+03
8.059103663506747580e+03
7.263673000907284404e+03
8.079138381019048211e+03
7.887528942334477506e+03
6.831087838714146528e+03
7.732114865101272699e+03
7.627142676375593510e+03
6.766463256047180948e+03
7.900175467776884034e+03
