8.281737499999525243e-04
8.690363502273395395e-04
7.184275401665914671e-04
7.531400000686978846e-04
6.745436893557480449e-04
6.492752233331834828e-04
6.051976098919106557e-04
6.048990628798230898e-04
5.887079650541084033e-04
5.713013095053651007e-04
5.495243327951454104e-04
5.282563277485487381e-04
5.177432018821724168e-04
5.081158463759921423e-04
4.933636870003895456e-04
4.788121287779602015e-04
4.648538251939000172e-04
4.517567670405511272e-04
4.405603107022316805e-04
4.294413472158912083e-04
4.191513034156655704e-04
4.095148968877528506e-04
4.005219680843627103e-04
3.922155641777786707e-04
3.845923650681507921e-04
3.772844193159329701e-04
3.703715216964388515e-04
3.658676681526931381e-04
3.606070642719496721e-04
3.559963402082775359e-04
3.519326976939322546e-04
3.486425305090325101e-04
3.460824709366331123e-04
3.426411425852055525e-04
3.398607566207525305e-04
3.378774574989315787e-04
3.352662173782126778e-04
3.329178008217342408e-04
3.309862146261065112e-04
3.285732964683348262e-04
3.271681592575925420e-04
3.252305732951922177e-04
3.235925151561523704e-04
3.218634747750351278e-04
3.191198926292370514e-04
3.170758751959057062e-04
3.149241436821821009e-04
3.128547445995979591e-04
3.105667720933919006e-04
3.083136495449214308e-04
3.062487224791089410e-04
3.042258209697609045e-04
3.020737255992859299e-04
3.002466449982391702e-04
2.982990324313665909e-04
2.967131002836235717e-04
2.950049745831973165e-04
2.937346537188005851e-04
2.926840627095699367e-04
2.914731575809935481e-04
2.902360665107974976e-04
2.890629450190543618e-04
2.879072601727558503e-04
2.869038376838314538e-04
2.856168354700299480e-04
2.844662043568091272e-04
2.829471736586363804e-04
2.815281630558047715e-04
2.801392075899735812e-04
2.784513443104974116e-04
2.768651646815231378e-04
2.751938356645557485e-04
2.736512519037638796e-04
2.721667226917992631e-04
2.707248340240116019e-04
2.692544258947959595e-04
2.677989455094514676e-04
2.664134354570120954e-04
2.649698972254510435e-04
2.636574602841813071e-04
2.624267395874309143e-04
2.612762672493442470e-04
2.601762948511516160e-04
2.590220166672803229e-04
2.579760850293827705e-04
2.571509531169047800e-04
2.563837098947471544e-04
2.555461030770177287e-04
2.548708144383699122e-04
2.540024595052220381e-04
2.530901491981029598e-04
2.521723924218752114e-04
2.513562759627734088e-04
2.506209326733186316e-04
2.501350256135222790e-04
2.496121755598853902e-04
2.491029648228510764e-04
2.485517210895714217e-04
2.479631347084571957e-04
2.473088620056010248e-04
2.465956250614143638e-04
2.460737195392599620e-04
2.454435175784005227e-04
2.448094720555414865e-04
2.441661726082547629e-04
2.434006710597776319e-04
2.426279994289363181e-04
2.418620726203077125e-04
2.410108935204429629e-04
2.402409077534909635e-04
2.394444539118840249e-04
2.387131080382545202e-04
2.380812547091135957e-04
2.374781187378171914e-04
2.368952142112460053e-04
2.361905052832811178e-04
2.355984142575840497e-04
2.349615862202524648e-04
2.343757963086572701e-04
2.337550719498930521e-04
2.330680133549505940e-04
2.324618704926483914e-04
2.319224767163455096e-04
2.313749742256166126e-04
2.307605733305740899e-04
2.301370667589349914e-04
2.295043960703472858e-04
2.288416199484142460e-04
2.282409095019087054e-04
2.276191132895751261e-04
2.269666408078518450e-04
2.262882639459237104e-04
2.255877050010422118e-04
2.248648636534562807e-04
2.241447847409954797e-04
2.234448472260268804e-04
2.226858605274975394e-04
2.220139282823894230e-04
2.213045079495754887e-04
2.205922359307281924e-04
2.198948080756902299e-04
2.191895561626259949e-04
2.185117363795365940e-04
2.178143733207070964e-04
2.171324079837594681e-04
2.164463184656011336e-04
2.157603564583191141e-04
2.150669411332166642e-04
2.144140782081428536e-04
2.137554142131431033e-04
2.131176963368791621e-04
2.124833413226435888e-04
2.118358003382791370e-04
2.112025475026862152e-04
2.106108361018541378e-04
2.100470268651714813e-04
2.094581720949644584e-04
2.089005310978231996e-04
2.083530847013088895e-04
2.077696448989961120e-04
2.071907658338921791e-04
2.066342011333363864e-04
2.060509277233660860e-04
2.054722314172800605e-04
2.048875384954897680e-04
2.043124002620073541e-04
2.037499569397575004e-04
2.031852040058052368e-04
2.026178536863014338e-04
2.020801675185005257e-04
2.015164436188692865e-04
2.009540082022142043e-04
2.003921573694140512e-04
1.998362839085447067e-04
1.992924801470788909e-04
1.987522414963814154e-04
1.982387386144848090e-04
1.977202165196900328e-04
1.972023823098947067e-04
1.966825612520401757e-04
1.961701934276798660e-04
1.956438501721474547e-04
1.951234674966875022e-04
1.946003202396716001e-04
1.940798196287780932e-04
1.935648632017702270e-04
1.930510427496626613e-04
1.925446654389151031e-04
1.920357592508771354e-04
1.915308511699645390e-04
1.910294812024344294e-04
1.905322433912176464e-04
1.900415936199403725e-04
1.895602535426706581e-04
1.890780277459630195e-04
1.886004040732329663e-04
1.881274061443236403e-04
1.876629522776224592e-04
1.872011171260758318e-04
1.867435488537095894e-04
1.862966407198416504e-04
1.858490618335917159e-04
1.854026792872646870e-04
1.849583505503837107e-04
1.845188005981769706e-04
1.840873014733613179e-04
1.836595290455751955e-04
1.832352032764315657e-04
1.828088306608751149e-04
1.823803309778286390e-04
1.819577391071605719e-04
1.815343976221166428e-04
1.811088261777675577e-04
1.806881045948830497e-04
1.802718938107090627e-04
1.798565744977762492e-04
1.794422646273367611e-04
1.790330312960165240e-04
1.786263482018342081e-04
1.782205464617089570e-04
1.778181598099169518e-04
1.774172799573179064e-04
1.770196414130624138e-04
1.766270682840889695e-04
1.762355291269699503e-04
1.758483193443053272e-04
1.754634410602342307e-04
1.750831768621132292e-04
1.747044898287274377e-04
1.743243262365722687e-04
1.739466765932440415e-04
1.735717373730319868e-04
1.731994280852851764e-04
1.728289560220203167e-04
1.724615646665685498e-04
1.720958258965956994e-04
1.717323754508648305e-04
1.713712158818421298e-04
1.710123268653085643e-04
1.706563119772076993e-04
1.703032589680927508e-04
1.699530224719587868e-04
1.696039969163788436e-04
1.692592693220874996e-04
1.689142841296623597e-04
1.685718385360145057e-04
1.682313537797982855e-04
1.678939386765062203e-04
1.675592331853355016e-04
1.672263994415760895e-04
1.668998843551992622e-04
1.665725848796803629e-04
1.662505832635023043e-04
1.659327241801951771e-04
1.656166968943782183e-04
1.653019812890962805e-04
1.649885702107501718e-04
1.646805530528579068e-04
1.643681399633647056e-04
1.640567792226768509e-04
1.637463941963107259e-04
1.634387769055207541e-04
1.631344032830207749e-04
1.628299839191047426e-04
1.625297578088629586e-04
1.622321219989213289e-04
1.619430454706340713e-04
1.616547657759533985e-04
1.613685549662878266e-04
1.610869675625820389e-04
1.608036215843122588e-04
1.605279374654140702e-04
1.602552406188474817e-04
1.599938353736984225e-04
1.597386779717329612e-04
1.594752246536920389e-04
1.592248642903547177e-04
1.589718301951979806e-04
1.587178163753918806e-04
1.584642242580715373e-04
1.582091335152566332e-04
1.579572889466618910e-04
1.577132953475173026e-04
1.574810374190877720e-04
1.572519687628196007e-04
1.570163934245699428e-04
1.567844168780518086e-04
1.565403499777137631e-04
1.563099297608573450e-04
1.560632974569341246e-04
1.558218203130200372e-04
1.555803261789994439e-04
1.553470044027625667e-04
1.551224689288382746e-04
1.548956745683606159e-04
1.546762749573329650e-04
1.544545769675966060e-04
1.542360520613867011e-04
1.540244392908992038e-04
1.538012293577808282e-04
1.535830118466632681e-04
1.533655037084650000e-04
1.531476657301578928e-04
1.529255978310345584e-04
1.527108565947520459e-04
1.525016713840140125e-04
1.522870008640858760e-04
1.520711119176490185e-04
1.518635579133759182e-04
1.516531522506357570e-04
1.514389795443933206e-04
1.512243675619833600e-04
1.510141823987739965e-04
1.508052996941174539e-04
1.505869026326332131e-04
1.503634041686390779e-04
1.501416502081936945e-04
1.499149585573423486e-04
1.496900811946065243e-04
1.494629130789574677e-04
1.492391105143657103e-04
1.490164946107756468e-04
1.487950531223119837e-04
1.485742253912919518e-04
1.483544103888089914e-04
1.481373389817805606e-04
1.479256298454390461e-04
1.477127202622132460e-04
1.474968091132394332e-04
1.472829366824105802e-04
1.470691371334208273e-04
1.468573587748348128e-04
1.466427614891390211e-04
1.464351894335830402e-04
1.462260183467582004e-04
1.460181555212141898e-04
1.458101379758282063e-04
1.456044086363619957e-04
1.454028871834957368e-04
1.452017152213971570e-04
1.450042938232142496e-04
1.448054397883761742e-04
1.446071688976180794e-04
1.444052283542523205e-04
1.442051368223577030e-04
1.440076299936917411e-04
1.438121840830846026e-04
1.436189224219164165e-04
1.434235962317974397e-04
1.432365950706484463e-04
1.430548417565630150e-04
1.428731212415381975e-04
1.426998182718937488e-04
1.425255765867576769e-04
1.423512232970791300e-04
1.421779211826112066e-04
1.420063891392611471e-04
1.418336244703947827e-04
1.416649575004000166e-04
1.414959344452774764e-04
1.413331283329176944e-04
1.411695704827102419e-04
1.410113399006109622e-04
1.408521446755423652e-04
1.406887429267156763e-04
1.405292636078050409e-04
1.403710327171944609e-04
1.402117462709161872e-04
1.400576958178617343e-04
1.399064153759119959e-04
1.397565870912049915e-04
1.396079159049043894e-04
1.394612431752057869e-04
1.393174250542499569e-04
1.391809004837572545e-04
1.390403363239965900e-04
1.388949675042448805e-04
1.387544388844293348e-04
1.386053721185416879e-04
1.384694336193885021e-04
1.383215718477776328e-04
1.381811504401010205e-04
1.380359476175755838e-04
1.378921532775887826e-04
1.377398528146455932e-04
1.375899450314547025e-04
1.374464418288866264e-04
1.373035749387321988e-04
1.371639176313108500e-04
1.370203724099221677e-04
1.368839158664819351e-04
1.367383065009823814e-04
1.365978708885316121e-04
1.364545564191518747e-04
1.363106909569511611e-04
1.361653516549104267e-04
1.360203107807065237e-04
1.358682940687483637e-04
1.357189125932525440e-04
1.355662125671642517e-04
1.354152666111806732e-04
1.352676648202261645e-04
1.351276100934419347e-04
1.349858146344041056e-04
1.348492273925723647e-04
1.347148907992099746e-04
1.345788507045900760e-04
1.344462511262508231e-04
1.343174763647351827e-04
1.341952184315957396e-04
1.340748420424408237e-04
1.339500193995238472e-04
1.338283097458258376e-04
1.337040840655588007e-04
1.335798072065256777e-04
1.334557312024619029e-04
1.333324894344713619e-04
1.332130303946371924e-04
1.330937246956089503e-04
1.329767172383953394e-04
1.328610288202315888e-04
1.327458706089171562e-04
1.326280728672193704e-04
1.325086231152196997e-04
1.323919174968953667e-04
1.322728435611154744e-04
1.321582789346356472e-04
1.320417705020387230e-04
1.319294310141509144e-04
1.318163129080181673e-04
1.317035884672426770e-04
1.315847940510347697e-04
1.314705604827437805e-04
1.313559288352099635e-04
1.312416211105872914e-04
1.311238380492685967e-04
1.310041757646020861e-04
1.308901747407002509e-04
1.307728382418728329e-04
1.306535136260837736e-04
1.305356992327948032e-04
1.304232344317088896e-04
1.303137795234635577e-04
1.302070882260796219e-04
1.300985917166038158e-04
1.299935859074189770e-04
1.298883791975679453e-04
1.297842584383802639e-04
1.296805761442169891e-04
1.295769431125372111e-04
1.294719684078892601e-04
1.293685861412971320e-04
1.292689034962087936e-04
1.291706281551214630e-04
1.290740982600001438e-04
1.289763749388534765e-04
1.288790825354021888e-04
1.287833290876286925e-04
1.286934922798422794e-04
1.285994207683464007e-04
1.285056692136604564e-04
1.284191587880927868e-04
1.283311633170302571e-04
1.282459058628585501e-04
1.281604810832015614e-04
1.280743116426048909e-04
1.279961132142870789e-04
1.279160265286996740e-04
1.278363106879292009e-04
1.277532709332199591e-04
1.276618537261264646e-04
1.275655834984098028e-04
1.274688553183622719e-04
1.273731381173343980e-04
1.272751695965925649e-04
1.271773300576819153e-04
1.270816249495870603e-04
1.269807801280783553e-04
1.268833455227260699e-04
1.267857317033347221e-04
1.266919507895913021e-04
1.265969904195492224e-04
1.265031637362453788e-04
1.264089536643730300e-04
1.263155667126343118e-04
1.262213665519347028e-04
1.261307261540689907e-04
1.260431796458870055e-04
1.259522790136103417e-04
1.258629532086166347e-04
1.257711397833262163e-04
1.256797930403175112e-04
1.255909073851390538e-04
1.255017776180278614e-04
1.254157109247817762e-04
1.253307928738613141e-04
1.252466406675417231e-04
1.251596502789310296e-04
1.250813049135907182e-04
1.250057223040439418e-04
1.249262878950024370e-04
1.248502204796444689e-04
1.247771432037632887e-04
1.247114635401563789e-04
1.246404235180719031e-04
1.245736704428296727e-04
1.245042801489904579e-04
1.244425319920426751e-04
1.243689661869389941e-04
1.242941193650878818e-04
1.242205745884993929e-04
1.241416664112426525e-04
1.240631639138725954e-04
1.239837328794786029e-04
1.239043500693557851e-04
1.238178684028491661e-04
1.237305912035158129e-04
1.236421037917669356e-04
1.235516553388810450e-04
1.234685467966642393e-04
1.233845026668777499e-04
1.232957338223548689e-04
1.232092508817349481e-04
1.231225102575913926e-04
1.230383195800559780e-04
1.229499869072984421e-04
1.228636739714020090e-04
1.227783595456275736e-04
1.226913851144586284e-04
1.226023976580977240e-04
1.225130515005204391e-04
1.224231387508560500e-04
1.223342164195309351e-04
1.222480450889610064e-04
1.221610514453229076e-04
1.220734040860385779e-04
1.219915008115747513e-04
1.219074489575423500e-04
1.218186536725988288e-04
1.217310018956354944e-04
1.216440911500743483e-04
1.215624807036993387e-04
1.214763403965669994e-04
1.213880516346142112e-04
1.213017799468228209e-04
1.212132089357500960e-04
1.211231754499940232e-04
1.210339819415360896e-04
1.209471821279906463e-04
1.208597741795147147e-04
1.207716936420979287e-04
1.206821837557928162e-04
1.205938428886679087e-04
1.205074677300300984e-04
1.204207646455914623e-04
1.203367584296372706e-04
1.202532130698067547e-04
1.201700589361970784e-04
1.200861890109669139e-04
1.200032999229434376e-04
1.199224511763074771e-04
1.198402844812632850e-04
1.197575569918052840e-04
1.196752178124077401e-04
1.195954088276145123e-04
1.195150647403478720e-04
1.194363314873527577e-04
1.193589616080323557e-04
1.192811202999294947e-04
1.192036251821386737e-04
1.191331327975152389e-04
1.190612242751856666e-04
1.189898988699230421e-04
1.189218361814462096e-04
1.188504747165206255e-04
1.187816025692907694e-04
1.187143749589079732e-04
1.186440385423166748e-04
1.185718431605863672e-04
1.184985033810654985e-04
1.184221129203241182e-04
1.183460558330768990e-04
1.182707080468002451e-04
1.181957186674274915e-04
1.181207189444090252e-04
1.180468170414527922e-04
1.179688513732513234e-04
1.178904014105823566e-04
1.178114328890826536e-04
1.177324624845710023e-04
1.176521917650058297e-04
1.175730783864701061e-04
1.174963866113554797e-04
1.174172108421966791e-04
1.173363899593808700e-04
1.172600796223810342e-04
1.171804461853273593e-04
1.171005383819247083e-04
1.170233351616614529e-04
1.169450327992326217e-04
1.168645295846194957e-04
1.167842241403523274e-04
1.167051060518001557e-04
1.166249944271048161e-04
1.165442469525643964e-04
1.164630218804861377e-04
1.163835897075542322e-04
1.163020841868313602e-04
1.162202846206695166e-04
1.161415708880425530e-04
1.160621881412200523e-04
1.159835288854102567e-04
1.159039598227385462e-04
1.158239394180011448e-04
1.157440923932908077e-04
1.156655995046852996e-04
1.155855224931408607e-04
1.155078540462176209e-04
1.154316006285239403e-04
1.153560791039350296e-04
1.152783734604371390e-04
1.152016343003772747e-04
1.151220898207918768e-04
1.150441249712106447e-04
1.149660286501421241e-04
1.148900542003274464e-04
1.148160186533510736e-04
1.147400636267766202e-04
1.146641649289922285e-04
1.145879960574371521e-04
1.145096714387817824e-04
1.144307098783344195e-04
1.143537013982699708e-04
1.142772598530913730e-04
1.142019709201571388e-04
1.141261294016292346e-04
1.140465086178108173e-04
1.139681763393931917e-04
1.138899423403435678e-04
1.138110467163138399e-04
1.137350384498913501e-04
1.136560894536556754e-04
1.135775730907843148e-04
1.134975302622247690e-04
1.134207055004035213e-04
1.133439977252360633e-04
1.132685724756203756e-04
1.131932520431252608e-04
1.131184910816021512e-04
1.130451592513776686e-04
1.129730071088794478e-04
1.129014338615364957e-04
1.128275779083059223e-04
1.127522598185546991e-04
1.126765670574084112e-04
1.126031720169608349e-04
1.125275960182146699e-04
1.124537737787707959e-04
1.123794461955922769e-04
1.123036823080643084e-04
1.122281549198639349e-04
1.121536978332057121e-04
1.120775137014406428e-04
1.120033395207046601e-04
1.119267318988350073e-04
1.118495857264360820e-04
1.117733639130179133e-04
1.116984631718188241e-04
1.116249899799134492e-04
1.115529958082350846e-04
1.114789554772819625e-04
1.114073238253438853e-04
1.113353497588789675e-04
1.112641244436806721e-04
1.111937657141209791e-04
1.111220467196189480e-04
1.110512208373592004e-04
1.109797920790900707e-04
1.109082222936483351e-04
1.108387666765099823e-04
1.107710492484899708e-04
1.107056628665418395e-04
1.106415919888783280e-04
1.105764155191858109e-04
1.105107045396953804e-04
1.104473183829401376e-04
1.103829291585978824e-04
1.103180301192051272e-04
1.102533796250276647e-04
1.101898341101733311e-04
1.101257017227237042e-04
1.100628107595022769e-04
1.099996339900883755e-04
1.099367963955871444e-04
1.098725720404832273e-04
1.098113374633172149e-04
1.097479363442606360e-04
1.096842968903921015e-04
1.096236924979690063e-04
1.095641028266959393e-04
1.095020200502496105e-04
1.094401358955251482e-04
1.093777340086304808e-04
1.093143879589063511e-04
1.092502272654828670e-04
1.091861084016475567e-04
1.091209502093146865e-04
1.090560463764879168e-04
1.089909911503563535e-04
1.089248816767654531e-04
1.088581098534777619e-04
1.087936889884582730e-04
1.087278476011742021e-04
1.086613986240666797e-04
1.085971422796113279e-04
1.085330042175095059e-04
1.084682751685015021e-04
1.084046443389089572e-04
1.083403573149053345e-04
1.082755080439479239e-04
1.082119616339384245e-04
1.081493835728340557e-04
1.080855581928035630e-04
1.080228663370844176e-04
1.079605339974267110e-04
1.078988758719402589e-04
1.078372763417267277e-04
1.077745412660311293e-04
1.077152693542617626e-04
1.076539623052293651e-04
1.075925281080678789e-04
1.075295182973599390e-04
1.074677037727873137e-04
1.074049706283377041e-04
1.073433690188269757e-04
1.072800261260252556e-04
1.072171153154609970e-04
1.071536905867490497e-04
1.070924677985534448e-04
1.070302577224941943e-04
1.069680063168197172e-04
1.069053896270577027e-04
1.068424078275448109e-04
1.067800869594945275e-04
1.067178436279767365e-04
1.066542255105395895e-04
1.065912777600891090e-04
1.065282677101232555e-04
1.064653387441953099e-04
1.064012122663144158e-04
1.063378379962308195e-04
1.062751817039896720e-04
1.062123454326584351e-04
1.061507773024788440e-04
1.060895107229547791e-04
1.060283592000999301e-04
1.059676760868696725e-04
1.059058931321619335e-04
1.058442325787483729e-04
1.057836594501728405e-04
1.057220203388400433e-04
1.056595226742467646e-04
1.055977664743490494e-04
1.055373909793197776e-04
1.054780912005386665e-04
1.054186857153434744e-04
1.053602459186016928e-04
1.053014870824664018e-04
1.052438681220719315e-04
1.051866018671070618e-04
1.051293800806407100e-04
1.050720715841943145e-04
1.050132678292853939e-04
1.049552723139687518e-04
1.048987247271513897e-04
1.048426570113347652e-04
1.047857052206816500e-04
1.047297112264683781e-04
1.046745387665953234e-04
1.046197050909749139e-04
1.045638466831467790e-04
1.045096367208657548e-04
1.044557079469531508e-04
1.044024625405823406e-04
1.043484629173446591e-04
1.042960942198436163e-04
1.042438502129306284e-04
1.041907654390826450e-04
1.041377097190093742e-04
1.040857905119903167e-04
1.040326248838745806e-04
1.039798837312866646e-04
1.039257662095345049e-04
1.038710906853107101e-04
1.038156734725639255e-04
1.037591848086025920e-04
1.037028196028351760e-04
1.036467246114691515e-04
1.035900151347996661e-04
1.035313311601974176e-04
1.034728013193817543e-04
1.034152940635287883e-04
1.033584571132679551e-04
1.033016146953015150e-04
1.032447820127811396e-04
1.031868077334593801e-04
1.031298910098505040e-04
1.030741341313091102e-04
1.030181073860548369e-04
1.029607778168131857e-04
1.029037353551668960e-04
1.028461770970524880e-04
1.027890863943741525e-04
1.027330754830594125e-04
1.026775055142425871e-04
1.026214612749923023e-04
1.025662091567265590e-04
1.025119832512621566e-04
1.024576326527292750e-04
1.024023357889920028e-04
1.023477406178835506e-04
1.022934034709878528e-04
1.022412975240249880e-04
1.021897743300261447e-04
1.021375555986187765e-04
1.020860221686626285e-04
1.020356045529131504e-04
1.019847765261785414e-04
1.019342613951802577e-04
1.018846394760040936e-04
1.018348376285078293e-04
1.017854190643681833e-04
1.017340684836182433e-04
1.016823230334220804e-04
1.016310235996865935e-04
1.015802844349631177e-04
1.015279936069767442e-04
1.014759786013852427e-04
1.014258398417149971e-04
1.013748642408360094e-04
1.013228346267669943e-04
1.012711544017126474e-04
1.012190590248445902e-04
1.011671241223532534e-04
1.011160183452721861e-04
1.010650009137095061e-04
1.010142718499179891e-04
1.009638493711984176e-04
1.009132420227722398e-04
1.008628734545698457e-04
1.008124163678673452e-04
1.007608923119485372e-04
1.007105126032282593e-04
1.006600903277600576e-04
1.006108214302110017e-04
1.005614686228306192e-04
1.005117786367340553e-04
1.004624675643849024e-04
1.004133531982127854e-04
1.003643100315310094e-04
1.003158853799532220e-04
1.002665016611392840e-04
1.002169165438686235e-04
1.001680974895628572e-04
1.001183494453631006e-04
1.000699716876111988e-04
1.000215785169137868e-04
9.997425148648830654e-05
9.992763751749191589e-05
9.988238002014929054e-05
9.983650777439974106e-05
9.978922325647235348e-05
9.974217508164393388e-05
9.969548314480483056e-05
9.964941395369969512e-05
9.960397339863213972e-05
9.955764320210616896e-05
9.951188143830266679e-05
9.946605885638345719e-05
9.942080701797075372e-05
9.937800681319459018e-05
9.933496443354311264e-05
9.929178221400394584e-05
9.925006129150325848e-05
9.920790106424567912e-05
9.916531337181518134e-05
9.912507429961834834e-05
9.908385464798530307e-05
9.904408330450155753e-05
9.900368085158641417e-05
9.896317238353825136e-05
9.892197596456798862e-05
9.888114570621500123e-05
9.884075813851550367e-05
9.880154749799388634e-05
9.876219399262276119e-05
9.872314115216678789e-05
9.868433086815034784e-05
9.864625923444976052e-05
9.860726162754243835e-05
9.856831960353627223e-05
9.852993083804748834e-05
9.849065263595874458e-05
9.845307686881204340e-05
9.841552571030509383e-05
9.838000412866823585e-05
9.834478839754217565e-05
9.830878151383844730e-05
9.827462226056959743e-05
9.824012875265719842e-05
9.820533126770989048e-05
9.817066069465008938e-05
9.813604838399637769e-05
9.810275785555529237e-05
9.807010098602817545e-05
9.803550475376751594e-05
9.800289128822521883e-05
9.796880331443390147e-05
9.793534905350063859e-05
9.790048761742216972e-05
9.786664523528757766e-05
9.783329497296673030e-05
9.779750560756208318e-05
9.776237326622649784e-05
9.772780775684289378e-05
9.769468953631634065e-05
9.766065084024096426e-05
9.762658177927482385e-05
9.759202711409156760e-05
9.755949964712068022e-05
9.752548782220084593e-05
9.748990595287000216e-05
9.745407678687380802e-05
9.741847491810327853e-05
9.738078770686324384e-05
9.734292314309803303e-05
9.730491285301487371e-05
9.726861933296558637e-05
9.723228533337397350e-05
9.719539026640216909e-05
9.715975050314638753e-05
9.712301251925849600e-05
9.708824388435379578e-05
9.705361868419008168e-05
9.701873074460371481e-05
9.698483598919734701e-05
9.695251356244836201e-05
9.692031343577332152e-05
9.688857248638434595e-05
9.685733578786373944e-05
9.682695570157149473e-05
9.679696443405407501e-05
9.676680726230821685e-05
9.673686149516194102e-05
9.670671007579082856e-05
9.667552239364988163e-05
9.664311126221033111e-05
9.661284617425276668e-05
9.658187472809163880e-05
9.655101675079236733e-05
9.652194923667727761e-05
9.649340020317361899e-05
9.646567432979274818e-05
9.643702614822605244e-05
9.640820973512155253e-05
9.637993229199881594e-05
9.635161529104005506e-05
9.632246436852378072e-05
9.629606237253218889e-05
9.626883216766066122e-05
9.624147973259550206e-05
9.621527415648164160e-05
9.618912230594659006e-05
9.616315591731609358e-05
9.613646117191028688e-05
9.610981178253013744e-05
9.608450924146668683e-05
9.605776484033507346e-05
9.603122068057803494e-05
9.600357628726233141e-05
9.597749252420188955e-05
9.594879507499970385e-05
9.592051267175930995e-05
9.589267103838014527e-05
9.586487769065188955e-05
9.583714879008741242e-05
9.580876076201336417e-05
9.578121023943658783e-05
9.575321866880580313e-05
9.572471945155050673e-05
9.569743369270061002e-05
9.566991187898328790e-05
9.564237030524976491e-05
9.561481838662251771e-05
9.558678876613749069e-05
9.556075636671767094e-05
9.553497819122589297e-05
9.551115034716512484e-05
9.548635479485416790e-05
9.546179777616302852e-05
