5.748313501426179755e+03
5.259962533893759428e+03
5.259962533893759428e+03
5.465785815530825857e+03
4.390259258235953894e+03
4.856774927309575105e+03
5.174019555286622563e+03
4.705569049448656187e+03
4.564959668522478751e+03
5.281162720804196397e+03
4.826811744343482133e+03
4.457942589869633593e+03
4.742304531064715775e+03
5.835186438646983333e+03
4.972895652667366448e+03
4.656673179538240220e+03
5.364282789500353829e+03
5.420960908573062625e+03
4.418863160361796872e+03
4.952193850184070470e+03
4.759212920620611840e+03
4.784126611985259842e+03
4.960586004864669121e+03
5.502326017587909519e+03
3.842806958839728850e+03
6.284813467464991845e+03
3.729056018306491751e+03
4.858279645952774445e+03
5.554756424689892810e+03
4.445559843704459126e+03
4.348887404169248839e+03
4.558979614580868656e+03
5.475809443997542985e+03
5.282509491239037743e+03
5.349455249112404999e+03
4.922263049281801614e+03
4.142590938300166272e+03
4.446328650542709511e+03
4.534690795539677310e+03
4.567481291948047328e+03
4.197073303170443978e+03
4.243111456226631162e+03
5.252059631919398271e+03
5.966131496125253761e+03
4.794442515386977902e+03
4.350808806963678762e+03
5.360936879388259513e+03
4.053299542489925898e+03
5.109769100104939753e+03
5.886966331587284003e+03
5.370086154772289774e+03
5.082884778977655515e+03
4.516650374069590725e+03
4.344279806481908963e+03
3.820842047186444688e+03
3.483306969497532009e+03
4.405290524281237595e+03
5.162485265949472705e+03
5.549427460155398876e+03
4.818612563280736140e+03
4.751954544516049282e+03
5.129851547267285241e+03
5.080249762874114822e+03
6.051664572559096996e+03
4.268069520863254183e+03
4.922453583887769128e+03
4.907505214466109464e+03
5.740810997598201538e+03
4.573713015799441564e+03
5.720455456619959477e+03
5.755725270317550894e+03
4.030450441027782290e+03
4.687050510170363850e+03
5.011718423032953069e+03
4.795569271359624508e+03
4.338083329592001064e+03
4.639345609816737124e+03
5.216691251760649720e+03
4.532261212440223971e+03
5.330609788885439229e+03
4.738081348554200304e+03
4.438748303541805399e+03
4.386880036015497353e+03
5.363461914742054432e+03
4.577525027738195604e+03
3.845790014920364229e+03
4.527492900839779395e+03
4.627620826571539510e+03
4.444237576782481483e+03
5.319826901869129870e+03
5.006435433396954068e+03
5.370319166906608189e+03
6.063364846152998325e+03
5.680924970815848610e+03
5.400208504025762522e+03
5.389514840138589534e+03
4.522345813044690658e+03
4.322050078749361091e+03
3.569597042855307336e+03
5.124798921801540018e+03
