1.475516274594182050e+03
1.429954099953303512e+03
1.429954099953303512e+03
1.504815197175814319e+03
1.479457541111274622e+03
1.014925739761534146e+03
1.780311230316799993e+03
1.521188538915185291e+03
1.523843021494677259e+03
1.393439393733333873e+03
1.412299806830394573e+03
1.336766862181241549e+03
1.687573909037207159e+03
1.758910751615406980e+03
1.238538964281714016e+03
1.426804566972340808e+03
1.513754060392973770e+03
8.090728843779330646e+02
1.417597112933287690e+03
1.337675745298402489e+03
1.459397845498435800e+03
1.464568671889166808e+03
1.267938536701979956e+03
1.479047806673008836e+03
1.668990732833369066e+03
9.308796110738619518e+02
1.339365741383335717e+03
1.530112889918206292e+03
1.234897712116100365e+03
1.772555204268222042e+03
1.372687539470442516e+03
1.619883326710739084e+03
1.450100922097497687e+03
1.406203510484215712e+03
1.831527489215634205e+03
1.260973019787227258e+03
1.437898875883791561e+03
1.721350583148913302e+03
1.877329764935579988e+03
1.665065034963482049e+03
1.618728409511654036e+03
1.659385997986604252e+03
1.353687271245453758e+03
9.824331687469804137e+02
1.515286310963531832e+03
1.283647655737858258e+03
1.558981379246562256e+03
1.264356654655558714e+03
1.344642349831228103e+03
1.430696246102811074e+03
1.533577711164295579e+03
1.091853670487998215e+03
1.555733426585976531e+03
1.348824361877341971e+03
1.584974344754902859e+03
1.543724599569893371e+03
1.242176164783423246e+03
1.486441714398124304e+03
1.591821503910507772e+03
1.335280990757985592e+03
1.565218404177934190e+03
1.326575193351452072e+03
1.310046066128132452e+03
1.640038410859442820e+03
7.473147886657187655e+02
1.443138286601628806e+03
1.229511920069306370e+03
1.500537112199403509e+03
1.374106406384242746e+03
1.274215812735342524e+03
1.419556647036304867e+03
1.587829180275137105e+03
1.512475235103969226e+03
1.788483502171778809e+03
1.623645126693413658e+03
1.512402820808137676e+03
1.470706554220410226e+03
1.591476150254072536e+03
1.695888770923555740e+03
1.563993867983829205e+03
1.539435262181181997e+03
1.755913258448514171e+03
1.633841853963881931e+03
1.036622204580336756e+03
1.402166406240648030e+03
1.356793746741854193e+03
1.483096319705622136e+03
1.266678332962985678e+03
1.547838337548368600e+03
1.690083861467483985e+03
1.591637822919801920e+03
1.434266647794772780e+03
1.440273852330014961e+03
1.307984319932605331e+03
1.428256711132260762e+03
1.236486173693791216e+03
1.549999462470601202e+03
1.566753456261143356e+03
1.151913121599983469e+03
1.645995793634173879e+03
