1.462288249999998957e-03
1.037352146492124053e-03
8.471069738880285206e-04
7.386556183170618932e-04
6.889569488107302958e-04
6.306875505227209442e-04
6.046352356789212170e-04
5.658384893328714631e-04
5.356550845486191979e-04
5.081943918973447693e-04
4.857739044245361847e-04
4.651806249009080257e-04
4.470758465029728724e-04
4.309740575144595416e-04
4.176190017567778701e-04
4.069123802408925340e-04
3.960202576796980202e-04
3.866861367076046725e-04
3.763828624942613704e-04
3.681412953235527739e-04
3.606950456406048089e-04
3.555226093045033790e-04
3.551117466331621658e-04
3.513222231491843471e-04
3.468022522820048614e-04
3.442509054414928248e-04
3.401169360222536372e-04
3.362704015644467923e-04
3.322431786066681620e-04
3.268469704773518491e-04
3.218750900610113327e-04
3.172332377329563574e-04
3.130736365365237696e-04
3.085724587489933955e-04
3.044743281314734348e-04
3.005593458795358889e-04
2.964720842005974934e-04
2.925896718327727908e-04
2.888467819169901322e-04
2.852673720718208001e-04
2.818678199126270945e-04
2.788567791084357135e-04
2.756521009016466126e-04
2.725276761088353691e-04
2.695002804516814549e-04
2.665908915739518539e-04
2.640252799441706352e-04
2.613798015584697237e-04
2.586994438877840983e-04
2.561599317671756212e-04
2.536662728949760329e-04
2.512458411432266152e-04
2.489108361812357711e-04
2.467548602622690428e-04
2.446707620431912448e-04
2.427259463810706012e-04
2.406104455203964421e-04
2.385393504635140995e-04
2.365761019114267052e-04
2.346058517896174988e-04
2.326787942283450351e-04
2.307952168897458569e-04
2.289647423637177653e-04
2.271989536821238749e-04
2.254834549874990479e-04
2.237731378231697067e-04
2.221345414568955394e-04
2.204979424823641249e-04
2.188944570289785407e-04
2.173338229953646484e-04
2.157978911833566781e-04
2.142940937255706447e-04
2.128268174573515095e-04
2.113839840352140366e-04
2.099919097011393443e-04
2.086149804326872174e-04
2.072561927343249824e-04
2.059268339171214121e-04
2.046201338975049027e-04
2.033402919714690437e-04
2.020812476779473301e-04
2.008458767388129841e-04
1.996346647090243339e-04
1.984594065437175596e-04
1.972886186094924873e-04
1.961388700053021193e-04
1.950105559108191594e-04
1.938994205422444553e-04
1.928203282987693416e-04
1.917537350574740544e-04
1.906974624208374145e-04
1.896582563547350125e-04
1.886406352260936055e-04
1.876362232338383467e-04
1.866463229975176769e-04
1.856803731669520621e-04
1.847209703648374803e-04
1.837853852252446373e-04
1.828690933757464528e-04
1.819554687744214905e-04
1.810794829384974663e-04
1.801999202197373520e-04
1.793349137326638468e-04
1.785063626164679822e-04
1.776690347176908627e-04
1.768555260869130060e-04
1.760895598638903970e-04
1.753704798376282592e-04
1.746037321393393161e-04
1.738464587455947768e-04
1.730801985211398377e-04
1.723633744710159122e-04
1.716328682572976151e-04
1.708813490684049109e-04
1.701378918942457420e-04
1.694068298450046269e-04
1.686831590177912689e-04
1.679675629556307741e-04
1.672647714882392628e-04
1.665674223543197100e-04
1.658781843767400310e-04
1.652070748529649237e-04
1.645342737373304176e-04
1.638767948344594543e-04
1.632223847325547917e-04
1.625743737426936053e-04
1.619330906291628213e-04
1.612996576658624990e-04
1.606736499431816155e-04
1.600654720573118663e-04
1.594537900672381874e-04
1.588551376837509660e-04
1.582595657573361385e-04
1.576939797133413606e-04
1.571222226202473955e-04
1.565961776019341931e-04
1.560761952629951188e-04
1.555762688265764399e-04
1.551118744328821816e-04
1.547077181306095246e-04
1.543095433019593188e-04
1.538678917486507208e-04
1.534348545984358088e-04
1.530274221797804440e-04
1.526292631475754990e-04
1.523403755466682752e-04
1.520786374818725094e-04
1.518308757843018109e-04
1.515477191489282918e-04
1.513302535263015721e-04
1.511120682263670872e-04
1.508761569553465165e-04
1.506755313235763529e-04
1.504625853234540362e-04
1.503019226519759625e-04
1.500681503018068625e-04
1.498316218295831957e-04
1.496229293383537749e-04
1.493603426534980707e-04
1.491171507012202090e-04
1.488791692426747338e-04
1.486072067860569822e-04
1.484201943422327823e-04
1.482532194221271337e-04
1.481035421737352030e-04
1.479246770003010496e-04
1.478277937688949391e-04
1.476440641521534496e-04
1.474570947017122733e-04
1.472605900622296236e-04
1.470608984440295054e-04
1.468618337836397351e-04
1.466716746503950034e-04
1.464519411611638121e-04
1.462307560107690030e-04
1.460047571943414411e-04
1.457983897942752966e-04
1.455381881918181824e-04
1.453297798508535214e-04
1.451062913926104696e-04
1.449116068743365731e-04
1.447168457862786617e-04
1.445296409693980124e-04
1.443397134123315445e-04
1.441304958317726574e-04
1.439113751227619122e-04
1.437030509793058085e-04
1.434904304009329622e-04
1.432791118621550182e-04
1.430413039784195857e-04
1.428506260393793835e-04
1.426862459695579224e-04
1.425147293249028502e-04
1.423966672634947666e-04
1.422561930980372358e-04
1.420745118580482786e-04
1.419134669191466790e-04
1.417420168598802039e-04
1.415822295754681607e-04
1.414690909846879068e-04
1.413738774862865436e-04
1.412700729309401577e-04
1.411472534793610587e-04
1.410023281470351416e-04
1.408982190256885688e-04
1.407848308019187965e-04
1.406610635774747334e-04
1.405590122195506824e-04
1.404290005142328011e-04
1.403119139153800659e-04
1.402123036512316193e-04
1.400753334484545879e-04
1.399083364670860208e-04
1.397664602258113348e-04
1.396351989894848702e-04
1.394933761392417161e-04
1.393838199259924749e-04
1.393009573329860487e-04
1.391946385791269236e-04
1.390904399353442016e-04
1.389821064850636377e-04
1.389092847494148510e-04
1.388350280949210240e-04
1.387556234612784625e-04
1.386423922783851681e-04
1.385762608081390380e-04
1.385043941290437603e-04
1.384306208360759226e-04
1.383937477407469528e-04
1.383408720823561518e-04
1.383061138019909566e-04
1.382735322373355395e-04
1.382743297638698273e-04
1.382938831869659426e-04
1.383213220999683667e-04
1.383810659953228696e-04
1.384782532910279473e-04
1.385206817468250581e-04
1.385731705840583970e-04
1.386300132423959688e-04
1.386930080081295413e-04
1.387697598707882932e-04
1.388748522470829492e-04
1.389629492587059168e-04
1.391074320514332533e-04
1.392447510926070656e-04
1.393575538313722027e-04
1.394415611924187026e-04
1.395332250494996052e-04
1.395800360532674562e-04
1.396339111720057760e-04
1.396475549286637437e-04
1.396433813945469169e-04
1.396595205212096435e-04
1.397076234716677489e-04
1.397558961477046876e-04
1.397932798229719849e-04
1.398345805011143848e-04
1.398705185070391716e-04
1.398931255590683885e-04
1.399107523056602662e-04
1.399342684070957086e-04
1.399640504815690832e-04
1.399739791771784905e-04
1.399864911111200442e-04
1.399895623121863474e-04
1.400055827321725055e-04
1.399641713375305251e-04
1.399578640084560234e-04
1.399366254709205636e-04
1.399445073670500122e-04
1.399299771118055376e-04
1.399029242393977867e-04
1.399162204309499079e-04
1.398858748317963533e-04
1.398612194712300027e-04
1.398551981150103539e-04
1.398428152955878711e-04
1.398246485272683544e-04
1.398104092962648812e-04
1.398291430125328386e-04
1.398732096450394408e-04
1.398958797434963011e-04
1.399367280971987803e-04
1.399538039798518027e-04
1.399698767679883314e-04
1.399890283071402732e-04
1.399750777297531360e-04
1.399699081836468175e-04
1.399328849497651344e-04
1.398956097873788637e-04
1.398527580128941950e-04
1.398019218420558948e-04
1.397224064285002313e-04
1.396520566325689793e-04
1.395737942727376011e-04
1.395064970579462237e-04
1.394611187195400972e-04
1.394242335900185831e-04
1.394080986796842605e-04
1.393629054211577788e-04
1.393102170492438051e-04
1.392607112711578214e-04
1.392038231950818859e-04
1.391455512835492435e-04
1.390987206847753277e-04
1.390517507639571135e-04
1.389727830106321732e-04
1.388960955758259601e-04
1.388245240956749644e-04
1.387603290264965115e-04
1.386734114658621608e-04
1.386108154407811723e-04
1.385273924554723053e-04
1.384485614236752359e-04
1.383727786659974535e-04
1.382919912098069359e-04
1.382086876485741659e-04
1.381417335309029204e-04
1.380600171543441238e-04
1.380018806273064101e-04
1.379251026468708531e-04
1.378391356744939982e-04
1.377485293257493121e-04
1.376617268762331627e-04
1.375803716118267808e-04
1.375146391515176666e-04
1.374359735188005274e-04
1.373697857525268517e-04
1.372967723349304068e-04
1.372334354908268366e-04
1.371829885872005608e-04
1.371239898282584284e-04
1.370572917770437416e-04
1.370166738529263162e-04
1.369577577342061606e-04
1.369034316683968150e-04
1.368519193279395208e-04
1.368183060802328046e-04
1.367840862162548218e-04
1.367339167649365278e-04
1.366927880620958844e-04
1.366367422891849094e-04
1.365925324229485258e-04
1.365258919423161736e-04
1.364555936292527222e-04
1.363804883847797125e-04
1.363057792923754255e-04
1.362233824260279517e-04
1.361373135092950367e-04
1.360506346891522818e-04
1.359532686347655461e-04
1.358572414163868242e-04
1.357679609077471600e-04
1.356710305676658260e-04
1.355751865196596370e-04
1.354637564379663291e-04
1.353572730129206053e-04
1.352515776332037436e-04
1.351549714898390010e-04
1.350539783626507914e-04
1.349518905298518622e-04
1.348500290126700043e-04
1.347418420492816639e-04
1.346418384193136719e-04
1.345481393189385878e-04
1.344511380321070971e-04
1.343545893685554188e-04
1.342618770495837229e-04
1.341568252749998625e-04
1.340610880603496102e-04
1.339531529862895401e-04
1.338426230461296730e-04
1.337274709374654453e-04
1.336153660004734593e-04
1.335020041617603699e-04
1.333941916110442010e-04
1.332948655900221592e-04
1.331892146009765307e-04
1.330707185222512170e-04
1.329568976003648771e-04
1.328381101860800996e-04
1.327182249578476368e-04
1.325916552131200523e-04
1.324742118714129573e-04
1.323606675174436771e-04
1.322512399718434538e-04
1.321483083876570002e-04
1.320376577695638563e-04
1.319283504141165479e-04
1.318214983792481460e-04
1.317156037572659926e-04
1.316122107279605528e-04
1.315060506802862592e-04
1.313888419333480680e-04
1.312682148787173357e-04
1.311474261432304272e-04
1.310284145471948770e-04
1.309162900184490804e-04
1.308055195536346037e-04
1.307004967509952428e-04
1.306005355523004539e-04
1.305052475736378852e-04
1.304005577739512380e-04
1.303008584456006788e-04
1.302036109117138895e-04
1.301010399692100773e-04
1.300029970099850348e-04
1.299032534134481368e-04
1.298090558485460197e-04
1.297271799261486599e-04
1.296390568086185698e-04
1.295646976634776430e-04
1.294796287419528954e-04
1.293984779694377343e-04
1.293263356927076282e-04
1.292500227298317404e-04
1.291705514233026475e-04
1.290906812461990185e-04
1.290085901443533702e-04
1.289236433523911350e-04
1.288387190241567178e-04
1.287610589814354813e-04
1.286794346453224249e-04
1.286005952751942990e-04
1.285256670325698243e-04
1.284594916661884866e-04
1.283954988563666493e-04
1.283321877226598084e-04
1.282776478197432618e-04
1.282229422371561573e-04
1.281707097459291436e-04
1.281152469044662622e-04
1.280673467559081318e-04
1.280079136760643548e-04
1.279534899591198657e-04
1.279000261629694335e-04
1.278418399080660957e-04
1.277970452241143531e-04
1.277490059763811462e-04
1.276999517481793977e-04
1.276372465403387334e-04
1.275759983207606918e-04
1.275235064674324107e-04
1.274627805987056087e-04
1.273984206413380073e-04
1.273329056350339995e-04
1.272820515925412663e-04
1.272301866323323775e-04
1.271773360005685604e-04
1.271187785566330476e-04
1.270650835695450191e-04
1.270093011777302465e-04
1.269538204416997558e-04
1.268975816498551536e-04
1.268459074899839795e-04
1.267935971682339065e-04
1.267431504323186635e-04
1.266919210348541351e-04
1.266386274413849975e-04
1.265955383894362132e-04
1.265599619444084253e-04
1.265114089078888814e-04
1.264674337365638437e-04
1.264192037656647523e-04
1.263773189978251708e-04
1.263302702592214606e-04
1.262894186209545749e-04
1.262431813631375384e-04
1.261975776261307490e-04
1.261470418911031727e-04
1.260917801069789295e-04
1.260408971293507942e-04
1.259853518244090777e-04
1.259377143416135956e-04
1.258853486694279432e-04
1.258278319587483800e-04
1.257780198065756242e-04
1.257264996703578736e-04
1.256663485886325138e-04
1.256098028206377914e-04
1.255502510556752069e-04
1.254923304338979601e-04
1.254339358296297890e-04
1.253783585753181378e-04
1.253321864776756934e-04
1.252793909565853609e-04
1.252218074857178707e-04
1.251656283577392388e-04
1.251065641288208507e-04
1.250468361977565132e-04
1.249929374919358735e-04
1.249354289240420181e-04
1.248733902340829036e-04
1.248156723753058401e-04
1.247573677505341789e-04
1.247013962507604321e-04
1.246450641134390282e-04
1.245879096841693873e-04
1.245324251658969073e-04
1.244769368417417350e-04
1.244198864078465804e-04
1.243555424300670203e-04
1.242889258550123536e-04
1.242252988787001067e-04
1.241605084647959603e-04
1.240917676557413301e-04
1.240342096365106776e-04
1.239683051920101352e-04
1.239140598946503896e-04
1.238546581583073512e-04
1.237980751551926123e-04
1.237440840822083587e-04
1.236890290134206411e-04
1.236292476551592568e-04
1.235632755183476209e-04
1.235022065534751949e-04
1.234458870061930181e-04
1.233896011566131305e-04
1.233287384329851376e-04
1.232680967819171968e-04
1.232050057896601572e-04
1.231417747369984101e-04
1.230775770906362922e-04
1.230140713550166879e-04
1.229471856156696041e-04
1.228790179720215493e-04
1.228208899190354826e-04
1.227599897292976311e-04
1.227078807964488273e-04
1.226602974070678260e-04
1.226155033143645149e-04
1.225677381113063358e-04
1.225244653126931831e-04
1.224754362901052623e-04
1.224265099313230480e-04
1.223801543449399903e-04
1.223302379084496708e-04
1.222868363484271058e-04
1.222413591097109458e-04
1.222022474654291095e-04
1.221558761875453001e-04
1.221130673950157847e-04
1.220706246149327488e-04
1.220326986598927160e-04
1.219921587604284760e-04
1.219609486306054018e-04
1.219238126162269580e-04
1.218851108694273433e-04
1.218499507431202773e-04
1.218081687916092669e-04
1.217730759843391967e-04
1.217373562322801957e-04
1.216978006193176792e-04
1.216599460454865735e-04
1.216262773754762157e-04
1.215972881681933631e-04
1.215612492908984681e-04
1.215197736540033689e-04
1.214878582063159870e-04
1.214577743681751322e-04
1.214311184106945627e-04
1.214018987144573444e-04
1.213813589635679449e-04
1.213580513549839717e-04
1.213404430724458527e-04
1.213189204067689140e-04
1.212939425163490442e-04
1.212711934564729936e-04
1.212467941978563623e-04
1.212216011685176328e-04
1.211984907058821515e-04
1.211757945470013850e-04
1.211513336613036571e-04
1.211207510614563333e-04
1.210875306447634423e-04
1.210535339072546241e-04
1.210256998194972745e-04
1.209974138304607783e-04
1.209664950357644222e-04
1.209351863972363842e-04
1.208999798076066133e-04
1.208708477529964236e-04
1.208439041694441311e-04
1.208172187996551437e-04
1.207920421311049248e-04
1.207620438424204372e-04
1.207370675338376593e-04
1.207052035667476367e-04
1.206733347891951068e-04
1.206438562902628885e-04
1.206082262634484558e-04
1.205760935362165518e-04
1.205415724664656805e-04
1.205096394522868106e-04
1.204751092732911274e-04
1.204433416240896791e-04
1.204087242266514311e-04
1.203734924842235894e-04
1.203425840655165669e-04
1.203101461314257179e-04
1.202769161171145403e-04
1.202482351185713591e-04
1.202187416274822244e-04
1.201883638755743203e-04
1.201618839535050284e-04
1.201314702407194431e-04
1.200992424096902111e-04
1.200662381111554388e-04
1.200331734344448325e-04
1.200004132119712210e-04
1.199726383408814787e-04
1.199437407480118117e-04
1.199112871051132950e-04
1.198820755765736063e-04
1.198487619830019727e-04
1.198178148993930088e-04
1.197875341359655704e-04
1.197550286590253832e-04
1.197216949477538582e-04
1.196891448027391204e-04
1.196536665464025461e-04
1.196186621657397531e-04
1.195804800114465423e-04
1.195400458186254752e-04
1.195021740813295876e-04
1.194641661647917040e-04
1.194327885927097733e-04
1.193977337518206509e-04
1.193650512128610256e-04
1.193343374004282137e-04
1.193022629030836930e-04
1.192731273867453118e-04
1.192363175935577571e-04
1.192024258207796667e-04
1.191703609885617416e-04
1.191343167352634525e-04
1.191056057599365072e-04
1.190717896160588707e-04
1.190378843948277358e-04
1.189997981468934429e-04
1.189582953739712215e-04
1.189166119952965738e-04
1.188778371767407394e-04
1.188382437073359310e-04
1.188012274335391001e-04
1.187651162266168509e-04
1.187236236712559508e-04
1.186864446517636056e-04
1.186531336009987440e-04
1.186186961410935634e-04
1.185856477620019731e-04
1.185545777296439271e-04
1.185280337167477377e-04
1.185033618269335003e-04
1.184817684364934659e-04
1.184574128590297270e-04
1.184335939049319569e-04
1.184071022925062050e-04
1.183800536835432759e-04
1.183516022390741133e-04
1.183258196523410250e-04
1.182990417966962041e-04
1.182718574465055551e-04
1.182470524592083586e-04
1.182193689937687415e-04
1.181942317318440276e-04
1.181656371249854918e-04
1.181419232941363965e-04
1.181182049496026006e-04
1.180957435066380657e-04
1.180749169117804241e-04
1.180534525349633625e-04
1.180359871640536705e-04
1.180217816848294280e-04
1.180078192254636270e-04
1.179903781912730576e-04
1.179731642436963380e-04
1.179606619420349195e-04
1.179442476549965750e-04
1.179279385036000407e-04
1.179106810881005784e-04
1.179021563061016310e-04
1.178909955449889329e-04
1.178829116942699582e-04
1.178743564898473430e-04
1.178687796432821344e-04
1.178683357233264079e-04
1.178716389268192585e-04
1.178740280454878918e-04
1.178726158536575662e-04
1.178706116979104043e-04
1.178682519335253148e-04
1.178655884838565723e-04
1.178655827984356747e-04
1.178603379603374496e-04
1.178561493300835680e-04
1.178489153341146298e-04
1.178425749331130681e-04
1.178394056213654696e-04
1.178341816537328515e-04
1.178289305606875723e-04
1.178248282787268847e-04
1.178208892926311727e-04
1.178155769111828300e-04
1.178091586249980480e-04
1.178029248436103673e-04
1.178007529162292447e-04
1.177967367951511578e-04
1.177928237939296103e-04
1.177901599913426929e-04
1.177830111925994261e-04
1.177760434923760336e-04
1.177698426504024073e-04
1.177613112866003506e-04
1.177501315143440004e-04
1.177431377055271171e-04
1.177369377838841834e-04
1.177300763258499095e-04
1.177240503919729022e-04
1.177186793956993806e-04
1.177153378226935730e-04
1.177089396826748712e-04
1.177021858627865793e-04
1.176903659508539500e-04
1.176800913147198083e-04
1.176722076883586384e-04
1.176636477164335226e-04
1.176597793076555908e-04
1.176557663869872491e-04
1.176501467424291076e-04
1.176430932851474544e-04
1.176404402203033310e-04
1.176359445884529010e-04
1.176281279843052887e-04
1.176210339562515518e-04
1.176139166983448237e-04
1.176042869307937077e-04
1.175955806903912948e-04
1.175827059181225272e-04
1.175732591906105236e-04
1.175594202616089102e-04
1.175447464672881671e-04
1.175332659173381719e-04
1.175183646322560521e-04
1.175018591340372669e-04
1.174856695335541723e-04
1.174698638524160690e-04
1.174563459493453102e-04
1.174368461513305940e-04
1.174179265637017314e-04
1.173977627105968701e-04
1.173808153611466192e-04
1.173644119712022793e-04
1.173476528517828065e-04
1.173282051584080153e-04
1.173075951660882272e-04
1.172886708092481478e-04
1.172738386264014364e-04
1.172583221907041643e-04
1.172463084443664652e-04
1.172293946613914837e-04
1.172123545972748984e-04
1.171979868403979553e-04
1.171814625371622596e-04
1.171644033198544749e-04
1.171452564015790769e-04
1.171243711777883060e-04
1.171025713504239541e-04
1.170806259938875557e-04
1.170577606289979115e-04
1.170358890330859932e-04
1.170112569732016373e-04
1.169854578913764051e-04
1.169608078248950220e-04
1.169352105437497025e-04
1.169081975647240200e-04
1.168802296845318164e-04
1.168479048638930711e-04
1.168154367887737957e-04
1.167829324677580180e-04
1.167471290758041481e-04
1.167116420779410959e-04
1.166738055212354879e-04
1.166378316471526616e-04
1.166012820779954598e-04
1.165670190123878526e-04
1.165313323393448185e-04
1.164966129572657182e-04
1.164612401148415249e-04
1.164238168417875487e-04
1.163846767895841623e-04
1.163486345169220822e-04
1.163123362680099586e-04
1.162773772513448530e-04
1.162419891981209718e-04
1.162040167320503977e-04
1.161679979362283507e-04
1.161309054952405165e-04
1.160979725497481832e-04
1.160660918887300468e-04
1.160318459271929325e-04
1.159971598107034830e-04
1.159656309671105285e-04
1.159329731308866911e-04
1.158990998577067892e-04
1.158623804938778022e-04
1.158266102072410582e-04
1.157913323101578286e-04
1.157561188530297614e-04
1.157181210839752767e-04
1.156791921368964282e-04
1.156420849452492142e-04
1.156055155107431310e-04
1.155674626096996657e-04
1.155311741772656575e-04
1.154926422536482251e-04
1.154554559519019514e-04
1.154170121671634997e-04
1.153781656921239944e-04
1.153379098686542123e-04
1.152972395332772099e-04
1.152569755312046539e-04
1.152174085586288684e-04
1.151770478864809526e-04
1.151381009054500327e-04
1.150995682894614725e-04
1.150623045154657172e-04
1.150261694792011329e-04
1.149908736497172218e-04
1.149530755299421321e-04
1.149194242307692224e-04
1.148844571185852868e-04
1.148477422485681844e-04
1.148114164325295686e-04
1.147728444774401567e-04
1.147350717168784670e-04
1.146978243015101906e-04
1.146599295605710012e-04
1.146216635198609617e-04
1.145845638565454926e-04
1.145487677797289559e-04
1.145118220363376563e-04
1.144752198241236841e-04
1.144374516765641134e-04
1.144007236677266977e-04
1.143641814408843894e-04
1.143277826890502411e-04
1.142919674786834508e-04
1.142577873260013923e-04
1.142215280374468190e-04
1.141868742095724021e-04
1.141533819658161028e-04
1.141220358455106581e-04
1.140917333677729111e-04
1.140631710705873245e-04
1.140321973490549532e-04
1.140009466748084018e-04
1.139697782082873677e-04
1.139372068628579965e-04
1.139036558766366220e-04
1.138730933348637624e-04
1.138394717406780070e-04
1.138057983943269950e-04
1.137719288259135130e-04
1.137386847980222983e-04
1.137038593954385802e-04
1.136683368522025815e-04
1.136306338384739025e-04
1.135923189155784542e-04
1.135540756353104239e-04
1.135164522953025721e-04
1.134761177944863732e-04
1.134357761281923820e-04
1.133986024932840238e-04
1.133625348039309343e-04
1.133256580704612184e-04
1.132903597938826428e-04
1.132551708957728331e-04
1.132201072093930866e-04
1.131861596193480365e-04
1.131505497320620357e-04
1.131164626812323224e-04
1.130818189663004798e-04
1.130461819845204316e-04
1.130121796110927172e-04
1.129766720840290112e-04
1.129427861422283724e-04
1.129066983060996913e-04
1.128707262263487464e-04
1.128332589255602819e-04
1.127975075720838075e-04
1.127612399555181426e-04
1.127251730792431058e-04
1.126877475562431861e-04
1.126518081577764744e-04
1.126151606322541260e-04
1.125783364619624633e-04
1.125428121468385168e-04
1.125093356282683176e-04
1.124748719554402186e-04
1.124402022364436434e-04
1.124068561781619310e-04
1.123734467892529773e-04
1.123375454719535000e-04
1.123028806568774696e-04
1.122672595930008642e-04
1.122318967277817411e-04
1.121974589775562347e-04
1.121632670939278159e-04
1.121303293475823132e-04
1.120974437149729614e-04
1.120631474209196702e-04
1.120293913511461587e-04
1.119938111956586833e-04
1.119594679174200239e-04
1.119252103738378940e-04
1.118930733144061351e-04
1.118584125654150437e-04
1.118243534014481933e-04
1.117892322795389698e-04
1.117533106053996485e-04
1.117185430095524331e-04
1.116823754104278205e-04
1.116467480845434164e-04
1.116109008224219838e-04
1.115762966253283617e-04
1.115417375951284701e-04
1.115079379579088262e-04
1.114743155316200483e-04
1.114417607877155736e-04
1.114083856139667711e-04
1.113767976913629816e-04
1.113433367006794980e-04
1.113098977344158052e-04
1.112757396907002191e-04
1.112412699899313325e-04
1.112063178557726325e-04
1.111695615398795292e-04
1.111345488914363685e-04
1.110979297721626598e-04
1.110617774489738369e-04
1.110237795725681177e-04
1.109867364852959914e-04
1.109488090377860198e-04
1.109111824008304244e-04
1.108738891378071570e-04
1.108351737052191185e-04
1.107970475450958475e-04
1.107606006401804725e-04
1.107240387537876197e-04
1.106855153119815641e-04
1.106455795391990556e-04
1.106079251403461463e-04
1.105701481667122369e-04
1.105323331733738232e-04
1.104937855195240208e-04
1.104550916310309544e-04
1.104169691942319311e-04
1.103762677599097458e-04
1.103355394262179879e-04
1.102956638777403384e-04
1.102555922963219541e-04
1.102156201125180715e-04
1.101760721431747317e-04
1.101351547638303201e-04
1.100951031766652592e-04
1.100545927657366560e-04
1.100140769541768301e-04
1.099739427222406292e-04
1.099331808003557449e-04
1.098922624476083345e-04
1.098516659824323445e-04
1.098117989167468275e-04
1.097711283786290468e-04
1.097304215567316963e-04
1.096901264588187331e-04
1.096503284104905971e-04
1.096109521079696703e-04
1.095704930180633552e-04
1.095309394059725564e-04
1.094915488307005984e-04
1.094529275731751785e-04
1.094145926466927001e-04
1.093767994377679826e-04
1.093388057078105576e-04
1.093003287074252117e-04
1.092622407672326062e-04
1.092229796054380056e-04
1.091847930593235918e-04
1.091454115809842323e-04
1.091059101276363073e-04
1.090666739740187409e-04
1.090271850313621785e-04
1.089882492886215726e-04
1.089508390144879502e-04
1.089123710057353193e-04
1.088741749459543176e-04
1.088364761738727789e-04
1.087988526628133590e-04
