2.234047125118959103e-04
2.362855906820260019e-04
1.943170985636948338e-04
1.768133961275831850e-04
1.608477535292862637e-04
1.493508313682685783e-04
1.397836509840187928e-04
1.318721258825721347e-04
1.266541562724970017e-04
1.232029914025630890e-04
1.195276586576251004e-04
1.166135732575760418e-04
1.127281675577288228e-04
1.091711702204003587e-04
1.059421320612551434e-04
1.033202981039250696e-04
1.009740555168935853e-04
9.908644223697053374e-05
9.744530139914304263e-05
9.553311372085319085e-05
9.392982251498810029e-05
9.254281211968977091e-05
9.134221889273745284e-05
9.031948482729572879e-05
8.984486710411054822e-05
8.939336612342627054e-05
8.866307034446560542e-05
8.810557760683449772e-05
8.723545867922082649e-05
8.637234254294702952e-05
8.540924183660158835e-05
8.465025155275740878e-05
8.388569353081865791e-05
8.302685559225615654e-05
8.215288941835756256e-05
8.128354563111154184e-05
8.042571550696940455e-05
7.962489248718457454e-05
7.889341189608605094e-05
7.811540933441081546e-05
7.743850511221202562e-05
7.679824248372318343e-05
7.615602518129066740e-05
7.555545107019893752e-05
7.499571282002088742e-05
7.439917738840564460e-05
7.380623520107815487e-05
7.326993887542589676e-05
7.274330051133481531e-05
7.224484490536940424e-05
7.173080204579993869e-05
7.122463370999868244e-05
7.073769087865605296e-05
7.026471705983893207e-05
6.977281637884123289e-05
6.929065567035116546e-05
6.885027775223972579e-05
6.842055325407551318e-05
6.797510630953635465e-05
6.748942937449279244e-05
6.700694866577134744e-05
6.651915527079806827e-05
6.605294435560063275e-05
6.560180628029040105e-05
6.516629096649942192e-05
6.471984059901785750e-05
6.426855551706130848e-05
6.382191657258825168e-05
6.337438301075141740e-05
6.294206596380303158e-05
6.251893446628362290e-05
6.211079500506845000e-05
6.170244299423710457e-05
6.129264169925401811e-05
6.089164004365903355e-05
6.050744071734560177e-05
6.013014330122525816e-05
5.975405177512402793e-05
5.937921137121664016e-05
5.901024537589093081e-05
5.864820007247940854e-05
5.829842468702278198e-05
5.795380089393498504e-05
5.761436486581366333e-05
5.728468684315228169e-05
5.695896001310556334e-05
5.663326645887542933e-05
5.631714072868992808e-05
5.600526796933578413e-05
5.569634341830290619e-05
5.539316704815252867e-05
5.509606424779521028e-05
5.480523860836048822e-05
5.451575746032077323e-05
5.422873781469705716e-05
5.394758004130040182e-05
5.366948617046891792e-05
5.339572897078152434e-05
5.312856793357293594e-05
5.286630718511916395e-05
5.261011845691702466e-05
5.235564084117360029e-05
5.210390146099892539e-05
5.185482798167831165e-05
5.160956313131343084e-05
5.136773278083627247e-05
5.112880133056709652e-05
5.089188268558031278e-05
5.065805050094615271e-05
5.042736156358593907e-05
5.019976239016389684e-05
4.997525065718325723e-05
4.975374742619253490e-05
4.953516864680244139e-05
4.932021632728045225e-05
4.910726971422327530e-05
4.889702438296662990e-05
4.869068194542008557e-05
4.848602661163027436e-05
4.828357894330381804e-05
4.808374453641154099e-05
4.788678230874822666e-05
4.769280415960949749e-05
4.750062173349459913e-05
4.731073789663858012e-05
4.712280416278065030e-05
4.693753326560670919e-05
4.675674379613650950e-05
4.657831071466956999e-05
4.640282526278910962e-05
4.622941921982497225e-05
4.605881202592637040e-05
4.588744872945131831e-05
4.571788662554433460e-05
4.555052173352128387e-05
4.538513642590833748e-05
4.522153397478725825e-05
4.506066120572695604e-05
4.490102155945822112e-05
4.474337729496183564e-05
4.458744184275562555e-05
4.443277208725065071e-05
4.427941844561181342e-05
4.412902703585379777e-05
4.398148512108726084e-05
4.383689160985549131e-05
4.369107666324978975e-05
4.354711761306762248e-05
4.340459945812459835e-05
4.326316748968638166e-05
4.312246496450810332e-05
4.298312100198920194e-05
4.284714490675302432e-05
4.271296814549837466e-05
4.257939949863756064e-05
4.244590545546954470e-05
4.231625338020252719e-05
4.218678914644576641e-05
4.205996098322876167e-05
4.193544513177938841e-05
4.181073254610627498e-05
4.168508701259689391e-05
4.156030057636323269e-05
4.143641760168703013e-05
4.131199908595244890e-05
4.118801296631413150e-05
4.106511065420272036e-05
4.094297087020670018e-05
4.082181755592031617e-05
4.070158307286555213e-05
4.058240226970889552e-05
4.046454027627427121e-05
4.034766077409591989e-05
4.023155871476382072e-05
4.011647906529020464e-05
4.000237307979785033e-05
3.988924590464512708e-05
3.977704566140590582e-05
3.966583950418128021e-05
3.955550624506620901e-05
3.944609456554997899e-05
3.933758420106348074e-05
3.922997772079362257e-05
3.912327460786279388e-05
3.901758905197107581e-05
3.891260882130745819e-05
3.880843250750416122e-05
3.870508128635638561e-05
3.860255109234107346e-05
3.850084123623681261e-05
3.840001773898506346e-05
3.830004017907898605e-05
3.820070637775996872e-05
3.810222282523528895e-05
3.800440216130128749e-05
3.790732913373141307e-05
3.781102530174883594e-05
3.771543555398741541e-05
3.762071731435305983e-05
3.752658874848117341e-05
3.743328239424854133e-05
3.734070614400994252e-05
3.724900535028681173e-05
3.715787799877792654e-05
3.706729144886590515e-05
3.697753616394088379e-05
3.688825590850088217e-05
3.679968638443843352e-05
3.671164019958044286e-05
3.662417199293175148e-05
3.653741059920821108e-05
3.645113561931897101e-05
3.636547328501897922e-05
3.628040892686390620e-05
3.619601583671771709e-05
3.611219434737208077e-05
3.602895305419024898e-05
3.594631170114746170e-05
3.586420665661634017e-05
3.578272191149844587e-05
3.570206563471083300e-05
3.562203051455804900e-05
3.554291667132562386e-05
3.546417472582895022e-05
3.538575529194251537e-05
3.530759278902393517e-05
3.523003237009433673e-05
3.515296599870778080e-05
3.507638039571080152e-05
3.500021847279754844e-05
3.492471792601776099e-05
3.484968845825515819e-05
3.477496231552474763e-05
3.470090132091569238e-05
3.462710187543355060e-05
3.455390907753538268e-05
3.448116380400435447e-05
3.440890181582930844e-05
3.433704366929765667e-05
3.426560723310131072e-05
3.419490690372536040e-05
3.412477782524241419e-05
3.405523267998827159e-05
3.398574745298951777e-05
3.391677093606387377e-05
3.384846837686313764e-05
3.378082829461614842e-05
3.371376829686631313e-05
3.364745579295786538e-05
3.358169951907573694e-05
3.351687222794402776e-05
3.345262065823397240e-05
3.338914975793046418e-05
3.332551746864630555e-05
3.326177323894720844e-05
3.319885458649865604e-05
3.313618154247902997e-05
3.307391299874399665e-05
3.301195388127092003e-05
3.295013812309517025e-05
3.288845302861017770e-05
3.282676436361053299e-05
3.276523846450967657e-05
3.270396228847607083e-05
3.264283510087929400e-05
3.258228319706141718e-05
3.252217405694294249e-05
3.246296355595944938e-05
3.240428813910066328e-05
3.234570461071577138e-05
3.228706205703776953e-05
3.222837632768425591e-05
3.217021501640946097e-05
3.211248843384227462e-05
3.205551257365667304e-05
3.199861772685416651e-05
3.194205544066669927e-05
3.188561509111536072e-05
3.182993616180507533e-05
3.177465867337386378e-05
3.171962992679469210e-05
3.166492756218649006e-05
3.161053750699543936e-05
3.155678446831870120e-05
3.150286375871435158e-05
3.144979123985434038e-05
3.139710059831978575e-05
3.134467314761303928e-05
3.129221010166424759e-05
3.124057902183413388e-05
3.118908622582371116e-05
3.113773527064864373e-05
3.108733542897385818e-05
3.103624495127068499e-05
3.098563062677625845e-05
3.093603519359810014e-05
3.088689672570412380e-05
3.083852418372324731e-05
3.079076473948126223e-05
3.074365553995008876e-05
3.069721566513317323e-05
3.065109550385586307e-05
3.060525804374390014e-05
3.055914514284285692e-05
3.051384604294603238e-05
3.046844686774926610e-05
3.042312055507200485e-05
3.037701738035649988e-05
3.033075513796534099e-05
3.028521834919661892e-05
3.023999387765056860e-05
3.019483016135996589e-05
3.015020476611460812e-05
3.010635679358249157e-05
3.006283093535300994e-05
3.001925362128168937e-05
2.997499714641900154e-05
2.993105021085640626e-05
2.988726896072150624e-05
2.984381366647182769e-05
2.980019910702935221e-05
2.975688599032416106e-05
2.971378583247584476e-05
2.967049277528409113e-05
2.962738801278715577e-05
2.958440201395129299e-05
2.954132278909778566e-05
2.949870649232029152e-05
2.945652416631910415e-05
2.941420305260782577e-05
2.937215776247202061e-05
2.933035524067806243e-05
2.928895763225450874e-05
2.924802510271895729e-05
2.920770299530991396e-05
2.916621854077610439e-05
2.912547295419076453e-05
2.908487563776880735e-05
2.904414289071900035e-05
2.900344532285227002e-05
2.896238961146137757e-05
2.892181569865926924e-05
2.888143000577897009e-05
2.884057735244762097e-05
2.879964325877148475e-05
2.875875139215704638e-05
2.871813307134152851e-05
2.867754975197579469e-05
2.863719756999584900e-05
2.859724486450731989e-05
2.855727679061178398e-05
2.851748975653956150e-05
2.847787932663047318e-05
2.843837913172503915e-05
2.839920890008373812e-05
2.836040935864520685e-05
2.832183727373024874e-05
2.828343284458427850e-05
2.824494973290351307e-05
2.820616503429520055e-05
2.816757511275123842e-05
2.812932043588319860e-05
2.809129121355981009e-05
2.805374608372178472e-05
2.801637091247130725e-05
2.797905297126130299e-05
2.794191106195729321e-05
2.790490716246766192e-05
2.786781229969543614e-05
2.783100384672078162e-05
2.779412114137868209e-05
2.775738281253942139e-05
2.772085537340866863e-05
2.768456198573919600e-05
2.764858940220830082e-05
2.761262222277238991e-05
2.757693525639960322e-05
2.754163439387557924e-05
2.750619624698618130e-05
2.747067081603721551e-05
2.743529312856199216e-05
2.740025214653550852e-05
2.736540790373945145e-05
2.733084637415350270e-05
2.729660777183138827e-05
2.726265183672621140e-05
2.722891951492728820e-05
2.719548660007428353e-05
2.716177930388473917e-05
2.712850242162837791e-05
2.709506128129882945e-05
2.706142718453108641e-05
2.702776633978066262e-05
2.699422040156417268e-05
2.696084912515546577e-05
2.692792859001135350e-05
2.689517060668397138e-05
2.686254654825172947e-05
2.682997420024452591e-05
2.679748921944782763e-05
2.676519508744307240e-05
2.673323273622220413e-05
2.670152854568980390e-05
2.666962698791652624e-05
2.663797664454756206e-05
2.660637167577896938e-05
2.657476888209281074e-05
2.654337921202875531e-05
2.651185093876752951e-05
2.648049013305968838e-05
2.644940982603635152e-05
2.641848505534773168e-05
2.638729330189021121e-05
2.635632085561857664e-05
2.632559163841751053e-05
2.629505324698623524e-05
2.626458214950913160e-05
2.623435582353928668e-05
2.620428588733152375e-05
2.617450682774350790e-05
2.614461264034645898e-05
2.611488943558840027e-05
2.608529788484351638e-05
2.605602927543137573e-05
2.602702026119015606e-05
2.599762406857289283e-05
2.596839291078982366e-05
2.593913368961988083e-05
2.591012647191412590e-05
2.588098916540461115e-05
2.585179566799668591e-05
2.582262230304934646e-05
2.579358277689483867e-05
2.576458125983592716e-05
2.573555952925094174e-05
2.570670458216108934e-05
2.567822503042947832e-05
2.565004463535103870e-05
2.562195429047080004e-05
2.559397865094723476e-05
2.556608272202654062e-05
2.553819316667804533e-05
2.551031842926494532e-05
2.548280755481795290e-05
2.545526795514469181e-05
2.542790869104741814e-05
2.540070940573587331e-05
2.537351488814761332e-05
2.534637325060220682e-05
2.531940739723519885e-05
2.529248006693864972e-05
2.526553293612200389e-05
2.523873894192032923e-05
2.521185193101932779e-05
2.518503949053265344e-05
2.515826599307925598e-05
2.513160079093692832e-05
2.510498642808011374e-05
2.507856392689331368e-05
2.505229060609027154e-05
2.502590490603617951e-05
2.499966588978834282e-05
2.497336587843280900e-05
2.494693783391791042e-05
2.492073334459739449e-05
2.489450162467241902e-05
2.486820736818809449e-05
2.484205164953271763e-05
2.481593569528539194e-05
2.478985310304564348e-05
2.476389995115473228e-05
2.473803689437253223e-05
2.471228784457317202e-05
2.468666243387336370e-05
2.466111893351693156e-05
2.463564277056923325e-05
2.461042278559884451e-05
2.458513948211425644e-05
2.455981854581464212e-05
2.453447008472476015e-05
2.450926233835388918e-05
2.448410318453600375e-05
2.445900822848155658e-05
2.443399106721657623e-05
2.440905334296782593e-05
2.438426540024819452e-05
2.435956181144520661e-05
2.433496157624992755e-05
2.431046186250435004e-05
2.428604135872140395e-05
2.426166590603567611e-05
2.423736095193832334e-05
2.421310424711496540e-05
2.418887721047287298e-05
2.416481111022708374e-05
2.414085031924056272e-05
2.411691798437153606e-05
2.409308857556165435e-05
2.406936105385919334e-05
2.404553992194792799e-05
2.402176214719114498e-05
2.399810030117946423e-05
2.397459627377996266e-05
2.395110802444550333e-05
2.392772414275432874e-05
2.390439609581449345e-05
2.388111516640795235e-05
2.385803480282626447e-05
2.383499834791020011e-05
2.381202906184524772e-05
2.378917706227435993e-05
2.376624095121471564e-05
2.374331990402580184e-05
2.372053573324220914e-05
2.369783606097555439e-05
2.367506645766159149e-05
2.365239568221609093e-05
2.362968263095445874e-05
2.360709717693296319e-05
2.358465471076019506e-05
2.356227479655357686e-05
2.353998954126159681e-05
2.351770310481324775e-05
2.349551508397886468e-05
2.347341918707352145e-05
2.345135705192580257e-05
2.342944144968673746e-05
2.340758091604938960e-05
2.338577076151802917e-05
2.336408022354346777e-05
2.334242877345216947e-05
2.332087068013145796e-05
2.329935771175184643e-05
2.327782778841848397e-05
2.325639309428977373e-05
2.323499650390749248e-05
2.321372033973590854e-05
2.319242610561091680e-05
2.317120638868553601e-05
2.314999729762246683e-05
2.312889182680042026e-05
2.310797422869508263e-05
2.308710361655630158e-05
2.306635873302377796e-05
2.304568372276115428e-05
2.302484280973012625e-05
2.300397869109326531e-05
2.298315312735448872e-05
2.296239462387988705e-05
2.294167079024792168e-05
2.292102269963145701e-05
2.290046761874151341e-05
2.287985487838232961e-05
2.285929178174969740e-05
2.283879270925074663e-05
2.281839801034138066e-05
2.279810020092651616e-05
2.277787854343744407e-05
2.275769218562267483e-05
2.273756760711929159e-05
2.271747289696188438e-05
2.269740072787118391e-05
2.267735960146117071e-05
2.265741873404910980e-05
2.263751976545742671e-05
2.261771626385576301e-05
2.259799553797811183e-05
2.257832309415532511e-05
2.255871179866948163e-05
2.253915466058395678e-05
2.251965817384031464e-05
2.250027915604824758e-05
2.248096046613794603e-05
2.246171589664170505e-05
2.244245490109099129e-05
2.242323729824950655e-05
2.240403202805342137e-05
2.238494652972334526e-05
2.236587730834019202e-05
2.234688925781167670e-05
2.232801209105270775e-05
2.230925752239731676e-05
2.229050762026066378e-05
2.227182061730325355e-05
2.225323042197027026e-05
2.223481262452372997e-05
2.221639853747647012e-05
2.219793620232811889e-05
2.217945634254377252e-05
2.216105980569289929e-05
2.214269049309120079e-05
2.212435131287378805e-05
2.210604897524364148e-05
2.208782851948824959e-05
2.206971111313806529e-05
2.205167355427228607e-05
2.203378767262635632e-05
2.201591002457857976e-05
2.199806801804407298e-05
2.198029817804639816e-05
2.196260213515758902e-05
2.194487741019054234e-05
2.192726390256327673e-05
2.190966979084101176e-05
2.189214560311864257e-05
2.187478318115367216e-05
2.185736367556955913e-05
2.183995800425460521e-05
2.182243715596846005e-05
2.180499559836945284e-05
2.178767758001344938e-05
2.177020514470597441e-05
2.175282406159282931e-05
2.173555712057625958e-05
2.171837782922987904e-05
2.170118884421081172e-05
2.168411102840275085e-05
2.166713526953579786e-05
2.165019956451645668e-05
2.163332560241290861e-05
2.161649043813353632e-05
2.159964126300020765e-05
2.158279528637111849e-05
2.156605734938112019e-05
2.154939893414570029e-05
2.153285423246619943e-05
2.151629513757304381e-05
2.149967063265262316e-05
2.148316651915913947e-05
2.146663421652565175e-05
2.145016582639698948e-05
2.143374056251874145e-05
2.141734778552242867e-05
2.140088038892993540e-05
2.138443795542936896e-05
2.136798412611785831e-05
2.135154656154636364e-05
2.133510242947970472e-05
2.131863521271296685e-05
2.130223066170211079e-05
2.128582688407958307e-05
2.126945581293469793e-05
2.125311410211992163e-05
2.123678238105591523e-05
2.122043041446047818e-05
2.120408723169343193e-05
2.118781640699355211e-05
2.117166213805668235e-05
2.115559473148613168e-05
2.113952597920362429e-05
2.112348145622646350e-05
2.110742843278537947e-05
2.109140598832028211e-05
2.107544973157910958e-05
2.105952826708485732e-05
2.104365368002099573e-05
2.102777847250409421e-05
2.101191848796289454e-05
2.099608532621156083e-05
2.098029175604119361e-05
2.096454801553847408e-05
2.094879595024108082e-05
2.093305418945616632e-05
2.091733273706629991e-05
2.090166057043538599e-05
2.088604915979098365e-05
2.087049539081774839e-05
2.085500673825158138e-05
2.083956176848365469e-05
2.082411938100442672e-05
2.080874855215281011e-05
2.079346677545607845e-05
2.077819139234889930e-05
2.076298786745820355e-05
2.074782702545880714e-05
2.073272155607749884e-05
2.071769267425953870e-05
2.070273861068472543e-05
2.068780707362616496e-05
2.067293208207916032e-05
2.065809859633302713e-05
2.064333651919454505e-05
2.062859033105102688e-05
2.061384610810063669e-05
2.059906518068214121e-05
2.058433290582761794e-05
2.056965153418867354e-05
2.055492692659691679e-05
2.054021627449773417e-05
2.052552127318358488e-05
2.051094316915176607e-05
2.049640644138114951e-05
2.048190276365342949e-05
2.046743056584338110e-05
2.045292029995116498e-05
2.043845977991206301e-05
2.042404308247988126e-05
2.040960051726041719e-05
2.039524755882534120e-05
2.038089848837836834e-05
2.036655226534356833e-05
2.035214894394354103e-05
2.033776654575433323e-05
2.032344666621279053e-05
2.030914058485038627e-05
2.029491083705811631e-05
2.028074636776489343e-05
2.026657935529005948e-05
2.025234814824329561e-05
2.023812364666367642e-05
2.022393486001430751e-05
2.020979656422155148e-05
2.019566708941144284e-05
2.018157753097724356e-05
2.016749704402479975e-05
2.015349548554523412e-05
2.013954352601611371e-05
2.012559399570560680e-05
2.011165304942072414e-05
2.009773685660465420e-05
2.008384745526062333e-05
2.006999722341726696e-05
2.005617963884934405e-05
2.004242857230690761e-05
2.002872487738497956e-05
2.001506706348215537e-05
2.000146553619514472e-05
1.998784250957908023e-05
1.997424209298659340e-05
1.996069564188700858e-05
1.994717195860332921e-05
1.993370319679425474e-05
1.992033084144107129e-05
1.990696145623578527e-05
1.989358065704203827e-05
1.988022667722587821e-05
1.986689729873989730e-05
1.985368075300306215e-05
1.984043360345395698e-05
1.982722276302643100e-05
1.981404318294574161e-05
1.980086839023548651e-05
1.978765161435592018e-05
1.977447040997022782e-05
1.976130357766885169e-05
1.974814125329813559e-05
1.973500985128346486e-05
1.972191556096728084e-05
1.970883588319727897e-05
1.969579197504731417e-05
1.968276616406626118e-05
1.966977459514810496e-05
1.965681011630548609e-05
1.964389589071574728e-05
1.963101347345715112e-05
1.961815825525158608e-05
1.960537068466677534e-05
1.959264309223397705e-05
1.957995620808583928e-05
1.956735552605269040e-05
1.955482797879096361e-05
1.954234562412124554e-05
1.952987783126404445e-05
1.951746554358768158e-05
1.950502920312343025e-05
1.949261840768039267e-05
1.948028061242588398e-05
1.946800575912322723e-05
1.945579808835339229e-05
1.944357675067476276e-05
1.943135421329357127e-05
1.941922072017138623e-05
1.940702329670462181e-05
1.939488142204524274e-05
1.938282051477251843e-05
1.937082204452744575e-05
1.935879732698697961e-05
1.934680881158514464e-05
1.933483556591013107e-05
1.932285296527731314e-05
1.931097189793929122e-05
1.929905593755765531e-05
1.928716399105436183e-05
1.927525583223839382e-05
1.926342863913132854e-05
1.925159584120674983e-05
1.923983294315531934e-05
1.922810513773585148e-05
1.921634664095687864e-05
1.920463021880273316e-05
1.919293709441313329e-05
1.918133650936974834e-05
1.916968135950515548e-05
1.915805038531501528e-05
1.914645986916636023e-05
1.913490171713664478e-05
1.912335205894571662e-05
1.911188047335067897e-05
1.910040970881347961e-05
1.908894164279469093e-05
1.907752384312941062e-05
1.906607927425053146e-05
1.905462915073986860e-05
1.904319547057283730e-05
1.903171837281893473e-05
1.902023240259828228e-05
1.900884906960638329e-05
1.899758228332602914e-05
1.898642407880770554e-05
1.897535289332351804e-05
1.896428862554431225e-05
1.895323138425634562e-05
1.894213413885995130e-05
1.893102484971933037e-05
1.891989546321017011e-05
1.890877590785117586e-05
1.889775413454429701e-05
1.888669107802778944e-05
1.887563606191470454e-05
1.886461217452406954e-05
1.885351018878583831e-05
1.884246664605143771e-05
1.883139533963705089e-05
1.882041242507457692e-05
1.880940641312972832e-05
1.879840770811487026e-05
1.878741772759172571e-05
1.877645917085200381e-05
1.876554928311201703e-05
1.875472505641113076e-05
1.874389994919662593e-05
1.873315914092132543e-05
1.872247240015361338e-05
1.871178586708414321e-05
1.870117975318660508e-05
1.869061362957527558e-05
1.868002606280671902e-05
1.866937387733806560e-05
1.865868011125386438e-05
1.864802452975423662e-05
1.863741820370210108e-05
1.862676964421819707e-05
1.861617889488348124e-05
1.860565791694698180e-05
1.859507330597919391e-05
1.858446976718630217e-05
1.857385870190561222e-05
1.856326999006975865e-05
1.855264840695105419e-05
1.854201248114792366e-05
1.853135625964628781e-05
1.852080037462742660e-05
1.851031360944703282e-05
1.849983068459323839e-05
1.848930057644327746e-05
1.847878991509443311e-05
1.846827447564023124e-05
1.845776142075454112e-05
1.844727045748782772e-05
1.843680950481312790e-05
1.842636154036625124e-05
1.841601511372962193e-05
1.840571041388972700e-05
1.839542354611265428e-05
1.838520289520753639e-05
1.837501442950796224e-05
1.836488098279379181e-05
1.835473090606240334e-05
1.834455653398398659e-05
1.833440565953109352e-05
1.832426991106634963e-05
1.831412812327728827e-05
1.830404868961895949e-05
1.829395945691574424e-05
1.828393260238269359e-05
1.827391590894298078e-05
1.826392379629479212e-05
1.825389710897190333e-05
1.824386836319719652e-05
1.823378617334336127e-05
1.822365268215355076e-05
1.821352166946368269e-05
1.820339794819700021e-05
1.819328959220390231e-05
1.818320209106422870e-05
1.817313592098516070e-05
1.816313920149057354e-05
1.815317685572914513e-05
1.814317157369418193e-05
1.813318282121856640e-05
1.812325127509628662e-05
1.811341024627255845e-05
1.810360496715752155e-05
1.809380636260821739e-05
1.808401197700816934e-05
1.807423410081352276e-05
1.806444928802290490e-05
1.805464151702055627e-05
1.804486694464934834e-05
1.803506956229853066e-05
1.802537422975080645e-05
1.801566423661672513e-05
1.800590864988439407e-05
1.799612683063235295e-05
1.798637878120886590e-05
1.797668118524234292e-05
1.796704216078868395e-05
1.795741648680923081e-05
1.794773203147246985e-05
1.793807896976380993e-05
1.792845314342898780e-05
1.791881099395225120e-05
1.790916126434639039e-05
1.789956572959643168e-05
1.789002871307643805e-05
1.788052944203169091e-05
1.787108973098122298e-05
1.786160323305649412e-05
1.785213492601268897e-05
1.784270003973403208e-05
1.783330562366575918e-05
1.782392672504009261e-05
1.781459446253267880e-05
1.780525457885041832e-05
1.779587136057375092e-05
1.778648556828737291e-05
1.777713066483080535e-05
1.776773753736899831e-05
1.775830347837431910e-05
1.774890490506799210e-05
1.773950559758492794e-05
1.773013661842674402e-05
1.772076131041851502e-05
1.771138483611443246e-05
1.770206870495764134e-05
1.769276399569284010e-05
1.768344853749503163e-05
1.767416556563416386e-05
1.766490065275843699e-05
1.765566512744848576e-05
1.764643508528062905e-05
1.763719905047274013e-05
1.762798193156818317e-05
1.761876605788516954e-05
1.760956696253256279e-05
1.760040145043292197e-05
1.759123075640377001e-05
1.758211188046698671e-05
1.757295361028548080e-05
1.756382369469877683e-05
1.755471552800713650e-05
1.754564410841338395e-05
1.753659839568261724e-05
1.752752767645122665e-05
1.751847483930042137e-05
1.750943595913601752e-05
1.750039826795162282e-05
1.749138062296003577e-05
1.748242427605746279e-05
1.747351135784002045e-05
1.746459177063639708e-05
1.745570350184596855e-05
1.744684002938209214e-05
1.743800305793491529e-05
1.742917840532423769e-05
1.742036020749618118e-05
1.741159428182290626e-05
1.740281480591086692e-05
1.739402189753235761e-05
1.738523973173043233e-05
1.737644615292028679e-05
1.736769233608460240e-05
1.735897206110064819e-05
1.735026272827042547e-05
1.734156063211593217e-05
1.733285862600312825e-05
1.732416194960822642e-05
1.731544903955523006e-05
1.730671756041161566e-05
1.729797745717181988e-05
1.728924274369264270e-05
1.728051993852430671e-05
1.727182244682742992e-05
1.726315807381222244e-05
1.725452004606407784e-05
1.724589869898529124e-05
1.723729909535647457e-05
1.722870866978987167e-05
1.722012141347294524e-05
1.721151579665129253e-05
1.720293104374960989e-05
1.719436701782903621e-05
1.718580572833590731e-05
1.717728817441999741e-05
1.716880433032473474e-05
1.716035635950022615e-05
1.715189341442011742e-05
1.714347081837778270e-05
1.713505175730927870e-05
1.712665641788243008e-05
