1.428440733183579392e-04
1.081708678430068652e-04
1.408469966664962678e-04
1.312394128665707468e-04
1.237984280690960354e-04
1.345011138273472385e-04
1.379713589612036680e-04
1.360493167319766223e-04
1.404167309652809309e-04
1.710365850012905535e-04
1.997783405463792741e-04
2.550007229701554945e-04
2.776018373884033431e-04
3.014106944765702206e-04
3.264185163175858310e-04
3.474338652506808560e-04
3.641750377966239600e-04
3.715946639281906302e-04
3.754349936379827225e-04
3.809551208255694261e-04
3.834137726179743014e-04
3.855610549558533212e-04
3.865406070435509472e-04
3.888257484302380098e-04
3.898958806267076977e-04
3.905770101250793480e-04
3.912756554851898457e-04
3.938974186636288706e-04
3.950767783915868194e-04
3.949764769099523465e-04
3.945922634484655498e-04
3.924804253178632951e-04
3.912865760130001223e-04
3.904782873412624214e-04
3.910136693903491995e-04
3.907870095187731098e-04
3.922421516486095257e-04
3.954055308509954719e-04
3.987379776654928617e-04
4.017870583923758079e-04
4.053045195480559928e-04
4.074634476100782326e-04
4.085919416769669588e-04
4.101594959255803878e-04
4.110163899273545072e-04
4.098125890499601889e-04
4.082907136180468797e-04
4.060665170358078967e-04
4.040443915644769649e-04
4.015441483436430229e-04
3.990757586044516459e-04
3.967885917673778535e-04
3.944411040969132590e-04
3.921912560639623647e-04
3.902826644454665712e-04
3.879847984423912140e-04
3.858150936900057505e-04
3.838766133367098256e-04
3.819833491943271184e-04
3.802255183776076432e-04
3.786858240968908498e-04
3.776561476661271328e-04
3.764940562249865304e-04
3.754618294655020366e-04
3.739102284243807860e-04
3.729539814896951598e-04
3.725099660315654313e-04
3.714974805791076344e-04
3.705825545562538336e-04
3.695335135006333591e-04
3.685234154773349858e-04
3.672807591845317484e-04
3.659325110951404587e-04
3.643946875602973603e-04
3.628971233869828601e-04
3.614943751886346280e-04
3.601424618255600891e-04
3.590916929402634592e-04
3.580163292870348771e-04
3.568391439879357949e-04
3.554779515032700397e-04
3.540667775731975021e-04
3.525347153538600201e-04
3.510448707865954543e-04
3.496232529645027756e-04
3.481380401177871370e-04
3.465364281760332480e-04
3.450713959678749338e-04
3.435745393321872824e-04
3.421307863066076673e-04
3.407672614750964155e-04
3.395939330616668428e-04
3.383684240561952387e-04
3.372224346122731226e-04
3.360045723024527057e-04
3.349039594048466937e-04
3.337184049585032461e-04
3.324202021428719861e-04
3.312020351535069546e-04
3.300850636517488920e-04
3.289826128143637772e-04
3.277963666976498828e-04
3.267265307746143122e-04
3.255664757231245825e-04
3.245078128802745686e-04
3.235053407020885307e-04
3.225554685037877712e-04
3.216176205258590025e-04
3.205999280474342819e-04
3.196519709237416397e-04
3.186897939019708403e-04
3.177231462300776957e-04
3.168110764737500887e-04
3.158433159066098496e-04
3.149588445428580128e-04
3.140735137499722513e-04
3.131783749547216791e-04
3.122913807061825846e-04
3.113461683795252176e-04
3.103596266427174400e-04
3.093430043875507705e-04
3.083662848916306535e-04
3.073872389820660189e-04
3.063662387013146014e-04
3.053700013226902333e-04
3.043618035377075723e-04
3.034383543710181567e-04
3.024805186670922845e-04
3.015088204444730754e-04
3.005310343623885717e-04
2.996002325179258842e-04
2.986202178639352093e-04
2.976789068247742936e-04
2.967290236592563281e-04
2.957446990390518696e-04
2.947678332056886128e-04
2.937978838534905518e-04
2.928805323205144109e-04
2.919832084964653720e-04
2.911141830899311605e-04
2.902566278120770858e-04
2.894127046169069355e-04
2.885895292348579890e-04
2.877385474451995260e-04
2.868650286714954879e-04
2.859716950483697602e-04
2.850974651862938345e-04
2.842498205676187179e-04
2.833994298779881748e-04
2.825664481113057572e-04
2.817306603551930004e-04
2.809078344200640763e-04
2.800868471291572152e-04
2.792592157576382814e-04
2.784158671332113825e-04
2.775530483446141637e-04
2.766821461725067614e-04
2.758118521451902324e-04
2.749569875872651418e-04
2.741064122557531160e-04
2.732618871674838022e-04
2.724230199593489425e-04
2.716087081448774324e-04
2.707985211540456911e-04
2.700046293997506461e-04
2.692117841238790489e-04
2.684270167057994602e-04
2.676552114562145155e-04
2.668858527907430958e-04
2.661356928658709315e-04
2.654065954660637049e-04
2.646755947426107061e-04
2.639536820859359487e-04
2.632259966688070161e-04
2.625139102717839734e-04
2.618060327123198933e-04
2.611009966307549783e-04
2.604042011458337631e-04
2.597103273843610676e-04
2.590316566570527424e-04
2.583460728820684998e-04
2.576566838011323498e-04
2.569664210352479725e-04
2.562772835555482496e-04
2.555949173261816421e-04
2.549176938809762896e-04
2.542422008257829336e-04
2.535783552015274966e-04
2.529225255942183100e-04
2.522670535022138649e-04
2.516167924848599323e-04
2.509776626835082125e-04
2.503425697628071617e-04
2.497184695157374430e-04
2.490968585619829844e-04
2.484780895400663897e-04
2.478713586380096832e-04
2.472641663169136065e-04
2.466637272012772155e-04
2.460656558407336189e-04
2.454700828962514607e-04
2.448795816540103682e-04
2.442960081620232154e-04
2.437099559652498252e-04
2.431283935397666454e-04
2.425564563082053323e-04
2.419979598787873017e-04
2.414404830838679579e-04
2.408969901679699338e-04
2.403570804729687998e-04
2.398237091779073548e-04
2.392866557974438141e-04
2.387595525322434647e-04
2.382383353559212739e-04
2.377201394730665265e-04
2.371966497289300650e-04
2.366863648704073018e-04
2.361687525575441196e-04
2.356560902300288199e-04
2.351565191856830621e-04
2.346450057051845215e-04
2.341467222346867876e-04
2.336499941215175262e-04
2.331616195168059779e-04
2.326735384483259652e-04
2.321762042153754934e-04
2.316856617179132946e-04
2.311991054376853500e-04
2.307051909517866578e-04
2.302207824903577753e-04
2.297429080409590311e-04
2.292669429079300628e-04
2.287966461830636235e-04
2.283288325355495329e-04
2.278601086888659352e-04
2.273975885428445914e-04
2.269417375901782330e-04
2.264889462336418734e-04
2.260382466444715497e-04
2.255876304172404307e-04
2.251417317546933433e-04
2.246976900012195117e-04
2.242593239345819125e-04
2.238215319626053919e-04
2.233898791153131780e-04
2.229663831076424856e-04
2.225393658472039904e-04
2.221161475050518596e-04
2.216995014084697905e-04
2.212819286801440816e-04
2.208701757800267829e-04
2.204601875473676236e-04
2.200498581049865833e-04
2.196467878544158933e-04
2.192489325270623364e-04
2.188546395118960643e-04
2.184670398433761508e-04
2.180734632310053908e-04
2.176687891392155793e-04
2.172660402019295977e-04
2.168677611092981270e-04
2.164805871754093831e-04
2.160986367632715226e-04
2.157177379184035276e-04
2.153326501547004940e-04
2.149547166925719094e-04
2.145734683799671832e-04
2.141984978954737900e-04
2.138234544368807606e-04
2.134522080604930037e-04
2.130840379181658350e-04
2.127161635708958970e-04
2.123485716658814963e-04
2.119845708156664035e-04
2.116241339234473833e-04
2.112683700308878724e-04
2.109139333415930770e-04
2.105677320412558653e-04
2.102238051563292461e-04
2.098730329228937284e-04
2.095269270344344052e-04
2.091830081115892738e-04
2.088408003647755260e-04
2.084970489012533872e-04
2.081558206005577351e-04
2.078108388931501540e-04
2.074686392120202692e-04
2.071237055256452324e-04
2.067854170399729963e-04
2.064509598888227275e-04
2.061141709871514385e-04
2.057751914912417553e-04
2.054401710562122024e-04
2.051137915856915666e-04
2.047805663195420979e-04
2.044491003932065725e-04
2.041173957959271988e-04
2.037895936985910318e-04
2.034607441133166254e-04
2.031369547005304108e-04
2.028182752883267838e-04
2.024941232896692212e-04
2.021743483255870758e-04
2.018517188269881835e-04
2.015300830017240140e-04
2.012045407819568329e-04
2.008835486506867121e-04
2.005630128542427461e-04
2.002435798993132073e-04
1.999243183613455110e-04
1.996053553807019686e-04
1.992895414032253205e-04
1.989777953392262030e-04
1.986663301272532098e-04
1.983552274180715917e-04
1.980432349889175265e-04
1.977339844322823404e-04
1.974280373696269862e-04
1.971196848774858811e-04
1.968134175258872646e-04
1.965077928485669991e-04
1.962026768570476266e-04
1.959007157712543785e-04
1.955985029477594014e-04
1.952992301668244441e-04
1.950003378687923208e-04
1.947019461053674759e-04
1.944053811762849325e-04
1.941098046587751114e-04
1.938161495522232824e-04
1.935235963868924230e-04
1.932345600709491995e-04
1.929459437662690499e-04
1.926581134368550538e-04
1.923709246106989886e-04
1.920847973739173002e-04
1.918001778893821797e-04
1.915166242714681246e-04
1.912342118747048525e-04
1.909527830067970795e-04
1.906731599225796367e-04
1.903950341558442998e-04
1.901180774921921318e-04
1.898433651913848143e-04
1.895705380176934826e-04
1.892999101330442924e-04
1.890305819096470123e-04
1.887619549588176069e-04
1.884960867017833319e-04
1.882330637498020665e-04
1.879700344206260761e-04
1.877100068354947389e-04
1.874520365449999434e-04
1.871987341470846965e-04
1.869465359083215532e-04
1.866945994601188852e-04
1.864460988335390329e-04
1.861978730065606575e-04
1.859499586724198820e-04
1.857025540781667217e-04
1.854547119110797732e-04
1.852095356152269839e-04
1.849694152755876504e-04
1.847320203879896424e-04
1.844953909605540933e-04
1.842605059975165385e-04
1.840288290434424377e-04
1.837969339455514702e-04
1.835608663000783418e-04
1.833274324474946178e-04
1.830964154612248001e-04
1.828640379721771091e-04
1.826328079655505933e-04
1.824059507168523432e-04
1.821792215764245313e-04
1.819563130371184341e-04
1.817320356949622456e-04
1.815111789055618373e-04
1.812898066239490092e-04
1.810658664658847204e-04
1.808423428983013746e-04
1.806173750326327927e-04
1.803905518639997555e-04
1.801621168618346765e-04
1.799354468178100913e-04
1.797086454108424948e-04
1.794817743039223558e-04
1.792553953206702595e-04
1.790321460786940117e-04
1.788106742778793577e-04
1.785881156275969121e-04
1.783649659700276013e-04
1.781429158098010170e-04
1.779230040845954249e-04
1.777044039474241939e-04
1.774887391243365562e-04
1.772742505324703633e-04
1.770575639385283035e-04
1.768430649507003770e-04
1.766298260301054875e-04
1.764152871635392558e-04
1.762006810801841671e-04
1.759860996417265836e-04
1.757755208811648099e-04
1.755651044920259569e-04
1.753544851440472653e-04
1.751426745861980297e-04
1.749305766353209072e-04
1.747204661420019046e-04
1.745138144747671179e-04
1.743087570415237603e-04
1.741045879506484932e-04
1.738998009123432649e-04
1.736970632215335320e-04
1.734967049722457074e-04
1.732978035154968057e-04
1.730981432725415918e-04
1.728979812842761207e-04
1.726989944031277042e-04
1.724989069665291291e-04
1.722977893898480783e-04
1.720978439665093247e-04
1.718982776685045897e-04
1.716992934726419505e-04
1.715006805360056895e-04
1.713017252972100191e-04
1.711032970644617930e-04
1.709056931012646998e-04
1.707077285623077639e-04
1.705104166934663179e-04
1.703136748474679539e-04
1.701175359530811618e-04
1.699220355470988241e-04
1.697267283134306769e-04
1.695325846832001463e-04
1.693390075691764455e-04
1.691458264742514708e-04
1.689553245995936074e-04
1.687640764052992820e-04
1.685733335498273934e-04
1.683825452710346383e-04
1.681921249222057772e-04
1.680024203661005392e-04
1.678133325689348755e-04
1.676252151908187455e-04
1.674379381981196872e-04
1.672510266267770247e-04
1.670644771711056594e-04
1.668784518901433845e-04
1.666930656012668077e-04
1.665081833519029681e-04
1.663240972669356916e-04
1.661404273624011692e-04
1.659574070826446085e-04
1.657749625455892835e-04
1.655930936116000373e-04
1.654118618155395789e-04
1.652311826962514691e-04
1.650511279912784534e-04
1.648716563362734983e-04
1.646927397402282213e-04
1.645144536609776168e-04
1.643367030655744614e-04
1.641595234991635450e-04
1.639829723710482801e-04
1.638069506512744805e-04
1.636314814645989759e-04
1.634566330093627565e-04
1.632823998109707883e-04
1.631086026980598056e-04
1.629353601298463112e-04
1.627626682874112744e-04
1.625905410886521014e-04
1.624189416412795742e-04
1.622478842613423919e-04
1.620774063641477081e-04
1.619075306304682829e-04
1.617380918655568847e-04
1.615692021058657592e-04
1.614008636845720419e-04
1.612331464607044782e-04
1.610660646660536728e-04
1.608994045775220295e-04
1.607335431085725539e-04
1.605683009541011429e-04
1.604032857186330949e-04
1.602388329364326286e-04
1.600745737588821064e-04
1.599108304104793449e-04
1.597475877911979985e-04
1.595848954128584922e-04
1.594227683852634224e-04
1.592613707205171967e-04
1.591006452490513381e-04
1.589405748671777249e-04
1.587811938359860091e-04
1.586227386766409051e-04
1.584642859701415889e-04
1.583060998763254296e-04
1.581482511192040352e-04
1.579908457083598386e-04
1.578339836555220442e-04
1.576784012986894728e-04
1.575242334352941573e-04
1.573716066265279628e-04
1.572194099538849125e-04
1.570683672068713633e-04
1.569170646104185664e-04
1.567656635307575002e-04
1.566139405931842314e-04
1.564629547980280020e-04
1.563123978189815907e-04
1.561621053324868463e-04
1.560117590374304644e-04
1.558611219339474537e-04
1.557114087899361197e-04
1.555622037835456333e-04
1.554129959590709478e-04
1.552648336762355583e-04
1.551169977056360001e-04
1.549693719924102636e-04
1.548227023819418228e-04
1.546763604389933165e-04
1.545312858936392084e-04
1.543868606139287090e-04
1.542415607782993961e-04
1.540965040507789223e-04
1.539521261182496116e-04
1.538078909393298256e-04
1.536641705964881329e-04
1.535204565270883027e-04
1.533771780579602003e-04
1.532344844052589911e-04
1.530917144698500381e-04
1.529489110291022550e-04
1.528068683260521614e-04
1.526655455427862820e-04
1.525244850725662803e-04
1.523846288173783317e-04
1.522452071247999130e-04
1.521069502907218692e-04
1.519677566031620974e-04
1.518288042892145309e-04
1.516907319570970174e-04
1.515529168690207579e-04
1.514155256709823151e-04
1.512790567462350027e-04
1.511430929396017741e-04
1.510072506935670469e-04
1.508716845163816055e-04
1.507358031150307631e-04
1.505999875936075191e-04
1.504645129499769291e-04
1.503289925127131849e-04
1.501936779452854847e-04
1.500585545312015079e-04
1.499238020630631223e-04
1.497894376861723517e-04
1.496554213204743882e-04
1.495217429136738642e-04
1.493884331199738327e-04
1.492556030996090377e-04
1.491230288215828446e-04
1.489910496911637107e-04
1.488593011845349594e-04
1.487282111685756165e-04
1.485972816283606202e-04
1.484671331304984602e-04
1.483369457953963712e-04
1.482075307366124538e-04
1.480786066316434652e-04
1.479496453208860860e-04
1.478207693443169630e-04
1.476920489708263579e-04
1.475637871032816912e-04
1.474359406156772667e-04
1.473082062077771379e-04
1.471808029562910673e-04
1.470539356623350353e-04
1.469274031677863851e-04
1.468015609040320758e-04
1.466767260515242034e-04
1.465520821671861839e-04
1.464272352693203280e-04
1.463026442755194462e-04
1.461783105570943454e-04
1.460541510698181486e-04
1.459308813354541414e-04
1.458079666279006831e-04
1.456851679150056561e-04
1.455626918075869517e-04
1.454406013205388165e-04
1.453187107970311989e-04
1.451966743986174598e-04
1.450748945842839023e-04
1.449539229002849412e-04
1.448330091747946865e-04
1.447131020469774034e-04
1.445937299244462871e-04
1.444744873342703091e-04
1.443560198731937193e-04
1.442376264932513957e-04
1.441193710807760317e-04
1.440020089875328126e-04
1.438839315081051932e-04
1.437661379977591943e-04
1.436487834824664493e-04
1.435316856954009230e-04
1.434148184623256568e-04
1.432981260680612730e-04
1.431816906951761937e-04
1.430650205367056367e-04
1.429485641808158356e-04
1.428323672356072028e-04
1.427163049417658560e-04
1.426004312483815384e-04
1.424848256608087253e-04
1.423695006857339670e-04
1.422545648748290380e-04
1.421399964981345809e-04
1.420258221879252961e-04
1.419120029681911015e-04
1.417985838911122723e-04
1.416853025468539531e-04
1.415727273035881427e-04
1.414603493258637448e-04
1.413478795974357411e-04
1.412358978558089328e-04
1.411242072940015028e-04
1.410124836640738906e-04
1.409012682987193128e-04
1.407902208990192494e-04
1.406793106455415433e-04
1.405683369874187775e-04
1.404576100828896980e-04
1.403471470997829328e-04
1.402369538035866121e-04
1.401271121949569740e-04
1.400174250300454586e-04
1.399079955741550313e-04
1.397989232148801194e-04
1.396900201008468081e-04
1.395813542504948821e-04
1.394729488558539641e-04
1.393649331624982309e-04
1.392570654836741998e-04
1.391494116737136244e-04
1.390421023893466228e-04
1.389349708482550685e-04
1.388281185126322365e-04
1.387215411090890027e-04
1.386152758589567443e-04
1.385093093298314551e-04
1.384036685111760185e-04
1.382983483402332550e-04
1.381933141354672553e-04
1.380888448242339496e-04
1.379842196335148382e-04
1.378799501789099581e-04
1.377758315300479171e-04
1.376721221817844441e-04
1.375690368168896896e-04
1.374657012401366766e-04
1.373625212865756768e-04
1.372595099037883634e-04
1.371568303015827908e-04
1.370542827460836867e-04
1.369517934998231237e-04
1.368497828627652591e-04
1.367478967959352254e-04
1.366463712505205117e-04
1.365451257415108057e-04
1.364439372755809406e-04
1.363430663168816251e-04
1.362422604748029283e-04
1.361415013120839093e-04
1.360409278452335928e-04
1.359406525223062377e-04
1.358407016051274303e-04
1.357411728913582533e-04
1.356416380682454680e-04
1.355424252806086867e-04
1.354432659708269164e-04
1.353442218473613606e-04
1.352454177730257653e-04
1.351468155750560002e-04
1.350484197956882272e-04
1.349503149688915449e-04
1.348524235091793613e-04
1.347547489135190947e-04
1.346572629359297244e-04
1.345600468555821982e-04
1.344630944090150328e-04
1.343662487357924278e-04
1.342695651023318294e-04
1.341731117145512832e-04
1.340768965817079464e-04
1.339808393921766846e-04
1.338849702994692652e-04
1.337893039992987321e-04
1.336938534597589151e-04
1.335986553169810087e-04
1.335036457759940795e-04
1.334087974103321085e-04
1.333141861726194397e-04
1.332199215612082173e-04
1.331258192371125525e-04
1.330320035161037184e-04
1.329385530804578228e-04
1.328452711012115814e-04
1.327520179412418951e-04
1.326588266517783230e-04
1.325660666216041796e-04
1.324732808918370019e-04
1.323807294875784196e-04
1.322884617800424182e-04
1.321962059710472446e-04
1.321041318790608615e-04
1.320123273509352406e-04
1.319207918603856368e-04
1.318295550451112190e-04
1.317385298492083771e-04
1.316479796880596080e-04
1.315572733459357852e-04
1.314667432280318036e-04
1.313765154992082857e-04
1.312862607380349122e-04
1.311961689645063222e-04
1.311063657146139486e-04
1.310165707596026331e-04
1.309270745455272508e-04
1.308377708196348406e-04
1.307486056507543772e-04
1.306595136338562424e-04
1.305706161684243533e-04
1.304819191447689221e-04
1.303934413020655248e-04
1.303051548570815512e-04
1.302170600488130800e-04
1.301294159996359842e-04
1.300417347564644763e-04
1.299544118491951789e-04
1.298673516741836521e-04
1.297803064725761794e-04
1.296934085823563771e-04
1.296066715809135938e-04
1.295202663968157599e-04
1.294341475222138672e-04
1.293481481578574515e-04
1.292624024847546956e-04
1.291767988848359946e-04
1.290914541538380593e-04
1.290061204936000740e-04
1.289209119994672709e-04
1.288357948280903845e-04
1.287509459188911607e-04
1.286663841836951016e-04
1.285821604814910482e-04
1.284977384759712507e-04
1.284134698328871869e-04
1.283294758605543816e-04
1.282454615745789084e-04
1.281617880580792506e-04
1.280782393130182979e-04
1.279949374551652070e-04
1.279121334505966742e-04
1.278290411684889318e-04
1.277461193485770075e-04
1.276633301188160729e-04
1.275807456513725372e-04
1.274983716475606586e-04
1.274161173060564035e-04
1.273340088859133514e-04
1.272519852043450990e-04
1.271699179414412034e-04
1.270879767816314205e-04
1.270062073861962795e-04
1.269245820989127927e-04
1.268431036487474811e-04
1.267617827222250622e-04
1.266806372480422849e-04
1.265996194123417563e-04
1.265187689975847643e-04
1.264380696941343999e-04
1.263575291296206357e-04
1.262772169697345482e-04
1.261969830088390920e-04
1.261168840033912776e-04
1.260369606926855840e-04
1.259572223406020390e-04
1.258776019812666886e-04
1.257981429944695815e-04
1.257189115005038777e-04
1.256397947153857107e-04
1.255607873634506265e-04
1.254818982188793885e-04
1.254031645222399125e-04
1.253248195321020472e-04
1.252465791964722504e-04
1.251685350374734916e-04
1.250905080080037292e-04
1.250127341859635184e-04
1.249353133445347359e-04
1.248579871703165475e-04
1.247807002681906917e-04
1.247034611892967285e-04
1.246262814358414512e-04
1.245492133507488817e-04
1.244722899970976892e-04
1.243954572520428062e-04
1.243187409605721393e-04
1.242421693019456663e-04
1.241657778617408139e-04
1.240895680951427567e-04
1.240135520152509671e-04
1.239377407260063729e-04
1.238620483230934660e-04
1.237864898003695579e-04
1.237111441637673854e-04
1.236359207813503139e-04
1.235609417544820585e-04
1.234861736674850862e-04
1.234113776037324361e-04
1.233368604312844760e-04
1.232624516147884397e-04
1.231880684709790090e-04
1.231138048393827468e-04
1.230398906412015492e-04
1.229662561931353247e-04
1.228924453702471534e-04
1.228189233571560504e-04
1.227453433956810088e-04
1.226716700890014629e-04
1.225981359869388260e-04
1.225247038026501599e-04
1.224514096233737239e-04
1.223782719023411910e-04
1.223052959650724255e-04
1.222325337821529502e-04
1.221599324000744607e-04
1.220873209211767842e-04
1.220148537121363717e-04
1.219424639623756994e-04
1.218702071223898607e-04
1.217980748751620889e-04
1.217260843391647140e-04
1.216542105260588909e-04
1.215824616075737957e-04
1.215108781893227418e-04
1.214394303477387278e-04
1.213680886670299297e-04
1.212968448887511775e-04
1.212257239061221453e-04
1.211547539887534980e-04
1.210838829533078591e-04
1.210131690267297617e-04
1.209425769041112017e-04
1.208721207088276760e-04
1.208017594294430214e-04
1.207316735448567903e-04
1.206616143680174945e-04
1.205917110094542865e-04
1.205219021347314807e-04
1.204522646228095773e-04
1.203827239158277958e-04
1.203132060351046927e-04
1.202438014297682459e-04
1.201745198057244021e-04
1.201053696428356032e-04
1.200363394180093378e-04
1.199674149756103101e-04
1.198986070170277713e-04
1.198299611948887587e-04
1.197614156769249630e-04
1.196929919770550418e-04
1.196246630581320191e-04
1.195564541190011296e-04
1.194883878527429289e-04
1.194204824313619404e-04
1.193527131799465818e-04
1.192852060370889003e-04
1.192178415416418261e-04
1.191504644152232607e-04
1.190832643473535346e-04
1.190160826140475070e-04
1.189490117286523535e-04
1.188821207551058568e-04
1.188152641515835073e-04
1.187485515576395086e-04
1.186819069490610838e-04
1.186154364213236421e-04
1.185490807669324279e-04
1.184827815387045431e-04
1.184165651446188460e-04
1.183505241945810154e-04
1.182846237298821636e-04
1.182187391692445151e-04
1.181530446068038652e-04
1.180877071365319568e-04
1.180223912114620587e-04
1.179573180908429273e-04
1.178923547749640880e-04
1.178275689439545117e-04
1.177627988546162347e-04
1.176982255902520963e-04
1.176337437216221868e-04
1.175695844616047090e-04
1.175054184238979950e-04
1.174412817484734450e-04
1.173778414643986866e-04
1.173141090061633574e-04
1.172508420336079910e-04
1.171876392005178073e-04
1.171245342426774122e-04
1.170611915994086304e-04
1.169978257670890984e-04
1.169347012406936342e-04
1.168716671091184477e-04
1.168087848468970510e-04
1.167457152772094590e-04
1.166825922562424536e-04
1.166194969896946538e-04
1.165564261267946984e-04
1.164934535005620383e-04
1.164305116828568331e-04
1.163677774942695198e-04
1.163050814667230756e-04
1.162424140683967062e-04
1.161798345783209349e-04
1.161173723891601437e-04
1.160549985433752750e-04
1.159927250670179786e-04
1.159305642954682456e-04
1.158685454040300539e-04
1.158065708984487905e-04
1.157446973456960620e-04
1.156829203909983956e-04
1.156212614117980205e-04
1.155596936372774809e-04
1.154982331239187942e-04
1.154368602787371738e-04
1.153755753183055137e-04
1.153143926537586429e-04
1.152533000920784545e-04
1.151923108968803879e-04
1.151314319398625728e-04
1.150706538834635233e-04
1.150100152971618645e-04
1.149494807905511706e-04
1.148890864889697851e-04
1.148287950988988491e-04
1.147685304470375548e-04
1.147084060178202899e-04
1.146484853802420795e-04
1.145885985592214149e-04
1.145287822300106086e-04
1.144690129114976813e-04
1.144093815150243337e-04
1.143500175857017491e-04
1.142906029079655280e-04
1.142314355243238784e-04
1.141723310750141553e-04
1.141134308107691759e-04
1.140545629140130127e-04
1.139958700948901757e-04
1.139373626053387167e-04
1.138788802211152304e-04
1.138204279020021118e-04
1.137620036738525898e-04
1.137035518491956047e-04
1.136452115784969240e-04
1.135870113004120580e-04
1.135287360133548106e-04
1.134705197776096348e-04
1.134123888928277081e-04
1.133543260291553460e-04
1.132963184122892322e-04
1.132383902254748063e-04
1.131805431419212742e-04
1.131228415267767349e-04
1.130652113284071959e-04
1.130076921582839054e-04
1.129502245046900741e-04
1.128928300405791866e-04
1.128355497222266284e-04
1.127784832065930617e-04
1.127215622226009474e-04
1.126646601057103585e-04
1.126077220857501219e-04
1.125508479469303073e-04
1.124940663684344543e-04
1.124374299858447079e-04
1.123809355724755615e-04
1.123245290484583121e-04
1.122681902743557906e-04
1.122119289626768296e-04
1.121557619202065052e-04
1.120996501766682673e-04
1.120435547795070944e-04
1.119875279780493932e-04
