9.544930376585547549e-03
1.129820725470369325e-02
1.085162660398342020e-02
9.961215838121222424e-03
9.168468313536423317e-03
8.491825512297974596e-03
7.990219717535369456e-03
7.688797980384340369e-03
7.580429865241373848e-03
7.429995975756449600e-03
7.312086378934145973e-03
7.110674933945836454e-03
6.924879949159962536e-03
6.764687824833415242e-03
6.617153748770578277e-03
6.465417316499345174e-03
6.316555792496075447e-03
6.178652454084518873e-03
6.035122496826915081e-03
5.905070895948620092e-03
5.774725773756038058e-03
5.644724913595284763e-03
5.521867773666859491e-03
5.406820149008434613e-03
5.302659719883604482e-03
5.200681594462336528e-03
5.105315046269544646e-03
5.013378786123998988e-03
4.926382046104311324e-03
4.843681491652603900e-03
4.765043579059710828e-03
4.691915162869965406e-03
4.622483444427743886e-03
4.554044960425822353e-03
4.489014508794362916e-03
4.426618337091632605e-03
4.366912068840938729e-03
4.310026554374585088e-03
4.255189324804523922e-03
4.203605680884203201e-03
4.153952101908251621e-03
4.106147780098107734e-03
4.060086983115210844e-03
4.016250324708736316e-03
3.976398921812780533e-03
3.938614217618279303e-03
3.904225557699564364e-03
3.870447688907027294e-03
3.843040547805796209e-03
3.815032418110402956e-03
3.783828931673149151e-03
3.752792605041823520e-03
3.722806104248954032e-03
3.693899228311247132e-03
3.667625458134897952e-03
3.641443200572745328e-03
3.616196007831017859e-03
3.592057758097944292e-03
3.565341969994481088e-03
3.539562830224443884e-03
3.513292382234020367e-03
3.486401893616364149e-03
3.459483955608327888e-03
3.433174204056452933e-03
3.407587532066219324e-03
3.383377734950059057e-03
3.359609160453943047e-03
3.335203560723068363e-03
3.311427799117073328e-03
3.288239481147287469e-03
3.266033793436381050e-03
3.243996885995519431e-03
3.222029574607671726e-03
3.200857684891937095e-03
3.179659313177641417e-03
3.158702203773624921e-03
3.138217289357545740e-03
3.118215182188266779e-03
3.098837479089342536e-03
3.079975921697725508e-03
3.061339294281583204e-03
3.042869371068622139e-03
3.024712094144389480e-03
3.006879958807608891e-03
2.989475268902148063e-03
2.972132026778028305e-03
2.955180228214057854e-03
2.938526564915546532e-03
2.922143507256294136e-03
2.906507297235095058e-03
2.891089220246268604e-03
2.875985243982358795e-03
2.861109083101644624e-03
2.846597874113723867e-03
2.832071621098678372e-03
2.817762484511010003e-03
2.803692479198414880e-03
2.789811561188217104e-03
2.776148939302646931e-03
2.762746624389883065e-03
2.749773711754234171e-03
2.736965191015303892e-03
2.724451808008572940e-03
2.712195592016795973e-03
2.700375133174967232e-03
2.688962433250987639e-03
2.677945260488740105e-03
2.666836519271123182e-03
2.656216419131572637e-03
2.645845076060575774e-03
2.636199054655059652e-03
2.626743820400394714e-03
2.617201253674161527e-03
2.607523927775959403e-03
2.597991434382791037e-03
2.588642613526403232e-03
2.579288240694807294e-03
2.569502622282258258e-03
2.560268233505004053e-03
2.550729368632606488e-03
2.541711284482162537e-03
2.533267946532417620e-03
2.524957075133612856e-03
2.516843764253744002e-03
2.508939828209573366e-03
2.501196372565683401e-03
2.493925205683869377e-03
2.486668063390372416e-03
2.479467724382082919e-03
2.472743658446688135e-03
2.465970741556325948e-03
2.459633795393223205e-03
2.452885744620143457e-03
2.446797879526014640e-03
2.440359611496158848e-03
2.434902444298202469e-03
2.429587053580689344e-03
2.424144716624970341e-03
2.418295111195508957e-03
2.412635172354562693e-03
2.407202066780003615e-03
2.401784366251618133e-03
2.396389737810662897e-03
2.390950712649871166e-03
2.385856734797932571e-03
2.380635855655256587e-03
2.375773759044547562e-03
2.371179835073774188e-03
2.366040183005237510e-03
2.360701581756994346e-03
2.355487091131817663e-03
2.350405565172458168e-03
2.345244028490262901e-03
2.340009714175374320e-03
2.334743618249027295e-03
2.329232360681519898e-03
2.323806754329152836e-03
2.318344178348483078e-03
2.312941137149469081e-03
2.307625392398003194e-03
2.302448098407540705e-03
2.297265870465027473e-03
2.292361876914440506e-03
2.287673392989447458e-03
2.283005178297818627e-03
2.278687555257721906e-03
2.274382754094815811e-03
2.269750069071364579e-03
2.265390418778098509e-03
2.260904930424249143e-03
2.256534824655302522e-03
2.252522699762589311e-03
2.248612054079831852e-03
2.244757171904829349e-03
2.241212534022938522e-03
2.237683882231462657e-03
2.233948978955641301e-03
2.229891065366578374e-03
2.226110646580625307e-03
2.222512550241589110e-03
2.218635354283986748e-03
2.214852383656646610e-03
2.211673425544295486e-03
2.208355526741869260e-03
2.204877609573180179e-03
2.201554841937673323e-03
2.198371758994281232e-03
2.195566000855645340e-03
2.192606333109844118e-03
2.189720771277239159e-03
2.187318563093304351e-03
2.184773347528167799e-03
2.182009566731887493e-03
2.179141478374007398e-03
2.176545421172719746e-03
2.174244364067727444e-03
2.172064117898568972e-03
2.169980585478515234e-03
2.167993733253587192e-03
2.165868264989475721e-03
2.164060627057806489e-03
2.162125290905630732e-03
2.160047498547822825e-03
2.157795631241499722e-03
2.155733643411276036e-03
2.153738719891320694e-03
2.151838540636500947e-03
2.150330552780457902e-03
2.148613862733812947e-03
2.147252664311816162e-03
2.146153789950459682e-03
2.145268983360907548e-03
2.144434557069606340e-03
2.143567121582036841e-03
2.142690002942921560e-03
2.141273966307283283e-03
2.139908331362519282e-03
2.138634531167174849e-03
2.137282961939112897e-03
2.135680086261612046e-03
2.134572604654797097e-03
2.133489712985509740e-03
2.132091816612408357e-03
2.130870958768076636e-03
2.129292070030949433e-03
2.127511528026524747e-03
2.125886008326110209e-03
2.124618317634453454e-03
2.123638665821180917e-03
2.122494168688664976e-03
2.121430232102222962e-03
2.120104518737360617e-03
2.118829058676217122e-03
2.117594841648029035e-03
2.116561154846518297e-03
2.115378624769837651e-03
2.114245527775398745e-03
2.112993081008280889e-03
2.111677141943881734e-03
2.110475543025095921e-03
2.109341334006102978e-03
2.108092132684165516e-03
2.106954963802697665e-03
2.106002482412473297e-03
2.105229518050898314e-03
2.104452674652524096e-03
2.103671475844946445e-03
2.102967245434886247e-03
2.102249871237874424e-03
2.101648877709169465e-03
2.100893125739711122e-03
2.099988014824135957e-03
2.099023232854991573e-03
2.098174855135734752e-03
2.097097537285731120e-03
2.096112306623502865e-03
2.095388289278107656e-03
2.094488718629963515e-03
2.093529703540186401e-03
2.092510487668764862e-03
2.091522787736989960e-03
2.090598494444632308e-03
2.089994481063776454e-03
2.089381898366522196e-03
2.088499637149994394e-03
2.087697044269772647e-03
2.086843834053728978e-03
2.086021245745863732e-03
2.085157563699051222e-03
2.084415535441607771e-03
2.083594590111987298e-03
2.082793134878121576e-03
2.081896419379219466e-03
2.081035802635023291e-03
2.080135909190783308e-03
2.079243872686039035e-03
2.078373009840546459e-03
2.077487316197546268e-03
2.076790005999989801e-03
2.076226926342232115e-03
2.075653691237101632e-03
2.075117390288259631e-03
2.074591028351132835e-03
2.074133285564025691e-03
2.073578587897950774e-03
2.072766198698452415e-03
2.071883479553454296e-03
2.071104211866428308e-03
2.070395304694417748e-03
2.069743675594501973e-03
2.068957514692694455e-03
2.068186943374364806e-03
2.067414495356817688e-03
2.066680130815426192e-03
2.066034089355830473e-03
2.065484381018271864e-03
2.064863801863975508e-03
2.064228238396978356e-03
2.063777349213720587e-03
2.063148366184484970e-03
2.062505298904155834e-03
2.061924409546476294e-03
2.061341531684955132e-03
2.060712799721362183e-03
2.059983278186911914e-03
2.059196547243938649e-03
2.058453874641551044e-03
2.057719337917106144e-03
2.057013294094136528e-03
2.056450730397200218e-03
2.055874971198990656e-03
2.055221673721128236e-03
2.054542043563830408e-03
2.054040722294031909e-03
2.053579495477203358e-03
2.053212366577809780e-03
2.052716517105934030e-03
2.052116758628221103e-03
2.051501007464082583e-03
2.050989262032167255e-03
2.050566686257760882e-03
2.050120141232623580e-03
2.049860178730149307e-03
2.049559506788659492e-03
2.049404398016453459e-03
2.049111951838425514e-03
2.048891107121331937e-03
2.048569444337139216e-03
2.048083882328124647e-03
2.047689407516051392e-03
2.047332049037369449e-03
2.046890983515101820e-03
2.046244259463158438e-03
2.045710991872035089e-03
2.045084444764785729e-03
2.044471090245430448e-03
2.044075460930013573e-03
2.043757987551620987e-03
2.043552578910433175e-03
2.043344789382676302e-03
2.043236236270107569e-03
2.043070750998123193e-03
2.042819598191044847e-03
2.042422682564086316e-03
2.042118274228689554e-03
2.041663573803934473e-03
2.041322327028398213e-03
2.041087016310327677e-03
2.040789924614448692e-03
2.040587547675518174e-03
2.040410035214677842e-03
2.040290529300744019e-03
2.040148476918907453e-03
2.040074284393577058e-03
2.039955584294597495e-03
2.040062089570982614e-03
2.040112118583571957e-03
2.040302959747019619e-03
2.040234409108261735e-03
2.040295001729710254e-03
2.040342851935327082e-03
2.040385889806399598e-03
2.040350619203906268e-03
2.040469148079625001e-03
2.040588652601856966e-03
2.040724274708958976e-03
2.040834135432966542e-03
2.041021521509935564e-03
2.041230120750838362e-03
2.041434497883727259e-03
2.041615364918240253e-03
2.041875207620196930e-03
2.042055323133572936e-03
2.042290750406795287e-03
2.042536453251015890e-03
2.042725037205578471e-03
2.042839008230012444e-03
2.042911494254995991e-03
2.042905160816076409e-03
2.043008122020991638e-03
2.043254140295531693e-03
2.043442371769691769e-03
2.043597832969352209e-03
2.043779582566524877e-03
2.044037453710634018e-03
2.044208363577778610e-03
2.044340128010502331e-03
2.044397111129506520e-03
2.044517810740139989e-03
2.044759499840263089e-03
2.044971087687145767e-03
2.045163407832910688e-03
2.045395202614344772e-03
2.045623335766393741e-03
2.045814638039869168e-03
2.045982388115423923e-03
2.046193793216901421e-03
2.046372273323088416e-03
2.046524628105772341e-03
2.046521755261017286e-03
2.046598461169619586e-03
2.046729561936801080e-03
2.047007235964421606e-03
2.047212380396565019e-03
2.047332687537501989e-03
2.047447027648443413e-03
2.047609952662804260e-03
2.047855610672247046e-03
2.048067403550280201e-03
2.048204152996032160e-03
2.048369948387984436e-03
2.048479924818287674e-03
2.048603738136855427e-03
2.048771491240062529e-03
2.048912737989033554e-03
2.049064540601926686e-03
2.049164398629060770e-03
2.049320274797620731e-03
2.049443580798083857e-03
2.049430402432381344e-03
2.049464112310772201e-03
2.049455719904908196e-03
2.049475168129752129e-03
2.049553841497099831e-03
2.049568175454435145e-03
2.049579856103080078e-03
2.049571057948848876e-03
2.049547003250188400e-03
2.049479524606477067e-03
2.049376088268745066e-03
2.049210682398000180e-03
2.049118128650420124e-03
2.048909741794396108e-03
2.048738227988553852e-03
2.048572576129102131e-03
2.048418532517394964e-03
2.048244284474692780e-03
2.048064945349451545e-03
2.047943232280705940e-03
2.047849329233744024e-03
2.047676686036127222e-03
2.047463778759774783e-03
2.047286814998742262e-03
2.047094761103339378e-03
2.046904729635091926e-03
2.046686940823906013e-03
2.046501490780130560e-03
2.046242247432512613e-03
2.046049372794170838e-03
2.045754316822269697e-03
2.045397577876319293e-03
2.044997438057207483e-03
2.044608388969653204e-03
2.044250602713968638e-03
2.043836172974526459e-03
2.043400043493132177e-03
2.042937157721420437e-03
2.042471900966843796e-03
2.042052071143368036e-03
2.041705611021294754e-03
2.041301706592226275e-03
2.040938740849311973e-03
2.040621918332038726e-03
2.040318000814852258e-03
2.040039765961677333e-03
2.039688843729023284e-03
2.039385338086267211e-03
2.039049516391711319e-03
2.038744074011373305e-03
2.038447872770412020e-03
2.038108770546228233e-03
2.037845141109587924e-03
2.037462813355612763e-03
2.037068243460962713e-03
2.036678452836239960e-03
2.036260211207388624e-03
2.035833491610915518e-03
2.035412083929924974e-03
2.034960835874574138e-03
2.034502725359696017e-03
2.034008033549985182e-03
2.033451769784071911e-03
2.032888670965384871e-03
2.032229375473481280e-03
2.031590604155795489e-03
2.030910543045423219e-03
2.030244373487360022e-03
2.029609679144633253e-03
2.028952638531172914e-03
2.028317454772816161e-03
2.027688515573327667e-03
2.027039150886263130e-03
2.026405529086198684e-03
2.025791507109947227e-03
2.025063879504824128e-03
2.024287913289460599e-03
2.023574673505119069e-03
2.022857444867386719e-03
2.022121680901920772e-03
2.021344344679738315e-03
2.020532170033557343e-03
2.019747517667191787e-03
2.018989987979646558e-03
2.018187092453649183e-03
2.017343729887541032e-03
2.016494747661564790e-03
2.015681660802290994e-03
2.014885135963339659e-03
2.014061409457729157e-03
2.013267289212473856e-03
2.012480421580848874e-03
2.011692271241165200e-03
2.010921864988629484e-03
2.010118482382385746e-03
2.009345514445654967e-03
2.008633160665226902e-03
2.007940101665724175e-03
2.007229412512291384e-03
2.006536578222361655e-03
2.005782280971524049e-03
2.005037106330893187e-03
2.004316780035186527e-03
2.003568812157172085e-03
2.002849585371339197e-03
2.002160180728523517e-03
2.001465067145300619e-03
2.000740033950892862e-03
2.000036371045362145e-03
1.999390587361456976e-03
1.998771919681329671e-03
1.998148909853370535e-03
1.997468780894745208e-03
1.996767346695435801e-03
1.996062684352905778e-03
1.995335162672202088e-03
1.994619715772760066e-03
1.993896856431092487e-03
1.993168003228368117e-03
1.992453818367344309e-03
1.991719416112666761e-03
1.990967651080966221e-03
1.990198934742984718e-03
1.989455008887945717e-03
1.988734873359292252e-03
1.988062595462422068e-03
1.987382641496594771e-03
1.986702269317835740e-03
1.986008708313826039e-03
1.985361777257601754e-03
1.984728759533704000e-03
1.984109583193438379e-03
1.983517861766522471e-03
1.982950916945504585e-03
1.982329943914787167e-03
1.981759169338272609e-03
1.981183323111162901e-03
1.980660097856206617e-03
1.980095577900696339e-03
1.979509517747979862e-03
1.978867927784397525e-03
1.978251055633978208e-03
1.977596063414095891e-03
1.976922562791528105e-03
1.976254966998268556e-03
1.975562589954810849e-03
1.974891630127429288e-03
1.974268619697969532e-03
1.973632580250770079e-03
1.972956693464019817e-03
1.972307599247651467e-03
1.971637403966068538e-03
1.970942647256043300e-03
1.970220170356779855e-03
1.969462680385324852e-03
1.968720731073101554e-03
1.967967917606089356e-03
1.967227450185089072e-03
1.966501099617753556e-03
1.965790310233132398e-03
1.965062950749931099e-03
1.964304696378141400e-03
1.963530855461736394e-03
1.962765496861050129e-03
1.961962149015858935e-03
1.961143357130863338e-03
1.960293062449190889e-03
1.959419558917983948e-03
1.958505931509110006e-03
1.957598522468544620e-03
1.956692248346396726e-03
1.955801983788820440e-03
1.954927522935404581e-03
1.954043016188875253e-03
1.953181714727061404e-03
1.952377420188017992e-03
1.951573846004634035e-03
1.950767736638027005e-03
1.949978279951124129e-03
1.949161415702224415e-03
1.948354201997698964e-03
1.947533713952936041e-03
1.946704047144876600e-03
1.945888044259549803e-03
1.945068363148595280e-03
1.944254710445354317e-03
1.943464603992987351e-03
1.942614361124294373e-03
1.941771211518637580e-03
1.940932220275862034e-03
1.940142672481216714e-03
1.939332147150583593e-03
1.938524776012820906e-03
1.937701105444149729e-03
1.936894060883765896e-03
1.936098587694330946e-03
1.935281423365093267e-03
1.934460430059639635e-03
1.933627385384056744e-03
1.932832666876400885e-03
1.932028197465927638e-03
1.931254232202053245e-03
1.930497229093509556e-03
1.929763533678166901e-03
1.929019307353245418e-03
1.928285299916845117e-03
1.927556443178993044e-03
1.926820116140556469e-03
1.926078830914735142e-03
1.925357182151725280e-03
1.924618718691204107e-03
1.923915821441222552e-03
1.923198396368548972e-03
1.922511490068347460e-03
1.921844014586135060e-03
1.921154404106408062e-03
1.920465714982305672e-03
1.919793825059680449e-03
1.919156759701751147e-03
1.918563528755964660e-03
1.917964993043269227e-03
1.917375293940369683e-03
1.916788524903313305e-03
1.916220998170961413e-03
1.915642385800890753e-03
1.915088229773588297e-03
1.914537777825405440e-03
1.913964525025719284e-03
1.913354995908515951e-03
1.912750681787646475e-03
1.912153544209486272e-03
1.911532083890846168e-03
1.910919822893917793e-03
1.910313604558032830e-03
1.909705482366038862e-03
1.909077247757745652e-03
1.908430478610068917e-03
1.907787240471708282e-03
1.907160667130736046e-03
1.906515234964700376e-03
1.905890894394413710e-03
1.905260838850005066e-03
1.904635075091055344e-03
1.903996509442529642e-03
1.903369213377632211e-03
1.902742994213265770e-03
1.902097571304887024e-03
1.901448757238477028e-03
1.900833832736099904e-03
1.900215120731191341e-03
1.899625744386282053e-03
1.899068648466880303e-03
1.898506871295017363e-03
1.897961247883308590e-03
1.897396436102786457e-03
1.896816601346412940e-03
1.896232295435097692e-03
1.895635726067199534e-03
1.895046839682925028e-03
1.894441308154508168e-03
1.893864390666668814e-03
1.893281039294433506e-03
1.892690150312306696e-03
1.892110966094020554e-03
1.891542447655985594e-03
1.890963217853175015e-03
1.890379566858021651e-03
1.889811776558229968e-03
1.889234566100823388e-03
1.888641051809711834e-03
1.888035005737906608e-03
1.887412728362087861e-03
1.886790826199172830e-03
1.886154953962008258e-03
1.885526122678790086e-03
1.884886396620950822e-03
1.884270500981728063e-03
1.883667074584108965e-03
1.883092364096352733e-03
1.882526078023686938e-03
1.881969195022286561e-03
1.881415295172426212e-03
1.880857414075857471e-03
1.880317311577672139e-03
1.879747072835197047e-03
1.879159151998825673e-03
1.878614321089696086e-03
1.878058469854304493e-03
1.877483230942718177e-03
1.876930620638983527e-03
1.876372665866959727e-03
1.875821196140369093e-03
1.875256161486937596e-03
1.874723262369049678e-03
1.874178338454081383e-03
1.873629780068036994e-03
1.873073643963877937e-03
1.872476872405817163e-03
1.871881569338137768e-03
1.871270868661704598e-03
1.870712656834735976e-03
1.870145115689569393e-03
1.869580145836606056e-03
1.868997558504110427e-03
1.868430835948075219e-03
1.867856785292822727e-03
1.867312171751400740e-03
1.866771051057342307e-03
1.866237377413737823e-03
1.865701983702603090e-03
1.865143746287868404e-03
1.864603702687174774e-03
1.864054763889576348e-03
1.863519647384305998e-03
1.862942837169185998e-03
1.862375353306451467e-03
1.861809287743070767e-03
1.861238825659287336e-03
1.860696987399618673e-03
1.860165191451968424e-03
1.859618272997253007e-03
1.859071050442288701e-03
1.858513843415854306e-03
1.857961483991339398e-03
1.857397638750867951e-03
1.856833283247419017e-03
1.856279231814298835e-03
1.855732064046320892e-03
1.855175603487371977e-03
1.854579610746618073e-03
1.853985828757411056e-03
1.853394537681467237e-03
1.852798672973467002e-03
1.852205520010620499e-03
1.851631835893873066e-03
1.851058596240379812e-03
1.850470105850975664e-03
1.849883417243328729e-03
1.849306801150454134e-03
1.848737073418979049e-03
1.848173800522305392e-03
1.847651158428310686e-03
1.847104715389830077e-03
1.846556399516346286e-03
1.846007072496796747e-03
1.845449900961095100e-03
1.844902078913787441e-03
1.844366955061242175e-03
1.843836938131916073e-03
1.843319377803417838e-03
1.842800733405178075e-03
1.842302549078961207e-03
1.841819234866474541e-03
1.841322622071550575e-03
1.840814820398201926e-03
1.840306953477193353e-03
1.839823549736318512e-03
1.839351819983309905e-03
1.838883817800176677e-03
1.838432824224771420e-03
1.837970531979608553e-03
1.837537655687011178e-03
1.837113831433138077e-03
1.836677208177785008e-03
1.836242474051852326e-03
1.835820994933011572e-03
1.835404066933185238e-03
1.834972339404371830e-03
1.834531742577175453e-03
1.834097121114046337e-03
1.833675670799231371e-03
1.833249316251150604e-03
1.832827331699091351e-03
1.832396762427150085e-03
1.831979932165316146e-03
1.831544258871434542e-03
1.831107581014671491e-03
1.830687615481941784e-03
1.830256318538675629e-03
1.829814932068714664e-03
1.829375841317310144e-03
1.828929765033410074e-03
1.828517295207763172e-03
1.828090449475502487e-03
1.827681772762188711e-03
1.827284679058656944e-03
1.826879020368514387e-03
1.826474658348743816e-03
1.826101161389759092e-03
1.825733102609910542e-03
1.825381011044347780e-03
1.825035205636248289e-03
1.824695859432022170e-03
1.824368160229133604e-03
1.824059489096466506e-03
1.823772762868172475e-03
1.823488414526914809e-03
1.823211895289716207e-03
1.822936998046376274e-03
1.822668111269615428e-03
1.822393735369739554e-03
1.822127242843772426e-03
1.821867664128166975e-03
1.821611877436876952e-03
1.821363959970773334e-03
1.821130450135672891e-03
1.820886442800634776e-03
1.820652962391659932e-03
1.820442915337393145e-03
1.820254330789241584e-03
1.820063667267355972e-03
1.819858994136132942e-03
1.819651506968023372e-03
1.819459636013950323e-03
1.819298160360142275e-03
1.819162016528019007e-03
1.819017602520731688e-03
1.818859437457562940e-03
1.818727022256111251e-03
1.818600280722319816e-03
1.818478026498449593e-03
1.818330615260636005e-03
1.818180072886874023e-03
1.818039463771161041e-03
1.817889690688524219e-03
1.817740635552121762e-03
1.817609632787936394e-03
1.817470964198817859e-03
1.817342307449805201e-03
1.817198419961148659e-03
1.817049494944096176e-03
1.816895547093110626e-03
1.816727530237849256e-03
1.816577786153199606e-03
1.816423902131686146e-03
1.816288351884910203e-03
1.816150811448147273e-03
1.816015940280604497e-03
1.815885201885525163e-03
1.815751524649777612e-03
1.815616170021162662e-03
1.815463886136685747e-03
1.815327883330823460e-03
1.815208638255574923e-03
1.815065841442001617e-03
1.814913988063344931e-03
1.814774621959149665e-03
1.814629485934096675e-03
1.814497533499666521e-03
1.814386270184001554e-03
1.814266264952761262e-03
1.814152623429391960e-03
1.814063893947221459e-03
1.813986241962240896e-03
1.813906099103894907e-03
1.813821928259830513e-03
1.813738010085905704e-03
1.813635157095885853e-03
1.813543130119952065e-03
1.813438140492178337e-03
1.813349333064351396e-03
1.813254364333658766e-03
1.813145898073918565e-03
1.813070180018625400e-03
1.812984994483132686e-03
1.812913079182701392e-03
1.812831585266901557e-03
1.812756637432617760e-03
1.812657575369522496e-03
1.812562025452855953e-03
1.812475551387586871e-03
1.812377394741711755e-03
1.812293415512235273e-03
1.812239084879601605e-03
1.812163369620513548e-03
1.812085170100616706e-03
1.812004198671170966e-03
1.811934474520687354e-03
1.811866025687265333e-03
1.811795128193972523e-03
1.811723240819950245e-03
1.811655423453558799e-03
1.811568780469955319e-03
1.811479641832762890e-03
1.811376142135976775e-03
1.811257257861771577e-03
1.811152276200373020e-03
1.811053357307933426e-03
1.810955927038697269e-03
1.810864037563995887e-03
1.810766427449730237e-03
1.810660506979257581e-03
1.810555235673989372e-03
1.810451336809420012e-03
1.810352343657601172e-03
1.810226200484976993e-03
1.810112679597506097e-03
1.810004713368280720e-03
1.809904101381839756e-03
1.809779126370650347e-03
1.809636336012214247e-03
1.809500065923209510e-03
1.809373142628890440e-03
1.809234180951607056e-03
1.809089852805557995e-03
1.808960683105023583e-03
1.808838537077002992e-03
1.808702978313831127e-03
1.808571382079618949e-03
1.808462432581543116e-03
1.808363546624363076e-03
1.808262846401660498e-03
1.808155536606275782e-03
1.808040352312246558e-03
1.807944364026828126e-03
1.807849759529682031e-03
1.807744811598210530e-03
1.807651360428294161e-03
1.807546502918047637e-03
1.807413695500345802e-03
1.807282732140448860e-03
1.807165226122616842e-03
1.807051764824432792e-03
1.806945744393979088e-03
1.806846384796327153e-03
1.806744955120318007e-03
1.806640660806768011e-03
1.806531361117501245e-03
1.806428822827614968e-03
1.806314040956131552e-03
1.806189657608149070e-03
1.806056803267828232e-03
1.805935892754319955e-03
1.805833068779998368e-03
1.805729589380914357e-03
1.805625669177137902e-03
1.805518690033651626e-03
1.805402089972559573e-03
1.805294577005732946e-03
1.805206635486502785e-03
1.805130702320148278e-03
1.805059959970464149e-03
1.804997939510561171e-03
1.804951004386289460e-03
1.804909210306808801e-03
1.804858175446235561e-03
1.804809942954225437e-03
1.804775627562800770e-03
1.804744095291430182e-03
1.804716585286357403e-03
1.804688115037959882e-03
1.804646371667158449e-03
1.804574054680842948e-03
1.804499122440019919e-03
1.804437393034940629e-03
1.804387279194270095e-03
1.804346483579897121e-03
1.804280310148153373e-03
1.804219742547094694e-03
1.804171026878452185e-03
1.804141027806466105e-03
1.804094998521712590e-03
1.804056485450148675e-03
1.804021939373716020e-03
1.804012428521008628e-03
1.803999692957003985e-03
1.803981704142162187e-03
1.803967753373291339e-03
1.803952404616415185e-03
1.803931937920965007e-03
1.803917132205709638e-03
1.803901250261644856e-03
1.803871500898928098e-03
1.803841992640644199e-03
1.803810999294976720e-03
1.803763770964841775e-03
1.803730405715491718e-03
1.803674728032456922e-03
1.803607483350688073e-03
1.803555717488460226e-03
1.803500838223154497e-03
