3.384220674999978938e-05
3.459346444273601195e-05
3.422232567325203675e-05
3.221788970394033608e-05
2.892861756816080633e-05
2.642681340796458419e-05
2.459504862551374548e-05
2.316006930910130676e-05
2.185595363412374197e-05
2.073909003830019934e-05
1.980067425187238622e-05
1.897655970868765743e-05
1.825692259650667126e-05
1.761378419171498788e-05
1.703138183814201405e-05
1.657152479476406990e-05
1.608018928588885498e-05
1.563580602120181068e-05
1.522017702478838107e-05
1.483479982342351619e-05
1.448018545442996053e-05
1.415782691043708657e-05
1.386800936519925266e-05
1.359900690524648543e-05
1.332741403471280486e-05
1.306869704293713437e-05
1.282443816597243262e-05
1.259352266416786737e-05
1.238035044008822005e-05
1.217733073629547810e-05
1.201137487291729031e-05
1.185151274837743367e-05
1.169620928634619925e-05
1.152298094121657515e-05
1.135726425497916735e-05
1.120260793448348756e-05
1.105709746750565051e-05
1.091846913357059474e-05
1.078613512996922741e-05
1.066582374081556117e-05
1.055245163105961223e-05
1.047364729495795425e-05
1.037799451906064980e-05
1.030289520630963188e-05
1.022183129739185908e-05
1.012488397510057524e-05
1.002660047872351447e-05
9.930072905142275577e-06
9.833596050974504664e-06
9.745095944478621673e-06
9.661177980827407289e-06
9.604092234773204363e-06
9.533773919764992763e-06
9.457688345165549690e-06
9.394686059004714966e-06
9.339877607643281622e-06
9.287473828444004452e-06
9.228598782543691881e-06
9.171803759003512417e-06
9.125120326316967702e-06
9.087144711264308033e-06
9.042554152352871554e-06
8.996649621713496381e-06
8.959801903157983485e-06
8.910021867478154384e-06
8.864914068743922173e-06
8.818860943783540896e-06
8.786779135730878157e-06
8.741401884528515864e-06
8.701419612185937093e-06
8.653774990990713626e-06
8.616614956949964656e-06
8.572257411147549597e-06
8.538374149480030929e-06
8.490720308227581081e-06
8.443400467833743446e-06
8.392979880350766309e-06
8.343111918595164350e-06
8.292837363326487730e-06
8.245415083582509266e-06
8.200476348008488807e-06
8.154305349509208926e-06
8.110675810639436434e-06
8.067832360023080522e-06
8.022026671715057057e-06
7.975862474520667956e-06
7.930587930645317113e-06
7.885399167192612722e-06
7.841090354629612862e-06
7.798073306379701446e-06
7.756837085632262404e-06
7.714867237882023116e-06
7.674466405189072114e-06
7.634194853826275947e-06
7.595254835320067178e-06
7.556529518397242485e-06
7.517479423227769725e-06
7.479656636397241904e-06
7.442011921549419881e-06
7.404929896179057743e-06
7.368221563543427120e-06
7.332112336367847276e-06
7.296433525878148376e-06
7.261310554328607491e-06
7.226727023771713157e-06
7.192617093122849031e-06
7.159252314080114736e-06
7.126031826650987256e-06
7.093412540468632721e-06
7.061252077728902517e-06
7.029388216924040539e-06
6.998053160726939228e-06
6.967414978547954405e-06
6.937471198016265561e-06
6.907741714695206809e-06
6.880087656226464107e-06
6.851077986560247829e-06
6.822791370021041950e-06
6.795621058004898120e-06
6.769098905451720834e-06
6.743143062656711849e-06
6.717792199971448164e-06
6.692459761690786624e-06
6.666730795225334541e-06
6.641079338702187820e-06
6.616561117914602226e-06
6.591028908332697940e-06
6.565827906640932995e-06
6.541089610669179048e-06
6.516636562208331845e-06
6.492573492240156159e-06
6.468647581135298171e-06
6.445153987027286097e-06
6.422097639134212694e-06
6.399070348227984712e-06
6.377197075184918502e-06
6.354309311444561731e-06
6.332398344837543273e-06
6.310669291744915586e-06
6.288916930575169513e-06
6.267167889100675571e-06
6.246363946551162966e-06
6.225847314848683038e-06
6.204861504224432171e-06
6.183922777436993751e-06
6.162879413000502788e-06
6.141978383082847295e-06
6.121224384550833451e-06
6.100648894664975281e-06
6.080329720751691199e-06
6.060340891828175048e-06
6.040567224381364654e-06
6.021400475537194001e-06
6.003127210175163435e-06
5.985462794736822996e-06
5.966867965440458976e-06
5.948925775074615900e-06
5.930788729372419336e-06
5.912957916975794859e-06
5.895434435723189952e-06
5.877369319693284639e-06
5.859536287429432571e-06
5.842211199663504852e-06
5.825309180287342162e-06
5.808169781513111491e-06
5.791417622675134298e-06
5.774628937303737534e-06
5.758084904986260874e-06
5.741669333736473176e-06
5.725035289697476398e-06
5.708721752143444392e-06
5.692131497853868828e-06
5.675659100438630936e-06
5.659336493144784502e-06
5.643276808426845711e-06
5.627231757337355427e-06
5.611383243559707999e-06
5.595600290437227652e-06
5.580265146851108182e-06
5.564813725744140664e-06
5.549463245658525291e-06
5.534213404802545310e-06
5.519110988052053421e-06
5.504093094512505856e-06
5.489208195232846049e-06
5.474437371780039189e-06
5.459834928711494418e-06
5.445324356373772800e-06
5.430934560172373711e-06
5.416801365558881802e-06
5.402893449259877999e-06
5.389161660567071879e-06
5.375663565082369630e-06
5.362349775091703309e-06
5.348964352762157935e-06
5.335500320911371335e-06
5.322017639074245156e-06
5.308598677323790680e-06
5.295350985941940997e-06
5.282096046940706381e-06
5.268944460993860592e-06
5.255898763103034577e-06
5.242937330890339113e-06
5.230155163238891673e-06
5.217405975255323241e-06
5.204727645055481214e-06
5.192254868205391520e-06
5.179808040204402063e-06
5.167493351103103594e-06
5.155180404160898844e-06
5.142968047664490952e-06
5.130832155388978634e-06
5.118827992168762758e-06
5.106983268467856376e-06
5.095279289028110367e-06
5.083644181787876998e-06
5.072071768533017693e-06
5.060509750609637653e-06
5.048960208424687849e-06
5.037472390942245860e-06
5.026065464227459809e-06
5.014743913215440266e-06
5.003491500853188032e-06
4.992311882446930316e-06
4.981243667004917829e-06
4.970214339424061008e-06
4.959289325154703183e-06
4.948409928135440080e-06
4.937598993619627480e-06
4.926862341843031433e-06
4.916200287353482438e-06
4.905599952243935243e-06
4.895133790735294806e-06
4.884663806554513721e-06
4.874274211996762762e-06
4.863937529758987479e-06
4.853675411770308345e-06
4.843498723518020793e-06
4.833364627345458866e-06
4.823302194965310262e-06
4.813295192171623768e-06
4.803355172022554002e-06
4.793496634482763253e-06
4.783686563143667060e-06
4.774028425404507822e-06
4.764373301434598307e-06
4.754950961870378542e-06
4.745483670424499011e-06
4.736144784750905819e-06
4.726889754768638676e-06
4.717544226641891163e-06
4.708256010350705283e-06
4.698995157662423319e-06
4.689836976585318251e-06
4.680648251518533595e-06
4.671524023220606006e-06
4.662435426164427733e-06
4.653449467232472608e-06
4.644458201942057820e-06
4.635532668722565103e-06
4.626653495560395800e-06
4.617866924937635141e-06
4.609081288634665207e-06
4.600345351305991182e-06
4.591725282838164970e-06
4.583087073810391377e-06
4.574496465082030252e-06
4.565955224699099686e-06
4.557574061236561930e-06
4.549204941265154799e-06
4.540918278633028836e-06
4.532675616495255386e-06
4.524423943528638736e-06
4.516268755177378564e-06
4.508174035895910382e-06
4.500185743154376177e-06
4.492409467868846696e-06
4.484666107971137252e-06
4.477280080981269934e-06
4.469633713817158258e-06
4.462105528913410428e-06
4.454500998591756591e-06
4.446818329232461659e-06
4.439247600935337481e-06
4.431682532478944631e-06
4.424120653007419141e-06
4.416545413691852563e-06
4.408940081359512402e-06
4.401328528874876448e-06
4.393813054122493136e-06
4.386267607090915179e-06
4.378796336370589360e-06
4.371348221942210952e-06
4.363975977976028921e-06
4.356577020642582065e-06
4.349213329345598096e-06
4.341885911494309920e-06
4.334600335290046124e-06
4.327353365388248124e-06
4.320142022744644148e-06
4.312962854712895300e-06
4.305817559512428025e-06
4.298710655804535005e-06
4.291635489934159612e-06
4.284612043358754223e-06
4.277606768666952382e-06
4.270636097587608991e-06
4.263709530083091381e-06
4.256820909031727299e-06
4.249953561960227429e-06
4.243188474852099683e-06
4.236432134403316111e-06
4.229809966053801499e-06
4.223159836287792215e-06
4.216546978485521129e-06
4.209898326008255382e-06
4.203288266079378478e-06
4.196782449461662986e-06
4.190250925071522719e-06
4.183814447897793162e-06
4.177314636030201758e-06
4.170881290855754691e-06
4.164445210768998117e-06
4.158023212567236541e-06
4.151631346649462703e-06
4.145302347015544833e-06
4.139022315979309260e-06
4.132902568851713500e-06
4.126727061380052283e-06
4.120558874410143185e-06
4.114375718356578165e-06
4.108232125878924870e-06
4.102100600206790949e-06
4.095965948335601205e-06
4.089926420983186850e-06
4.083849999895656424e-06
4.077801861515194265e-06
4.071816480109358926e-06
4.065824387647376852e-06
4.059859074622235765e-06
4.054057419829863253e-06
4.048153584569132263e-06
4.042257718626767503e-06
4.036384991262398409e-06
4.030555130420565911e-06
4.024782202849923459e-06
4.019017708817513263e-06
4.013363083956858815e-06
4.007816151609595019e-06
4.002338974178769607e-06
3.996812456492394522e-06
3.991292197205060512e-06
3.985777897751372217e-06
3.980208716297713749e-06
3.974689509114475011e-06
3.969145614069427387e-06
3.963680410350125872e-06
3.958250120564042816e-06
3.952842699067913905e-06
3.947527819757742242e-06
3.942337408346523399e-06
3.937143206038028595e-06
3.932075689430590279e-06
3.926988737145009459e-06
3.922121493101944691e-06
3.917225366062377475e-06
3.912432076640887053e-06
3.907679132602400498e-06
3.903100154587620087e-06
3.898389949042725702e-06
3.893717973199780728e-06
3.888958006022281920e-06
3.884128932901241498e-06
3.879333901409183312e-06
3.874504766106354783e-06
3.869770299838336177e-06
3.865149837727825662e-06
3.860537334400408398e-06
3.856047483214611458e-06
3.851611552732935150e-06
3.847147878472538731e-06
3.842934571447687643e-06
3.838528333089195894e-06
3.834314468192961983e-06
3.829987795944994479e-06
3.825867514292821594e-06
3.821610051821169755e-06
3.817349020709772329e-06
3.813067740078077636e-06
3.809063178165891962e-06
3.804921242779908087e-06
3.800931866405861424e-06
3.796696706448685759e-06
3.792440131184456978e-06
3.788319150148085941e-06
3.784136515477391488e-06
3.779980857506862116e-06
3.775913618701597585e-06
3.771929058169196100e-06
3.768183939032477843e-06
3.764319121807822854e-06
3.760782413839591024e-06
3.757429787541297641e-06
3.753945321674821132e-06
3.750672470528524228e-06
3.747574504141281462e-06
3.744285554275019520e-06
3.741034130621381446e-06
3.737748645926108532e-06
3.734324125530514236e-06
3.730891113177092129e-06
3.727338106227646280e-06
3.724113303444788572e-06
3.721301649651182627e-06
3.718360570998032407e-06
3.715809958752886908e-06
3.713179610384426137e-06
3.710400827104447858e-06
3.707713762381903691e-06
3.704999934417842275e-06
3.702281160395986164e-06
3.699440228663260598e-06
3.696645339266860838e-06
3.693858936265426690e-06
3.691084158696937051e-06
3.688297537679029651e-06
3.685260600663201293e-06
3.682145930960018917e-06
3.678987649621599614e-06
3.675790385807401316e-06
3.673004024558043954e-06
3.670235767080518388e-06
3.667332967915037696e-06
3.664425777412866971e-06
3.661793866387300961e-06
3.659498574392067816e-06
3.656806453213382724e-06
3.654075481772238012e-06
3.651554677820771249e-06
3.648804998882211319e-06
3.645802643697991413e-06
3.642802566769430620e-06
3.639515251976215636e-06
3.636358517609113045e-06
3.633061974892583748e-06
3.629941538504546906e-06
3.626788583372367047e-06
3.623506334095083275e-06
3.620145509691816795e-06
3.616851457793299754e-06
3.613543137948152899e-06
3.610068996684479427e-06
3.606606012369613957e-06
3.603185819204611807e-06
3.599827873379021014e-06
3.596299550090737602e-06
3.592708598381759852e-06
3.589374588345099890e-06
3.586099942250206609e-06
3.582817830964267720e-06
3.579530417330989879e-06
3.576167448380265946e-06
3.572828102038167723e-06
3.569444036372625617e-06
3.566046128021462408e-06
3.562600545408328071e-06
3.559126035690137079e-06
3.555605286624368956e-06
3.552036613897841985e-06
3.548469146029358674e-06
3.544867221042297155e-06
3.541272187745122487e-06
3.537655725476913257e-06
3.534085807260313176e-06
3.530509727144965178e-06
3.526990121230212459e-06
3.523531250675017372e-06
3.520049652851609340e-06
3.516545717112063572e-06
3.513067724531387072e-06
3.509540000221221995e-06
3.506021168062990134e-06
3.502480994764476258e-06
3.498979309823816294e-06
3.495494599653684365e-06
3.492013057052017158e-06
3.488575368525934140e-06
3.485156070866850758e-06
3.481764625746693596e-06
3.478370866105143050e-06
3.474923328370040206e-06
3.471476498448175941e-06
3.468029772363740174e-06
3.464582428429457600e-06
3.461185644342192007e-06
3.457791135432355987e-06
3.454431065517227800e-06
3.451105211035079270e-06
3.447751309191298291e-06
3.444455841186112642e-06
3.441126011900689082e-06
3.437804132610019675e-06
3.434514005571761411e-06
3.431194310160589161e-06
3.427888144583424875e-06
3.424577992604797194e-06
3.421285812727137506e-06
3.418012319000361723e-06
3.414732874729562740e-06
3.411517285207759172e-06
3.408263354726273040e-06
3.405021848925037124e-06
3.401829627256956536e-06
3.398668610863100758e-06
3.395442005467874679e-06
3.392209814086258579e-06
3.389012907577494352e-06
3.385866044176623012e-06
3.382756751992832263e-06
3.379663130956868022e-06
3.376604300017666065e-06
3.373565457403765925e-06
3.370481561621630797e-06
3.367406104310211687e-06
3.364306307827325275e-06
3.361215454814145673e-06
3.358111404688446306e-06
3.355090348945175691e-06
3.352072758026294997e-06
3.349150086418854024e-06
3.346227691363239501e-06
3.343294763313580056e-06
3.340385502335786258e-06
3.337462895054719594e-06
3.334532047451811506e-06
3.331682702677993064e-06
3.328747564436349608e-06
3.325912493881826201e-06
3.323017938013955130e-06
3.320162834797988955e-06
3.317286979783766231e-06
3.314370097318691732e-06
3.311483295593942089e-06
3.308563008606512047e-06
3.305700249781829110e-06
3.302747550598569448e-06
3.299844334518716027e-06
3.296917901897922866e-06
3.294006766795055103e-06
3.291050316900831722e-06
3.288151102476475508e-06
3.285230161596807919e-06
3.282285726918406907e-06
3.279384719397615946e-06
3.276458313590138198e-06
3.273526578206923094e-06
3.270632543463414761e-06
3.267717272806237768e-06
3.264808692589749485e-06
3.261926005508023945e-06
3.259061373173960046e-06
3.256194280044778666e-06
3.253338618342450712e-06
3.250477871563243379e-06
3.247623168771220763e-06
3.244805936462699561e-06
3.241970229108435407e-06
3.239136432829551941e-06
3.236301920665852194e-06
3.233512547841106181e-06
3.230712790267709275e-06
3.227956263455571699e-06
3.225191812099719493e-06
3.222437140098539045e-06
3.219707076171331158e-06
3.217030072965462657e-06
3.214364485364680197e-06
3.211772652968920358e-06
3.209145358607545296e-06
3.206508093303822832e-06
3.203886443459003335e-06
3.201277886829887932e-06
3.198643393380227935e-06
3.196012997634856708e-06
3.193377522477938958e-06
3.190763860782825936e-06
3.188090492307388938e-06
3.185439509135585927e-06
3.182801136113768102e-06
3.180166675197974030e-06
3.177589227532352864e-06
3.175001618634836194e-06
3.172410240543855067e-06
3.169806087059142249e-06
3.167229295910781497e-06
3.164654896500735204e-06
3.162104386571051191e-06
3.159546229990449891e-06
3.157035127035718596e-06
3.154494445001271929e-06
3.151947252325228188e-06
3.149418750882288059e-06
3.146879936802867754e-06
3.144358928592012082e-06
3.141823087921032426e-06
3.139275113302100221e-06
3.136761638969117233e-06
3.134210244389886186e-06
3.131664387682176729e-06
3.129117589810328038e-06
3.126595071043157883e-06
3.124055966886111251e-06
3.121529567072085777e-06
3.118994971733943234e-06
3.116466095681026853e-06
3.113958437390277697e-06
3.111454487525209505e-06
3.108973595051698064e-06
3.106507094089577899e-06
3.104026867289866956e-06
3.101627131576907718e-06
3.099212243690610903e-06
3.096818945686681296e-06
3.094399964735298128e-06
3.091981007205630407e-06
3.089547778770199556e-06
3.087126159640412574e-06
3.084734772771742108e-06
3.082313949058508167e-06
3.079912509149297496e-06
3.077500582625088255e-06
3.075097518143222786e-06
3.072702331771837085e-06
3.070298289541904678e-06
3.067894961510484868e-06
3.065496839671846406e-06
3.063113078270815232e-06
3.060717868338478385e-06
3.058335268360257130e-06
3.055960314825176827e-06
3.053587186988407588e-06
3.051215370244203160e-06
3.048865508848057401e-06
3.046542502050194523e-06
3.044210569202970395e-06
3.041882341318342345e-06
3.039564100631775920e-06
3.037268552446562520e-06
3.034984308846705138e-06
3.032694714216605258e-06
3.030418185121474723e-06
3.028126901597942083e-06
3.025846009398401346e-06
3.023564962709994773e-06
3.021289970254901457e-06
3.019005459507700350e-06
3.016729097755272434e-06
3.014462503672752671e-06
3.012187718454641396e-06
3.009925790829814814e-06
3.007664775179921905e-06
3.005417278814284801e-06
3.003184553766744893e-06
3.000943937205144992e-06
2.998707561474323611e-06
2.996473187831416900e-06
2.994241470770758837e-06
2.992013596223526156e-06
2.989785159253820836e-06
2.987566280151850630e-06
2.985356896739414191e-06
2.983162087685954266e-06
2.980972349696093253e-06
2.978782034260546080e-06
2.976595095046190513e-06
2.974408548614215715e-06
2.972221089431806228e-06
2.970030317811918044e-06
2.967843665282997611e-06
2.965660627180481379e-06
2.963482528781656214e-06
2.961311278267983823e-06
2.959142661066708322e-06
2.956985132576757102e-06
2.954830703166755964e-06
2.952682470686940604e-06
2.950540120036631013e-06
2.948423042106681633e-06
2.946316250657834517e-06
2.944204532151139095e-06
2.942086625993933278e-06
2.939964094489619134e-06
2.937845079993264929e-06
2.935728273284231302e-06
2.933615478366784101e-06
2.931508434717448878e-06
2.929404741260626538e-06
2.927310813119604927e-06
2.925220695910543654e-06
2.923132131074907145e-06
2.921046588222570274e-06
2.918965343074504263e-06
2.916890844947094438e-06
2.914825986990640667e-06
2.912765133956635546e-06
2.910722512096795392e-06
2.908673431357694460e-06
2.906636366495246863e-06
2.904594455256807689e-06
2.902568962970169750e-06
2.900537045141622247e-06
2.898508304654221905e-06
2.896483942589315668e-06
2.894489575380370277e-06
2.892482613088522751e-06
2.890469952567274858e-06
2.888463751809613433e-06
2.886455206398292839e-06
2.884450556559200858e-06
2.882462582089140411e-06
2.880473568099077057e-06
2.878497206484028378e-06
2.876520048552072987e-06
2.874550959818068715e-06
2.872584447153426726e-06
2.870622786038966434e-06
2.868656536361287128e-06
2.866692395651366280e-06
2.864729302861211497e-06
2.862772890672622570e-06
2.860819932333137722e-06
2.858873742820165589e-06
2.856929978511001239e-06
2.855004932738249650e-06
2.853088726763068501e-06
2.851171251479625119e-06
2.849255289067686716e-06
2.847347886847354076e-06
2.845444661350647091e-06
2.843535744502617099e-06
2.841630399418077973e-06
2.839731778058784056e-06
2.837828770311470670e-06
2.835949215982740481e-06
2.834075365031750605e-06
2.832203122585666385e-06
2.830344753373935249e-06
2.828492847891459927e-06
2.826663056639669755e-06
2.824818754305969151e-06
2.823022901021521702e-06
2.821190873109207550e-06
2.819368916571665036e-06
2.817550023492976992e-06
2.815752157483395126e-06
2.813958446853888310e-06
2.812145871593709317e-06
2.810353878379818468e-06
2.808560198214200578e-06
2.806779879079822190e-06
2.804991611437384514e-06
2.803206175774317459e-06
2.801421562275211225e-06
2.799643532814561299e-06
2.797882095468968566e-06
2.796153923754414392e-06
2.794407906587080198e-06
2.792653263953509582e-06
2.790905220958335743e-06
2.789138919742680549e-06
2.787353385977071542e-06
2.785579682395084804e-06
2.783808125469332134e-06
2.782039196282310249e-06
2.780303842564110438e-06
2.778561257652680312e-06
2.776830216528561007e-06
2.775097237871472757e-06
2.773369117741016700e-06
2.771645199517156411e-06
2.769918031757858399e-06
2.768217333046675865e-06
2.766521683915082823e-06
2.764839949394083932e-06
2.763169825590438490e-06
2.761488598114822605e-06
2.759797568478396475e-06
2.758142722868054268e-06
2.756475438538760222e-06
2.754853882435669572e-06
2.753230912414309719e-06
2.751612750315838605e-06
2.749972287601610536e-06
2.748362927953030761e-06
2.746780154643911812e-06
2.745176630522737621e-06
2.743571433513176929e-06
2.741985995881576521e-06
2.740428586865344729e-06
2.738875239835794738e-06
2.737304332484286506e-06
2.735741998203817733e-06
2.734136158827371496e-06
2.732554106140916278e-06
2.731008444740816195e-06
2.729424821566733873e-06
2.727815041458994225e-06
2.726231405939840377e-06
2.724632836289689322e-06
2.723039248877771861e-06
2.721424109736401129e-06
2.719815947854341704e-06
2.718228130281354965e-06
2.716621829874558395e-06
2.715030079407518352e-06
2.713429526778682358e-06
2.711828718062119080e-06
2.710240997871896188e-06
2.708641725970959635e-06
2.707045146904591541e-06
2.705463306250124021e-06
2.703909555405618771e-06
2.702358613303783560e-06
2.700815665301492919e-06
2.699288214224965127e-06
2.697793253314697106e-06
2.696309408382648145e-06
2.694846900763473463e-06
2.693398428384221059e-06
2.691982340665881095e-06
2.690567905808290569e-06
2.689138248851997462e-06
2.687741209336886599e-06
2.686343288299542106e-06
2.684918735643231103e-06
2.683503974307904130e-06
2.682085396409265653e-06
2.680639668661094512e-06
2.679224408189460658e-06
2.677817527481569315e-06
2.676394309700703678e-06
2.674989627578083016e-06
2.673533997175383974e-06
2.672071632255651711e-06
2.670602092916699995e-06
2.669141860086342947e-06
2.667686108120918927e-06
2.666245778634999239e-06
2.664814532145424625e-06
2.663390536633469856e-06
2.661975190919504332e-06
2.660560929611540031e-06
2.659154030101020318e-06
2.657731712055709178e-06
2.656310140071018021e-06
2.654868260609151199e-06
2.653394997640753571e-06
2.651919944023413580e-06
2.650455480806867220e-06
2.648963700563457327e-06
2.647460539872489001e-06
2.645949848135839445e-06
2.644444159266817741e-06
2.642950331959507351e-06
2.641457043377550282e-06
2.639966125271636657e-06
2.638467935347627048e-06
2.636966824123617101e-06
2.635468195892769700e-06
2.633962538296479270e-06
2.632462468662870205e-06
2.630966540118015462e-06
2.629478915120313241e-06
2.627995175199197633e-06
2.626514767764456194e-06
2.625023198970491325e-06
2.623538341705983343e-06
2.622070069873527303e-06
2.620592302342265449e-06
2.619116977303853280e-06
2.617642076815240723e-06
2.616164611298370842e-06
2.614699074462747185e-06
2.613230898070649625e-06
2.611783368221493550e-06
2.610334032688469243e-06
2.608895734760447233e-06
2.607453096249349267e-06
2.606012519152585262e-06
2.604575819243796061e-06
2.603142719213319072e-06
2.601723298880706774e-06
2.600308142120385834e-06
2.598889871144918876e-06
2.597483291384174509e-06
2.596070765193795792e-06
2.594661549429736742e-06
2.593245974133110928e-06
2.591838379887485437e-06
2.590417338400404977e-06
2.588999702728761829e-06
2.587586406861212316e-06
2.586187533056682489e-06
2.584807394794005871e-06
2.583401887154032810e-06
2.582007829722051896e-06
2.580618504407242121e-06
2.579253075142066221e-06
2.577892749534919283e-06
2.576527561139509447e-06
2.575152552249190496e-06
2.573783062572695492e-06
2.572410302602470422e-06
2.571046346384056402e-06
2.569700234640090453e-06
2.568343925481720798e-06
2.566991878797399485e-06
2.565635496941492007e-06
2.564279837295342364e-06
2.562934147458879619e-06
2.561591367889797403e-06
2.560241104087287688e-06
2.558896052163580111e-06
2.557538116157339188e-06
2.556184273860306164e-06
2.554825714285493280e-06
2.553476454203291845e-06
2.552131101736477936e-06
2.550788050542894604e-06
2.549441425390370299e-06
2.548090844561961931e-06
2.546742351918828417e-06
2.545399653677108954e-06
2.544060480414751932e-06
2.542708391606521617e-06
2.541360619197141316e-06
2.540010446140464554e-06
2.538660369715534534e-06
2.537313970897694731e-06
2.535975581919537471e-06
2.534647039446732701e-06
2.533323700729686224e-06
2.531999516363176817e-06
2.530692557127996177e-06
2.529378315193798264e-06
2.528066314759676720e-06
2.526746462431233865e-06
2.525434294918323993e-06
2.524123064350782943e-06
2.522814965967102178e-06
2.521506292387922323e-06
2.520204515741393111e-06
2.518902080020053146e-06
2.517603055367858795e-06
2.516294088286223968e-06
2.514983070939189554e-06
2.513674121368948707e-06
2.512369011792544379e-06
2.511069611979916710e-06
2.509774139090917538e-06
2.508476403440130867e-06
2.507181135893588177e-06
2.505892150255842614e-06
2.504607018962667729e-06
2.503322858566016151e-06
2.502033611486285838e-06
2.500758267417551000e-06
2.499484695813639543e-06
2.498204795758621124e-06
2.496929636718314971e-06
2.495654475500046129e-06
2.494382927294628343e-06
2.493117539568205047e-06
2.491848465465672833e-06
2.490583209762945762e-06
2.489323142904717077e-06
2.488058923989718311e-06
2.486802820485830695e-06
2.485546182100013613e-06
2.484287537317887315e-06
2.483028892760289545e-06
2.481773580275074781e-06
2.480522068098240804e-06
2.479273167134804333e-06
2.478026921878664509e-06
2.476781271131640440e-06
2.475535626396436525e-06
2.474294635149796388e-06
2.473063527209941801e-06
2.471825592806579789e-06
2.470586963339005817e-06
2.469346058104082787e-06
2.468108525889895395e-06
2.466875345002016653e-06
2.465643095853646897e-06
2.464415898058533296e-06
2.463187253374549721e-06
2.461958563623780082e-06
2.460732008460173165e-06
2.459506718027745343e-06
