6.299847364999971999e-03
5.202898943509792068e-03
4.364165233893674972e-03
3.780876116974624286e-03
3.483132839556993265e-03
3.241373832548760051e-03
3.032018226962121012e-03
2.844737395923843584e-03
2.710788409580177499e-03
2.601176307935046568e-03
2.495780053969564021e-03
2.389527481591589321e-03
2.296594973749094271e-03
2.213215308014750138e-03
2.138754340841246375e-03
2.070874598570234069e-03
2.009549769190082519e-03
1.953986938490399547e-03
1.902489468758644144e-03
1.854359482628224797e-03
1.809677342282777629e-03
1.768196017412960921e-03
1.729361779230980528e-03
1.693046299071272005e-03
1.659111848762351423e-03
1.628386952945280741e-03
1.598475829235628323e-03
1.570325623604887366e-03
1.545512612405115956e-03
1.520954261902920717e-03
1.498172221116310246e-03
1.476031309296230382e-03
1.454688667676181475e-03
1.433828926213727298e-03
1.413400324477105327e-03
1.393643482904866667e-03
1.375012107858916352e-03
1.356829929442169864e-03
1.339667449977572462e-03
1.323395192076535880e-03
1.308328145302957478e-03
1.294572032649632908e-03
1.281405800034087807e-03
1.267314936348417275e-03
1.255181913746221444e-03
1.243509342405517415e-03
1.233312148296421013e-03
1.223656440813898670e-03
1.212897982122049158e-03
1.202940092101092377e-03
1.193072859429922293e-03
1.183275065588648570e-03
1.172913196831460239e-03
1.162777934358459565e-03
1.153395923337129829e-03
1.143463957745777596e-03
1.133690821023101850e-03
1.124008782144256821e-03
1.114694043357875074e-03
1.105460836754835075e-03
1.096413508811052394e-03
1.087656883128705577e-03
1.079009907675142427e-03
1.070547763739992291e-03
1.062286795986509954e-03
1.054213002172721446e-03
1.046380896856511332e-03
1.038676838894084502e-03
1.031337262540791199e-03
1.024064823555785077e-03
1.016839659726492253e-03
1.009755165968382468e-03
1.002827941406690855e-03
9.960317011753799972e-04
9.894365919714286951e-04
9.829081672356404856e-04
9.765126024585122407e-04
9.702620752217829599e-04
9.641048867132494000e-04
9.580704142623298371e-04
9.521444077056322045e-04
9.463212811496316467e-04
9.406617014067752969e-04
9.350705408653586619e-04
9.295550427907666845e-04
9.241352226424332178e-04
9.188154950887535404e-04
9.135952810879771234e-04
9.084490204376054678e-04
9.033905225801859475e-04
8.984131337862830829e-04
8.935763723262283176e-04
8.887701864188643844e-04
8.840300730273984234e-04
8.793975194731354838e-04
8.748139964154091680e-04
8.703343336951687792e-04
8.659183159239323318e-04
8.615351100501530968e-04
8.572250201059494366e-04
8.530018861734782812e-04
8.488943752256169562e-04
8.447928646281835287e-04
8.407455461980503858e-04
8.368011667273600809e-04
8.328851377716032676e-04
8.290303443334957672e-04
8.252873596447379964e-04
8.217995772772463065e-04
8.182603349396452624e-04
8.147451849919085847e-04
8.111512635410935432e-04
8.076538095835376603e-04
8.041398069739850779e-04
8.006944135177171537e-04
7.972564914166226568e-04
7.938589008583124681e-04
7.905148545400402654e-04
7.871964016485312639e-04
7.839266959363177991e-04
7.807068437001388759e-04
7.775497786476525319e-04
7.744813469013975141e-04
7.715148451770230398e-04
7.686133050207085825e-04
7.657341186592163612e-04
7.628453824522966713e-04
7.600461806800543670e-04
7.572317252456932813e-04
7.544309424567789040e-04
7.516037017230611621e-04
7.488194945706450317e-04
7.460896980269329315e-04
7.433697464589283238e-04
7.406872384699521913e-04
7.381060548196000147e-04
7.354277354053311185e-04
7.327900067314894799e-04
7.301593686423770140e-04
7.275770673929077455e-04
7.250341218547467223e-04
7.224970695346731630e-04
7.199772459206341254e-04
7.174948351636854403e-04
7.150329732733053676e-04
7.125930446430512721e-04
7.101681843448367669e-04
7.077649274934883113e-04
7.053935215898175749e-04
7.030408255053098793e-04
7.007101295443903021e-04
6.984135144379365273e-04
6.961275213643147285e-04
6.938653475739136592e-04
6.916263638497498981e-04
6.894091838927198304e-04
6.872142420339002024e-04
6.850387686508051244e-04
6.828918390644574858e-04
6.807663101074413201e-04
6.786717598669380833e-04
6.766042503874179683e-04
6.745624638440176355e-04
6.725085892837796972e-04
6.704752255736299996e-04
6.684547815706454090e-04
6.664513724057794788e-04
6.644704971600438317e-04
6.625016933064399463e-04
6.605503747071911477e-04
6.586191463370636053e-04
6.567112411931702890e-04
6.548196686786572109e-04
6.529451760626920308e-04
6.510781285012590342e-04
6.492280103960791377e-04
6.473918410498663437e-04
6.455745579072489325e-04
6.437701008675577935e-04
6.419887209680239090e-04
6.402243885548123499e-04
6.384905698685962349e-04
6.367782000668153900e-04
6.350804834865676199e-04
6.333921270508745781e-04
6.317178341393213728e-04
6.300561517314592517e-04
6.284246551748259987e-04
6.268162705695853832e-04
6.252200593301816172e-04
6.236299292967651927e-04
6.220473328397954681e-04
6.204735073217526077e-04
6.189215163248129072e-04
6.173533235329142820e-04
6.158292264610794103e-04
6.143046483767011573e-04
6.127945403782440520e-04
6.112720576275217305e-04
6.097621750976253306e-04
6.082626500894731773e-04
6.067680325691697345e-04
6.053173607902661169e-04
6.038959633455802996e-04
6.024571597185869164e-04
6.010135855142218105e-04
5.995760236835476296e-04
5.981375733100352922e-04
5.967108836734617405e-04
5.952910895121944941e-04
5.938825743752113506e-04
5.924803623507610964e-04
5.910884671998655219e-04
5.897060650633648062e-04
5.883351006184806128e-04
5.869718096170125797e-04
5.856183971079986002e-04
5.842819745437626087e-04
5.829525001954092601e-04
5.816343312336734461e-04
5.803251494694747995e-04
5.790252951722454173e-04
5.777295231664490976e-04
5.764399226351556551e-04
5.751576534555554766e-04
5.738845273622895623e-04
5.726210614757702667e-04
5.713639395020518640e-04
5.701151000922137588e-04
5.688751159214645295e-04
5.676435869107452096e-04
5.664238768438587326e-04
5.652247838466600187e-04
5.640360647395266380e-04
5.628417534739228083e-04
5.616668554814886532e-04
5.605159510565982037e-04
5.593719796859868707e-04
5.582302252695694371e-04
5.570956130106146731e-04
5.559767707307559275e-04
5.548455986505119661e-04
5.537322845886178931e-04
5.526236077954418220e-04
5.515075051259581140e-04
5.504041929477073965e-04
5.493014406260302148e-04
5.482028342811875576e-04
5.471075344378417650e-04
5.460146029442216166e-04
5.449355050029145667e-04
5.438643502064797238e-04
5.428035423419135799e-04
5.417531643934867403e-04
5.407088891281089079e-04
5.396628505967858208e-04
5.386183001610049233e-04
5.375748928662335037e-04
5.365423234860130283e-04
5.355126003787711447e-04
5.344960310972351114e-04
5.334812132396382243e-04
5.324769191257906027e-04
5.314695744469178935e-04
5.304697006832195545e-04
5.294729494144413944e-04
5.284953540718275496e-04
5.275253319546041467e-04
5.265599461330460525e-04
5.256106743556352746e-04
5.246689466044976392e-04
5.237287679154935607e-04
5.227882049920712197e-04
5.218631990009365120e-04
5.209452491764786928e-04
5.200272838024764741e-04
5.191248565367504201e-04
5.182536714266276073e-04
5.173711970180635156e-04
5.165209012738980910e-04
5.156773817157297470e-04
5.148271522570950975e-04
5.139963710025663044e-04
5.131763415909280229e-04
5.123614582502306449e-04
5.115444709368315848e-04
5.107538368199618156e-04
5.099803334490832793e-04
5.091815748711184166e-04
5.083763104306873943e-04
5.075800155661304046e-04
5.067678963818776682e-04
5.059396515860107961e-04
5.051019396269487184e-04
5.042715309080909652e-04
5.034526652495366003e-04
5.026358221737103806e-04
5.018260778341047511e-04
5.010139849093042013e-04
5.002005026209095347e-04
4.993813171295138605e-04
4.985704343049534833e-04
4.977543170893112883e-04
4.969480232917867796e-04
4.961373822160845305e-04
4.953324272360337894e-04
4.945284067884144147e-04
4.937300220134706406e-04
4.929414035861293553e-04
4.921551753036379050e-04
4.913753489925698189e-04
4.906045643244221063e-04
4.898271895312882040e-04
4.890499990018733851e-04
4.882748612833321647e-04
4.875074390847897198e-04
4.867420607953379711e-04
4.859790036713445226e-04
4.852186459893974334e-04
4.844663397879894859e-04
4.837142776501273333e-04
4.829644409018287788e-04
4.822183154340993288e-04
4.814802874631008540e-04
4.807408197503545196e-04
4.800035874760586363e-04
4.792691864090091003e-04
4.785383352449637659e-04
4.778113383182773337e-04
4.770869975791692738e-04
4.763675522061215422e-04
4.756525337813815820e-04
4.749418368042426981e-04
4.742312132425693071e-04
4.735268374866494667e-04
4.728263701613767320e-04
4.721333943162079553e-04
4.714405063842967984e-04
4.707582437817493391e-04
4.700720016198307698e-04
4.693894980413087299e-04
4.687114907050814595e-04
4.680352335046642268e-04
4.673585729564711335e-04
4.666860038803419676e-04
4.660175193773265136e-04
4.653499167375962551e-04
4.646869440828518415e-04
4.640297177086417295e-04
4.633803920228401325e-04
4.627313666987339577e-04
4.620815302019818565e-04
4.614343846850578294e-04
4.607993230498914883e-04
4.601685574226687899e-04
4.595408366100619700e-04
4.589199959516894077e-04
4.582958547953684420e-04
4.576716857309566532e-04
4.570531646674830077e-04
4.564325077513817891e-04
4.558198441253089798e-04
4.552116922834329067e-04
4.545999903603418330e-04
4.539954178311824740e-04
4.533848773565338675e-04
4.527806607186584537e-04
4.521775736093204198e-04
4.515767029171788099e-04
4.509773707349136094e-04
4.503801338458268450e-04
4.497802447558360887e-04
4.491831629249897688e-04
4.485869997400341431e-04
4.479944998680130373e-04
4.474029257173642651e-04
4.468118622911879719e-04
4.462220497188071127e-04
4.456340568691445213e-04
4.450502140461232766e-04
4.444704514360245536e-04
4.438904613460034534e-04
4.433120207874923467e-04
4.427351408133929373e-04
4.421624124546620171e-04
4.415898410598751095e-04
4.410190492676963276e-04
4.404529162915670664e-04
4.398883931877431474e-04
4.393267817996086410e-04
4.387704610318629702e-04
4.382120495883556096e-04
4.376561723745554106e-04
4.371005400235188488e-04
4.365470007440824959e-04
4.359956186611341515e-04
4.354465695362147166e-04
4.348993883933832487e-04
4.343544080134861384e-04
4.338111430829654359e-04
4.332699054676489542e-04
4.327311176111837596e-04
4.321956334275638915e-04
4.316645389955279578e-04
4.311384392640272970e-04
4.306162089629777655e-04
4.300938005513768071e-04
4.295725735291555636e-04
4.290522631875739730e-04
4.285349482960992525e-04
4.280198543206598658e-04
4.275019733167637732e-04
4.269868820908438029e-04
4.264737059364794329e-04
4.259620975921751709e-04
4.254535129450337863e-04
4.249472437805819390e-04
4.244419182113619900e-04
4.239385565055331763e-04
4.234390581396469148e-04
4.229404666335195980e-04
4.224441284880964200e-04
4.219476901225786489e-04
4.214542011137233112e-04
4.209604983411196263e-04
4.204693999679041494e-04
4.199804090442921722e-04
4.194950119328467271e-04
4.190071863615258156e-04
4.185207696088160453e-04
4.180357650766675787e-04
4.175529406289199314e-04
4.170716989717908525e-04
4.165923221310073327e-04
4.161133334440252312e-04
4.156359780014079680e-04
4.151605695719119086e-04
4.146864627829450968e-04
4.142143821464505942e-04
4.137434494056508216e-04
4.132741936319074788e-04
4.128064742195307682e-04
4.123407734252155002e-04
4.118761654632700775e-04
4.114132740040683626e-04
4.109517968244117401e-04
4.104919756940360602e-04
4.100338782841661208e-04
4.095781310159292941e-04
4.091228853334880977e-04
4.086693821264640028e-04
4.082173162625112950e-04
4.077667000350452837e-04
4.073178438609188897e-04
4.068704101223900274e-04
4.064240389434565430e-04
4.059795830300405844e-04
4.055361356291381980e-04
4.050941559937334957e-04
4.046538802937646841e-04
4.042149284752544333e-04
4.037776069288219992e-04
4.033413811365955774e-04
4.029065758633793015e-04
4.024731185025577358e-04
4.020412684130055892e-04
4.016106377379548916e-04
4.011815747302210629e-04
4.007544907385085509e-04
4.003301234489640070e-04
3.999068453305317048e-04
3.994839194421371284e-04
3.990618173376130973e-04
3.986408607481940389e-04
3.982210391099209575e-04
3.978029757090135272e-04
3.973861495013500541e-04
3.969702913396885554e-04
3.965558775432087677e-04
3.961426358081860917e-04
3.957307343695646239e-04
3.953204191884160780e-04
3.949112581379791596e-04
3.945032194084729309e-04
3.940967661180914679e-04
3.936916359742165901e-04
3.932873531691964469e-04
3.928854791824125435e-04
3.924839726727254608e-04
3.920850634386734471e-04
3.916876567815755152e-04
3.912899450061874660e-04
3.908935290899136043e-04
3.904990205080471812e-04
3.901071810967547226e-04
3.897163211298455008e-04
3.893263361245606451e-04
3.889367806918140832e-04
3.885487386733099181e-04
3.881633577941432343e-04
3.877773847969731048e-04
3.873941756173616881e-04
3.870127707548673738e-04
3.866341561964702664e-04
3.862594832471737930e-04
3.858850421032193308e-04
3.855094660404619436e-04
3.851369060503319363e-04
3.847655909295521104e-04
3.843926002871576029e-04
3.840208629181459006e-04
3.836492326025553391e-04
3.832783196405037071e-04
3.829070417925175651e-04
3.825360706365402348e-04
3.821671460926239893e-04
3.817986389447751059e-04
3.814331370783715812e-04
3.810704972601453955e-04
3.807111419320100844e-04
3.803505674017447860e-04
3.799913085023359696e-04
3.796310383174045992e-04
3.792736165493295068e-04
3.789154807626660191e-04
3.785574953303479334e-04
3.781995988244540147e-04
3.778419799763240100e-04
3.774850447664239070e-04
3.771290316755228551e-04
3.767738048202217576e-04
3.764200067361419492e-04
3.760680392698794133e-04
3.757158624093536641e-04
3.753645756459346125e-04
3.750143368541644737e-04
3.746665005777614324e-04
3.743188615117575523e-04
3.739724450442953921e-04
3.736264550224057714e-04
3.732813469035724837e-04
3.729371010608303286e-04
3.725937234196823955e-04
3.722511208846106820e-04
3.719095514356814255e-04
3.715690180479335695e-04
3.712298062881742400e-04
3.708910263046026308e-04
3.705532360737622921e-04
3.702165505441934934e-04
3.698804657315841603e-04
3.695462054324279069e-04
3.692126127074124228e-04
3.688792384081881191e-04
3.685467680629013433e-04
3.682152946321702483e-04
3.678846976207476990e-04
3.675549096415302026e-04
3.672260890351546937e-04
3.668987726514392990e-04
3.665743157184834654e-04
3.662520528963276339e-04
3.659322594249482855e-04
3.656167435460232857e-04
3.652968170067077101e-04
3.649790838971897359e-04
3.646633946980224633e-04
3.643479514107338872e-04
3.640340595769568709e-04
3.637217665399683367e-04
3.634136879073580147e-04
3.631056557682749825e-04
3.627964877261637914e-04
3.624888821382577344e-04
3.621804112091621852e-04
3.618745266049109752e-04
3.615690204239262835e-04
3.612674528427602745e-04
3.609652019424216445e-04
3.606650989487934170e-04
3.603690263738079007e-04
3.600762078978003472e-04
3.597856347460075981e-04
3.594978939489346971e-04
3.592105364921091993e-04
3.589218717089349086e-04
3.586341786136800890e-04
3.583467037521424455e-04
3.580679022127259141e-04
3.577862991895951021e-04
3.575055611838924194e-04
3.572252095970349008e-04
3.569457889008350714e-04
3.566751789071210882e-04
3.563987571671173738e-04
3.561287700268625750e-04
3.558617147100929341e-04
3.555904876012522101e-04
3.553212692700326715e-04
3.550513195575531614e-04
3.547796909681755250e-04
3.545105485139530004e-04
3.542412153947569744e-04
3.539710052525554059e-04
3.537019539014824281e-04
3.534346103660994777e-04
3.531736311385244467e-04
3.529157751574324149e-04
3.526584090331630773e-04
3.523960520522113286e-04
3.521330614386967658e-04
3.518693151219664866e-04
3.516017118324356035e-04
3.513338371304950834e-04
3.510685773238776219e-04
3.508018387488396738e-04
3.505370129277907772e-04
3.502740641037169916e-04
3.500075385886493719e-04
3.497437887815673134e-04
3.494794105327989780e-04
3.492175100045918088e-04
3.489585913129391128e-04
3.486994616528318511e-04
3.484397819039649984e-04
3.481815623774117078e-04
3.479243897972584881e-04
3.476693788823227000e-04
3.474158510094227685e-04
3.471614115046470542e-04
3.469066109028770203e-04
3.466493507753692352e-04
3.463882570364018652e-04
3.461249300515832281e-04
3.458661807846519090e-04
3.456039520118435351e-04
3.453409900955804160e-04
3.450812501979457067e-04
3.448245537382270691e-04
3.445656904602854820e-04
3.443073315836586105e-04
3.440495987803627751e-04
3.437938746745118081e-04
3.435400674574554548e-04
3.432814375009812118e-04
3.430218437590546441e-04
3.427615758131769452e-04
3.425028140679363875e-04
3.422476711619936080e-04
3.419927455998352374e-04
3.417405853932066646e-04
3.414896618993045678e-04
3.412360818552441239e-04
3.409829991565604219e-04
3.407277168144741842e-04
3.404723345325195538e-04
3.402184233521772494e-04
3.399651182938851195e-04
3.397130965513629926e-04
3.394613954469897642e-04
3.392105932794678706e-04
3.389604253938707573e-04
3.387083001620292484e-04
3.384576230266504141e-04
3.382075211578860889e-04
3.379604382002271857e-04
3.377151306582573675e-04
3.374705611884243231e-04
3.372271442704037310e-04
3.369838036027343869e-04
3.367411980335928271e-04
3.364997151914692845e-04
3.362594423883923512e-04
3.360154829541763259e-04
3.357736008052188202e-04
3.355342694250615962e-04
3.352930703917087005e-04
3.350571005078057871e-04
3.348231533869445195e-04
3.345899024499857165e-04
3.343571017084207356e-04
3.341261757332554408e-04
3.338960019566738937e-04
3.336641275657277928e-04
3.334298816756625953e-04
3.331971432324797792e-04
3.329637349600870697e-04
3.327322740110870121e-04
3.325022903625724554e-04
3.322714544454223509e-04
3.320417856849759968e-04
3.318133886529374996e-04
3.315856930536228639e-04
3.313645027831367464e-04
3.311413986796509987e-04
3.309179180610660959e-04
3.306989604034525502e-04
3.304770769534159437e-04
3.302566725547052503e-04
3.300358304742710106e-04
3.298154468107610915e-04
3.295986375767728555e-04
3.293796608520987166e-04
3.291635665768720539e-04
3.289493360356363669e-04
3.287395391226625671e-04
3.285267810662557725e-04
3.283149622542120357e-04
3.281002670240225285e-04
3.278893798356935963e-04
3.276764772363061355e-04
3.274650036243492842e-04
3.272518140213292667e-04
3.270373598398531928e-04
3.268221281914811889e-04
3.266048297144816151e-04
3.263882034737468503e-04
3.261668349106423251e-04
3.259460697806890119e-04
3.257253412969647187e-04
3.255055259596415841e-04
3.252850189758808440e-04
3.250646580896997761e-04
3.248439137694190786e-04
3.246255784402975490e-04
3.244088436667813893e-04
3.241920791085258846e-04
3.239740279884160403e-04
3.237570694224154995e-04
3.235428705326805687e-04
3.233305708179735460e-04
3.231185803361413984e-04
3.229055245573580124e-04
3.226940092147058186e-04
3.224841410572871592e-04
3.222764321278865631e-04
3.220668222267234230e-04
3.218581418121037882e-04
3.216478818737709944e-04
3.214379758570155214e-04
3.212281218109623126e-04
3.210179261199231477e-04
3.208074618797469532e-04
3.205980025711760830e-04
3.203878363601798908e-04
3.201798867890582267e-04
3.199717202146289325e-04
3.197655374036350055e-04
3.195615562817718928e-04
3.193573120104911049e-04
3.191533766464736926e-04
3.189482573196318529e-04
3.187439481974522711e-04
3.185403105158841875e-04
3.183356491661840180e-04
3.181334826667926675e-04
3.179318995702631444e-04
3.177307678171435875e-04
3.175309851213931555e-04
3.173341448263445556e-04
3.171348413336906526e-04
3.169358959987711227e-04
3.167353967870668082e-04
3.165354219191996690e-04
3.163398152009772599e-04
3.161426345911044333e-04
3.159457537834434171e-04
3.157504337026710030e-04
3.155576591692595958e-04
3.153662224853747711e-04
3.151775486047459223e-04
3.149880659583383330e-04
3.148017135869094754e-04
3.146151406070968434e-04
3.144281849849753685e-04
3.142422983770994539e-04
3.140553350027276399e-04
3.138684715862872978e-04
3.136849892889511607e-04
3.134993377107904455e-04
3.133157116443905971e-04
3.131295821968615111e-04
3.129431428952960076e-04
3.127556224541484017e-04
3.125659649379998917e-04
3.123756569056372438e-04
3.121844366990665751e-04
3.119921609897139954e-04
3.117994404528885450e-04
3.116080646300720212e-04
3.114194531686514836e-04
3.112323892450088287e-04
3.110444098009804885e-04
3.108566168329705858e-04
3.106695779002521915e-04
3.104834126219023732e-04
3.102980162813183916e-04
3.101142618548696078e-04
3.099315837268400283e-04
3.097490953552641088e-04
3.095662746793575982e-04
3.093826206220217376e-04
3.092005376384025827e-04
3.090181131805162166e-04
3.088349346933638500e-04
3.086509524971439776e-04
3.084664363157615398e-04
3.082847835114517140e-04
3.081042169372740966e-04
3.079245613672795942e-04
3.077471107676891084e-04
3.075718865130521221e-04
3.073967383484535942e-04
3.072225396527456746e-04
3.070522045011885395e-04
3.068836654315779317e-04
3.067169124402128045e-04
3.065500752978036342e-04
3.063817544487547643e-04
3.062174897325017431e-04
3.060506288823015798e-04
3.058879821374857260e-04
3.057264713396593394e-04
3.055639320417443631e-04
3.054010260256559265e-04
3.052410922046742752e-04
3.050784162334530003e-04
3.049153556941460699e-04
3.047522717166359385e-04
3.045932463261083033e-04
3.044343674471082419e-04
3.042774730513626629e-04
3.041226043229343996e-04
3.039665280984027050e-04
3.038081314938394467e-04
3.036461547386794702e-04
3.034832581677244026e-04
3.033205597096700398e-04
3.031564461320817531e-04
3.029911221284271763e-04
3.028257967308279610e-04
3.026609669146735509e-04
3.024964894343888763e-04
3.023318184446359327e-04
3.021676976001620393e-04
3.020039042986095339e-04
3.018401925012165698e-04
3.016746747495220832e-04
3.015055454501067199e-04
3.013383942093055597e-04
3.011745972065901431e-04
3.010132300351634838e-04
3.008504163166185160e-04
3.006872941971028257e-04
3.005270690570854396e-04
3.003632362580412854e-04
3.002024197828262399e-04
3.000404015710522428e-04
2.998784813758987276e-04
2.997167192085800624e-04
2.995568945627342483e-04
2.993955999424932428e-04
2.992353918144362193e-04
2.990738875956733527e-04
2.989135772248975348e-04
2.987527594859559527e-04
2.985915888593966431e-04
2.984313607652783716e-04
2.982710374511995488e-04
2.981112030654810893e-04
2.979493552800073345e-04
2.977873550073365026e-04
2.976258981175657070e-04
2.974630303338695659e-04
2.972987056320691452e-04
2.971344881272713011e-04
2.969703650280482317e-04
2.968045535053970741e-04
2.966382066982014708e-04
2.964719424859506400e-04
2.963057692369938352e-04
2.961399665502379092e-04
2.959737054564794676e-04
2.958089324888116419e-04
2.956441445322852460e-04
2.954799071715093206e-04
2.953154453395247388e-04
2.951508190311279579e-04
2.949857874246439846e-04
2.948212662262474971e-04
2.946574129032815880e-04
2.944938350602171562e-04
2.943308470259875260e-04
2.941679521999190287e-04
2.940053126356824940e-04
2.938431837493896853e-04
2.936814573738539690e-04
2.935196794440764201e-04
2.933578178327716688e-04
2.931964984349806971e-04
2.930347315393464196e-04
2.928737473399097100e-04
2.927124065606663572e-04
2.925515225698538152e-04
2.923911076670175808e-04
2.922309324514499144e-04
2.920708859302386892e-04
2.919106711483427817e-04
2.917510907111822509e-04
2.915918299871766506e-04
2.914329658729383765e-04
2.912738563429875566e-04
2.911151686317548751e-04
2.909566113919796163e-04
2.907986020719722370e-04
2.906399420650213495e-04
2.904814308828428462e-04
2.903232277734740644e-04
2.901652403689477253e-04
2.900075604155609660e-04
2.898501676779175829e-04
2.896931522376433826e-04
2.895362841398769517e-04
2.893799243608408361e-04
2.892236696413434801e-04
2.890674670907629885e-04
2.889115282460488852e-04
2.887558940021879485e-04
2.886006251596646174e-04
2.884454297404498977e-04
2.882905737232449301e-04
2.881358877111521097e-04
2.879815800845171841e-04
2.878273767930671729e-04
2.876734310717038944e-04
2.875199380795629995e-04
2.873666251669578062e-04
2.872135292252961034e-04
2.870605894048418338e-04
2.869080765103274771e-04
2.867557603510408385e-04
2.866036202544744839e-04
2.864516686024313531e-04
2.862999980454646368e-04
2.861486479840932070e-04
2.859976167280922806e-04
2.858469735710491644e-04
2.856966405618853238e-04
2.855466216085515447e-04
2.853970837721851034e-04
2.852478124571534491e-04
2.850984501193736995e-04
2.849493044636839723e-04
2.848001488823543453e-04
2.846516387720603885e-04
2.845030649683894159e-04
2.843549182563870608e-04
2.842069665802871188e-04
2.840594473969894362e-04
2.839116997224532912e-04
2.837648458362929224e-04
2.836181463408282027e-04
2.834722361350273836e-04
2.833270609856624765e-04
2.831815824868231775e-04
2.830364311687357166e-04
2.828913012771309683e-04
2.827455281417172537e-04
2.826002144519831742e-04
2.824551594642985691e-04
2.823102320816689046e-04
2.821654270761360318e-04
2.820207692950717237e-04
2.818760378173426509e-04
2.817317410602751732e-04
2.815876329926598337e-04
2.814439232050140456e-04
2.813007024189677244e-04
2.811581122291150468e-04
2.810158783988380609e-04
2.808746039366064214e-04
2.807329611018080651e-04
2.805908775302068609e-04
2.804497141445824434e-04
2.803089671883277458e-04
2.801687321206881485e-04
2.800289950022440458e-04
2.798891013166962603e-04
2.797488226923611405e-04
2.796093894055387921e-04
2.794697318805462022e-04
2.793301716852862105e-04
2.791903516547569785e-04
2.790509210237208655e-04
2.789117162813048445e-04
2.787730409778494864e-04
2.786341297642677879e-04
2.784957166269740937e-04
2.783576488681113867e-04
2.782191117464802473e-04
