5.503276021169895103e+03
5.546468640786696596e+03
5.546468640786696596e+03
5.516365512759347439e+03
6.243427646661756626e+03
6.609405441927257016e+03
5.494661622119559070e+03
5.917141014928688492e+03
5.967308283386559197e+03
7.242069999015001486e+03
5.911517252386985092e+03
5.615700233539868350e+03
7.074817724348354204e+03
5.888392672410834166e+03
6.265981329543456923e+03
6.706774200449459386e+03
5.622345511946763509e+03
5.189631296175280113e+03
5.484132284913170224e+03
5.680148288802161915e+03
5.561270309983793595e+03
5.586768485317136765e+03
6.216096359649298392e+03
6.154076342742247107e+03
5.008738717742520748e+03
5.438000852110441883e+03
4.752650740734371539e+03
5.137739113309738968e+03
6.609055500735348687e+03
6.607789404687643582e+03
6.377645023761414450e+03
5.536282353383678128e+03
6.579215495105963782e+03
6.727512839216652537e+03
6.339694101783639780e+03
4.946271889995302445e+03
6.095289055997015566e+03
5.859026476116115191e+03
6.056026132429339668e+03
6.603597152237140108e+03
5.632244144344053893e+03
5.630198389302041505e+03
5.777720636738802568e+03
5.932797493656663391e+03
6.125638210385779530e+03
6.552727147106355005e+03
6.041138735826720222e+03
5.093198484757613187e+03
6.349279454294208335e+03
5.358037826159956239e+03
6.281997161755460183e+03
5.152068911860533262e+03
6.009419050341771253e+03
5.453828564986428319e+03
5.092102891622904281e+03
6.600005177013335015e+03
4.875998957409436116e+03
5.841804717806862755e+03
5.679733276652191307e+03
5.497217527631013581e+03
6.313235746340072183e+03
5.574990072960261386e+03
5.368610955839370035e+03
5.365226867765609313e+03
5.444345776283233135e+03
5.865957283787042797e+03
5.395261146237749017e+03
5.023011388496189284e+03
6.086355309522326024e+03
4.429664657796826759e+03
5.024529796780332617e+03
5.464323872740571460e+03
5.903027716138855794e+03
5.014342929850839937e+03
5.847876568003155626e+03
5.637545591368805617e+03
5.980283134400823656e+03
5.297936859411089245e+03
6.300986747875240326e+03
5.362272526672642016e+03
5.837875334309811478e+03
6.477330032606189889e+03
5.138529523546120799e+03
6.092863951211154017e+03
5.367052356984817379e+03
5.452184765269354102e+03
6.273320113289561050e+03
6.007828866327475225e+03
6.045787076499957948e+03
6.043742552074355444e+03
5.280372007592861337e+03
5.523475440098469335e+03
4.900239179833111848e+03
5.839390214808205201e+03
5.409573208104663536e+03
6.583096932404237123e+03
6.416905582632356527e+03
4.211977530930929788e+03
5.603500462307624730e+03
5.881416998414835689e+03
