1.868486077588273474e+03
1.722937927771568184e+03
1.722937927771568184e+03
1.735960245590392560e+03
1.654312568636463766e+03
1.513581150203079687e+03
1.613969584285067867e+03
1.343410024611190693e+03
1.722281632173435355e+03
1.530655803958490878e+03
1.130493217757395996e+03
1.161469786374485693e+03
1.628133937568628426e+03
1.219619607295284140e+03
1.374739173753985369e+03
1.127905750012970657e+03
1.525310367456344011e+03
1.146770278410410128e+03
1.542314667089434579e+03
1.791484014669917315e+03
1.642418858342216936e+03
1.863126735506122486e+03
1.517574019467967219e+03
1.393695606002764180e+03
1.741578872713067994e+03
1.511971193467565399e+03
1.337197283994581767e+03
1.642546947698476743e+03
1.793222098521355520e+03
1.321650415263325385e+03
1.172704405344183670e+03
1.492291460508181444e+03
1.530641590352628782e+03
1.409211780544736939e+03
1.795252276899073195e+03
1.612191705617560046e+03
1.237302031828874533e+03
1.531952740637226498e+03
1.355426001005144371e+03
1.540462934394580543e+03
1.568682188702041685e+03
1.557507044768890637e+03
1.710780537809063617e+03
1.413182060342464410e+03
1.280553799282105729e+03
1.323576536629094790e+03
1.951567734177191141e+03
1.700659367296947721e+03
1.305872548687993230e+03
1.583528447264969827e+03
1.803884317896645825e+03
1.654309663169393389e+03
1.791107740762358389e+03
1.090527621989048612e+03
1.475973924066601512e+03
1.408695178271026180e+03
1.227413954866294034e+03
1.491147070533245142e+03
1.217947277243250483e+03
1.779939480499628871e+03
1.898808783499316860e+03
1.411266171817559780e+03
1.497248905683728481e+03
1.427343456921922098e+03
1.563931914227952348e+03
1.998515928212944573e+03
2.043111082572361738e+03
1.217534676778183893e+03
1.641969329011287755e+03
1.533203014236534045e+03
1.334694020186039552e+03
1.718990452511795638e+03
1.603786761328031844e+03
1.400340145443582514e+03
1.609880199001566098e+03
1.364152437022210052e+03
1.487779053601172791e+03
1.393339217926000401e+03
1.151085600160308104e+03
1.439062104628553470e+03
1.576645570625300024e+03
1.667529224955299696e+03
1.649013802128338511e+03
1.571508862794207062e+03
2.947196568385832620e+02
1.457597369706484187e+03
9.957828680501538656e+02
1.271825088870802574e+03
1.349190178543763295e+03
1.803469724853726120e+03
1.209183742983112779e+03
1.599823035331814253e+03
1.504845463921335295e+03
1.465263221345200463e+03
1.238588349200978200e+03
1.230500121261073446e+03
1.383835879208184906e+03
1.698394000063049361e+03
1.353466598506784294e+03
4.383802549063264564e+02
