2.079672413880459317e+03
1.667746206067619823e+03
1.667746206067619823e+03
1.656146734412541264e+03
2.055211295828265065e+03
1.997958691391968841e+03
2.223243707554376215e+03
1.965752993235475287e+03
2.012567903507052279e+03
1.906660944920129623e+03
2.113922774546091659e+03
1.948025756545840068e+03
1.794348688734015468e+03
1.913546013335378802e+03
1.705697765722266695e+03
1.805692360836990019e+03
2.145353986063498269e+03
2.116638085506122025e+03
2.496091308082888645e+03
2.237263900956911129e+03
1.833541241582996463e+03
1.498776699994737555e+03
1.586345449935971146e+03
1.734766527430196220e+03
1.887443898761383934e+03
2.221598250881433614e+03
2.104537647722147540e+03
2.267602639341570466e+03
2.321149152358941137e+03
1.657876378163710797e+03
2.266221292834812630e+03
2.349685729688383617e+03
1.450872231520055948e+03
1.995241487579480236e+03
1.172854662745822452e+03
1.984572453701721088e+03
2.006742424118738882e+03
1.859863681193598723e+03
2.162882383449185909e+03
2.230576318863274992e+03
2.022925184744912485e+03
2.154881244084378523e+03
2.114260025863771716e+03
1.971527441397624898e+03
1.870849796843014019e+03
1.551191601153389229e+03
1.370046776933428646e+03
1.943244978489893811e+03
2.199736803051792776e+03
1.724062104485165491e+03
1.909352748516119618e+03
1.963005780691363043e+03
1.815091689897701144e+03
1.918125658384797589e+03
1.761710782742895844e+03
1.509494336010202915e+03
1.810643255771047279e+03
1.765224523325995506e+03
1.547245821551828385e+03
1.987634062620823897e+03
1.802899203098119870e+03
1.681053588164549637e+03
1.753444607168419452e+03
2.245462706038351826e+03
1.937704735527669754e+03
2.115252620744292926e+03
1.762133595948820812e+03
1.575145429836205494e+03
2.192493766566144132e+03
1.894261770067263797e+03
2.006195343610243526e+03
1.997115616321312700e+03
2.391209239699844602e+03
1.870094812513054421e+03
1.785283575821063323e+03
2.017918062844609267e+03
1.821571026037043339e+03
2.350216298267481761e+03
1.861790456736873239e+03
1.801537047971139145e+03
2.017677939819767971e+03
2.079957585215425297e+03
1.949374579088910878e+03
2.312311907262195291e+03
1.969155932206778516e+03
1.885517108432837404e+03
1.898191949541936083e+03
2.661658153712601234e+03
2.190452735995051171e+03
1.520194968155373090e+03
2.005253621523953598e+03
1.579841932679469664e+03
1.538046788706258667e+03
1.735085346647733559e+03
1.751921901334748782e+03
1.836122213067533721e+03
1.740830910804950463e+03
1.349872882920643860e+03
1.670236096352189179e+03
1.879865878463448553e+03
