5.730610525000040534e-04
7.519457207365164327e-04
9.148467847366330719e-04
1.027046297971315799e-03
9.918293458459378868e-04
9.357866937571013288e-04
8.799403544646087691e-04
9.090183453914685080e-04
9.210940536784432151e-04
9.601658399374856864e-04
1.031527954922790763e-03
1.032759639415014707e-03
9.972256166879114783e-04
9.757630754750663436e-04
9.472970546149176710e-04
9.255466663798434142e-04
9.089743670306338601e-04
8.914264629893572066e-04
8.806705574048517230e-04
8.698515695454430785e-04
8.635329407538196514e-04
8.560253970067967450e-04
8.491056917977896903e-04
8.403447753995561169e-04
8.316935990328966312e-04
8.340979063418071677e-04
8.335915391606906573e-04
8.392729885500295516e-04
8.442608443465266128e-04
8.586247830293290912e-04
8.653574691326167351e-04
8.754330696197618923e-04
8.813289735311894899e-04
8.933580159582769301e-04
8.982920715541539572e-04
9.092286280067457711e-04
9.108733245162649664e-04
9.098861135105308856e-04
9.102940787973255125e-04
9.143517978635571112e-04
9.211063307043782563e-04
9.251864207892847520e-04
9.325111391587098545e-04
9.407773000792678123e-04
9.487226157728466001e-04
9.536020751266192355e-04
9.594243965794654015e-04
9.690354060533551460e-04
9.719940207204064066e-04
9.778155930189364083e-04
9.796351153687191029e-04
9.823342992244974651e-04
9.828058685719064623e-04
9.828482601435223169e-04
9.816071639106205456e-04
9.822389888482507565e-04
9.821096652046570896e-04
9.830846768038342849e-04
9.827818805339036661e-04
9.815429055046120087e-04
9.815190303583609319e-04
9.813466950417022716e-04
9.802574060503339848e-04
9.785358495483496323e-04
9.766264298172728890e-04
9.757802270544858750e-04
9.752006795646605804e-04
9.746720206401062641e-04
9.749465706737093238e-04
9.750086811241794917e-04
9.747947416391242095e-04
9.755331779277166132e-04
9.745381294145788248e-04
9.743155606393006209e-04
9.736190935243194773e-04
9.741791897534940979e-04
9.745668769050764993e-04
9.732626969197201959e-04
9.723587023552186792e-04
9.703659942339160592e-04
9.684145456353183013e-04
9.663081329949363852e-04
9.645748631124386688e-04
9.631587969054171807e-04
9.609003360128724660e-04
9.594966809691506462e-04
9.571642314612384536e-04
9.552199778515219671e-04
9.533529011811314301e-04
9.516240814102711922e-04
9.502703410002692752e-04
9.491045774283991343e-04
9.484731859605444052e-04
9.478123677080716987e-04
9.470934009284769214e-04
9.467120672758559457e-04
9.461848799132493385e-04
9.457146402966983174e-04
9.444838952296937375e-04
9.436242724339378258e-04
9.422524866336424304e-04
9.407947431584885289e-04
9.389474534302923170e-04
9.370845418284944267e-04
9.351069687897615220e-04
9.332720708587713973e-04
9.310188572662772078e-04
9.289768264532990028e-04
9.273372258758405757e-04
9.256902258718541611e-04
9.240639918042479204e-04
9.223378523290442187e-04
9.212140619540715994e-04
9.197067517254338062e-04
9.188850069878779772e-04
9.177271729616016558e-04
9.164799731977398348e-04
9.152100326593827538e-04
9.143537040094944918e-04
9.130459984948316541e-04
9.117912961932141732e-04
9.104045574198815945e-04
9.091856639014735814e-04
9.080157349088800343e-04
9.068338304946535261e-04
9.062249078273085148e-04
9.054284050034812781e-04
9.048537124257470358e-04
9.043903553191619303e-04
9.038208826319657279e-04
9.034989565387261312e-04
9.035142569482544584e-04
9.039274306531386999e-04
9.043470169427284770e-04
9.049247912582898852e-04
9.060683354141044763e-04
9.064032045085340921e-04
9.070686014947239523e-04
9.075715093102796347e-04
9.080492331588029941e-04
9.084191227123466226e-04
9.088585512333490239e-04
9.090874025647930701e-04
9.092133471856487983e-04
9.094699576158398044e-04
9.095339554786973767e-04
9.098486973571223452e-04
9.102547787148198297e-04
9.108496061187430120e-04
9.112197094935734886e-04
9.117442319624983939e-04
9.117815764878317185e-04
9.120478768580885572e-04
9.122233912422109212e-04
9.120590092571390041e-04
9.121733162733053520e-04
9.122591349357484555e-04
9.123913035295197959e-04
9.122737265234049254e-04
9.121211062209733187e-04
9.119283233563544970e-04
9.116512538499615351e-04
9.112478186198739397e-04
9.105447399047416441e-04
9.100084906827850045e-04
9.094402737709269017e-04
9.091480207621234965e-04
9.087241990856707689e-04
9.085356183990387106e-04
9.081489907169713579e-04
9.077029241290119526e-04
9.073765451552450508e-04
9.072508613994169271e-04
9.072387596402609489e-04
9.071661574095908360e-04
9.071252465214492498e-04
9.072107601399536769e-04
9.071835169869161587e-04
9.072051209327807288e-04
9.072274395367963158e-04
9.072646417008268811e-04
9.073264327029004943e-04
9.075084955893308707e-04
9.077814287865379342e-04
9.079654648165353574e-04
9.082076098691687976e-04
9.085043241132738454e-04
9.085581889791633295e-04
9.085446305140434898e-04
9.084546245542033304e-04
9.085069490761508992e-04
9.086454179691294932e-04
9.086000085626122838e-04
9.087770328280985735e-04
9.087583796492383322e-04
9.087294439304652435e-04
9.086896527876636188e-04
9.084986227239433623e-04
9.083096592995003500e-04
9.081408235642467359e-04
9.079201644881943270e-04
9.076269882580431355e-04
9.073219032060879331e-04
9.069602777607110823e-04
9.066450186428972073e-04
9.063229127405346159e-04
9.060274168845767768e-04
9.056661407004508143e-04
9.052745190320198032e-04
9.047569517367174807e-04
9.042091349445443649e-04
9.035929043336772158e-04
9.028837472183692597e-04
9.019728334941977226e-04
9.011228988660878675e-04
9.001034346529105312e-04
8.991102357800558010e-04
8.981716079371600487e-04
8.972576086569395652e-04
8.963202259716367311e-04
8.954196929164949612e-04
8.946369422486125534e-04
8.938937131067893182e-04
8.932130047980924937e-04
8.925095597777576648e-04
8.918301799558102675e-04
8.910771932646602365e-04
8.903232002511822204e-04
8.895568159393659911e-04
8.887851793067814542e-04
8.879679005225300575e-04
8.871280117548535410e-04
8.864005109075823782e-04
8.856386407701582943e-04
8.848811231018816753e-04
8.840499760714555727e-04
8.832242010074842567e-04
8.824232014763354164e-04
8.816250576662321712e-04
8.808864954993081376e-04
8.801297874904640082e-04
8.794339758684515795e-04
8.787593949837100259e-04
8.779662930430540049e-04
8.773206865754870111e-04
8.765932624572013183e-04
8.759211246321541976e-04
8.752249740922884600e-04
8.745026376512244487e-04
8.737164610386411508e-04
8.729771387365120117e-04
8.722291215342851045e-04
8.714810785403877486e-04
8.707760364748130507e-04
8.700463187053640449e-04
8.692888224605756263e-04
8.684939193299324057e-04
8.677438348806171438e-04
8.669682477954991509e-04
8.661770499635921671e-04
8.654077821263894818e-04
8.647116437982854025e-04
8.639526829843200036e-04
8.631096494352547390e-04
8.622333148322752772e-04
8.613555405889266594e-04
8.605054401829778654e-04
8.596332092685939367e-04
8.587258066323783662e-04
8.578230247542003879e-04
8.568730560999258863e-04
8.559065302404319934e-04
8.549574042868654262e-04
8.539860897344466991e-04
8.529973432092579754e-04
8.519952580623823667e-04
8.509592403647403547e-04
8.499624775804868809e-04
8.489144984545031339e-04
8.478836221657994705e-04
8.468346587324865034e-04
8.457754275264877351e-04
8.447629936700053145e-04
8.437334561302728148e-04
8.426603660096873604e-04
8.415624358449010946e-04
8.404546096358521358e-04
8.393805122470069952e-04
8.383357389863156650e-04
8.372848387035133119e-04
8.362281202755143241e-04
8.351421560462911039e-04
8.340904390671504808e-04
8.330625420160933312e-04
8.320384913605949036e-04
8.309852308059162765e-04
8.299441527183792780e-04
8.289224245498368580e-04
8.279040885052486691e-04
8.268646605960003901e-04
8.258669764802816947e-04
8.248102318510347215e-04
8.237460563081399918e-04
8.227358088921030415e-04
8.217447253887100482e-04
8.207055779568103639e-04
8.196627167332272120e-04
8.186171013092723853e-04
8.176273289831112847e-04
8.166269840854902722e-04
8.156317855113143439e-04
8.146293091065299596e-04
8.136305907677628081e-04
8.125852605224584239e-04
8.115426039312418792e-04
8.105197045423487203e-04
8.094761295166866006e-04
8.084394735212117053e-04
8.074378921159764029e-04
8.064529628433549958e-04
8.054622647939486567e-04
8.045257753131186641e-04
8.035890659390928972e-04
8.026960551787727790e-04
8.018270327168703021e-04
8.009646779603790635e-04
8.001088506235222528e-04
7.992559965031645081e-04
7.984096272745080849e-04
7.975757363786580489e-04
7.967429646436472107e-04
7.959359419687459533e-04
7.951099128162066347e-04
7.942605412962936784e-04
7.934012151723086837e-04
7.925302916303998994e-04
7.916620559350170862e-04
7.907814593435316935e-04
7.898904482972283472e-04
7.889946654464467541e-04
7.880969708003059864e-04
7.872191108211103443e-04
7.863400427149467697e-04
7.854608332056451899e-04
7.846063842264603024e-04
7.837548428381630903e-04
7.829062514265514418e-04
7.820859808967229676e-04
7.812844072537834675e-04
7.804920515507310580e-04
7.797053638552081190e-04
7.789011743190063074e-04
7.781281541033803397e-04
7.773771953513696235e-04
7.766148718109746642e-04
7.758663962117877183e-04
7.751199023614605129e-04
7.743896465863316786e-04
7.736939172754044979e-04
7.729661885180641543e-04
7.722514875984480033e-04
7.715292625785201983e-04
7.708287753273908175e-04
7.701101466524926239e-04
7.694227366386881652e-04
7.687684740369926792e-04
7.681065116070336009e-04
7.674408874266988416e-04
7.667607793156815512e-04
7.660609014479436828e-04
7.653836119611583024e-04
7.647026238630990095e-04
7.640372322328601836e-04
7.633996645712795180e-04
7.627637658463606819e-04
7.621313308404006328e-04
7.614914950004507757e-04
7.608391067457509352e-04
7.601765955699616144e-04
7.595176936441166721e-04
7.588318397496911834e-04
7.581458777478585539e-04
7.574702293714929329e-04
7.567815861468927315e-04
7.560932244070173820e-04
7.554049873083815278e-04
7.547253882569851914e-04
7.540375437922674454e-04
7.533610998352508782e-04
7.526745058437230799e-04
7.519930256935917394e-04
7.513152625937640199e-04
7.506352148821278641e-04
7.499377021393324608e-04
7.492275504098715308e-04
7.485250913770577150e-04
7.478138464791645986e-04
7.471086126825636628e-04
7.464044754105277762e-04
7.457015963055464800e-04
7.450098731011928340e-04
7.443435958778294587e-04
7.436426032405032104e-04
7.429688616103043630e-04
7.422727003502274483e-04
7.415939144650369238e-04
7.409398732852065473e-04
7.402922343079840727e-04
7.396352936046694283e-04
7.389564709588643861e-04
7.383171807116511000e-04
7.376613220806989410e-04
7.370008800098197055e-04
7.363426112448150356e-04
7.356894137281005898e-04
7.350385391099023688e-04
7.343737554007367246e-04
7.336920064058704985e-04
7.330154881838944064e-04
7.323403125699170504e-04
7.316622369996739032e-04
7.309722490083225138e-04
7.302901382342700349e-04
7.296187590764389866e-04
7.289530730509529398e-04
7.282855731951767180e-04
7.276244594370772072e-04
7.269608500181988595e-04
7.262993792264528861e-04
7.256428353346376994e-04
7.249866898575883182e-04
7.243414532577183412e-04
7.236862060819092106e-04
7.230422525214276171e-04
7.223968945626891560e-04
7.217576671993636370e-04
7.211102607624640974e-04
7.204575987763717779e-04
7.198082154508786586e-04
7.191692029075515179e-04
7.185456976086178034e-04
7.179149398999051367e-04
7.172736647941141148e-04
7.166294913498877373e-04
7.159664837394331223e-04
7.153057308647057340e-04
7.146478103320020236e-04
7.139885851885799210e-04
7.133189897180287811e-04
7.126538450059114295e-04
7.119763214371545778e-04
7.112965843297278752e-04
7.106274994570922461e-04
7.099544553699506768e-04
7.092752090206052825e-04
7.085998392793871684e-04
7.079428589248043611e-04
7.072926888627078601e-04
7.066543501670220339e-04
7.060186097702843841e-04
7.053805289073309358e-04
7.047439756914625989e-04
7.041141564630644433e-04
7.034892022179613019e-04
7.028721963859623986e-04
7.022525250682025650e-04
7.016297208339350227e-04
7.010137082596854972e-04
7.004024310104530566e-04
6.997857066794710944e-04
6.991725665662182777e-04
6.985600462863399748e-04
6.979621452670825392e-04
6.973588264041385076e-04
6.967725406209910244e-04
6.961765095850717955e-04
6.955933550500078329e-04
6.950258056458859897e-04
6.944526431567660425e-04
6.938868024485939047e-04
6.933227861401736972e-04
6.927623070902324534e-04
6.922029062946007246e-04
6.916357651881954813e-04
6.910666145335968074e-04
6.904875271117697508e-04
6.899209099057313898e-04
6.893505152306707686e-04
6.887905369831393747e-04
6.882191133466082546e-04
6.876573419532399679e-04
6.870895826046401981e-04
6.865310099958681642e-04
6.859841852249878510e-04
6.854405474213791111e-04
6.849045252260749402e-04
6.843635408263956102e-04
6.838259179453069986e-04
6.832833399418136548e-04
6.827405826827567933e-04
6.821962576056436701e-04
6.816583237409470529e-04
6.811217077158160989e-04
6.805808521775731559e-04
6.800384211677473756e-04
6.794976940551970390e-04
6.789608243519695439e-04
6.784190256610959533e-04
6.778812519570763745e-04
6.773464796862699831e-04
6.768257550030583759e-04
6.763021074354083791e-04
6.757925276931174303e-04
6.752818061045567097e-04
6.747737674328739077e-04
6.742542149198749732e-04
6.737521225933941049e-04
6.732470882001641592e-04
6.727428958052169422e-04
6.722433064268516605e-04
6.717496756808975398e-04
6.712475979222935242e-04
6.707511530260654815e-04
6.702440471072515461e-04
6.697368419408384309e-04
6.692521702406801229e-04
6.687579846995224094e-04
6.682620117549715414e-04
6.677709602107587085e-04
6.672707462363332244e-04
6.667794419407868569e-04
6.662784338080728714e-04
6.657786109909670296e-04
6.652782303952526222e-04
6.647774388955274196e-04
6.642892459027496420e-04
6.638038683046628991e-04
6.633295515844932948e-04
6.628482687647262476e-04
6.623750240763785725e-04
6.619011302034926315e-04
6.614389090912058296e-04
6.609911244936103950e-04
6.605457071118425076e-04
6.601001310877862953e-04
6.596678124773444748e-04
6.592305590668220408e-04
6.587771709338522894e-04
6.583210212581541059e-04
6.578685541836378197e-04
6.574064956311117007e-04
6.569384712281610156e-04
6.564706625368915954e-04
6.559962409845454144e-04
6.555305641748509137e-04
6.550612127283565993e-04
6.546057036897897589e-04
6.541444084269061772e-04
6.537017516558981355e-04
6.532529706413791205e-04
6.528116623965112258e-04
6.523744589376851083e-04
6.519483104933766282e-04
6.515189223200432752e-04
6.510998658801810677e-04
6.506844137311594729e-04
6.502637693140018169e-04
6.498457490373347849e-04
6.494338772179848165e-04
6.490063528187990649e-04
6.485941257928402870e-04
6.481771455707507641e-04
6.477641077916282712e-04
6.473434010247404186e-04
6.469287134068648975e-04
6.465099463494744514e-04
6.460960899542716540e-04
6.456853239382584963e-04
6.452763651511107031e-04
6.448758949157466997e-04
6.444780188231608899e-04
6.440792080395568112e-04
6.436898320406951547e-04
6.433135980222871387e-04
6.429288848079532182e-04
6.425515527271055075e-04
6.421730849993534818e-04
6.418020390953982704e-04
6.414130917601365642e-04
6.410458916782605515e-04
6.406734659789455576e-04
6.403052128345877118e-04
6.399395415246694665e-04
6.395726731914990002e-04
6.392179619234034278e-04
6.388620207375124253e-04
6.385046963814904747e-04
6.381484136705187953e-04
6.377982551420756201e-04
6.374519305817277033e-04
6.371000960810615458e-04
6.367480358398252714e-04
6.363993087683825559e-04
6.360517287647041813e-04
6.357043873568721205e-04
6.353546730096709715e-04
6.350040284809711560e-04
6.346556443690220357e-04
6.343240342433292215e-04
6.339822079095633204e-04
6.336489962909494815e-04
6.333084628240879350e-04
6.329855751283720898e-04
6.326553594745236951e-04
6.323278067347382764e-04
6.319985143679990834e-04
6.316739453417103160e-04
6.313365405821574081e-04
6.310046957754078881e-04
6.306859626770816834e-04
6.303589723399007864e-04
6.300254824667433006e-04
6.296943099762824679e-04
6.293658914221771788e-04
6.290424138179320822e-04
6.287152826658895695e-04
6.283976311417234593e-04
6.280773203208693273e-04
6.277487151795397430e-04
6.274108474821866533e-04
6.270774503856822810e-04
6.267493230730537823e-04
6.264156181446771127e-04
6.260875221819135923e-04
6.257582055355214584e-04
6.254190142293883890e-04
6.250846234290379205e-04
6.247397470821926821e-04
6.243965068480939211e-04
6.240535746910492619e-04
6.237096247404581113e-04
6.233572699347857344e-04
6.230148872867251808e-04
6.226646741379522620e-04
6.223220245808044285e-04
6.219808604998732383e-04
6.216475303034014717e-04
6.213083359223346485e-04
6.209718098549688947e-04
6.206426893828564896e-04
6.203070134591206000e-04
6.199670939505473426e-04
6.196287553266157039e-04
6.192915919334866055e-04
6.189462555785728379e-04
6.186106389740457815e-04
6.182801082744955124e-04
6.179482372625679908e-04
6.176143964980965618e-04
6.172777582321879253e-04
6.169417384252025771e-04
6.166061975473952289e-04
6.162660657637278761e-04
6.159274791554024756e-04
6.155857049081659999e-04
6.152495564693042339e-04
6.149180559745599448e-04
6.145894481208674740e-04
6.142627021165521489e-04
6.139236585557009086e-04
6.135978916434717441e-04
6.132591425703682762e-04
6.129289378422470014e-04
6.125936504427663062e-04
6.122542398915298278e-04
6.119143213439322271e-04
6.115710969498105824e-04
6.112279622295083061e-04
6.108793669543792536e-04
6.105386284457242673e-04
6.101984436897857052e-04
6.098541050162846824e-04
6.095041145453135257e-04
6.091632088702060924e-04
6.088138678005542218e-04
6.084686820445780716e-04
6.081209095100600101e-04
6.077709972128787774e-04
6.074240154918903942e-04
6.070772421933450522e-04
6.067326833436295294e-04
6.063901712761146558e-04
6.060481021711611616e-04
6.057143899071206232e-04
6.053782357922236944e-04
6.050474532671081419e-04
6.047130244253018372e-04
6.043875765340440964e-04
6.040646560240303144e-04
6.037421559238841497e-04
6.034196696862449390e-04
6.030970104488388725e-04
6.027780079837677212e-04
6.024591431029180377e-04
6.021396725027158576e-04
6.018259366412752331e-04
6.015071961978789468e-04
6.011938202516692959e-04
6.008764766370043586e-04
6.005626358498002354e-04
6.002492394887035728e-04
5.999379925923968787e-04
5.996225185430144756e-04
5.993182076206850185e-04
5.990164478095273736e-04
5.987157113605469545e-04
5.984092078239521082e-04
5.981041696694633933e-04
5.978127553517354528e-04
5.975151053646314764e-04
5.972122794889160200e-04
5.969125776853928013e-04
5.966120968348887941e-04
5.963094610769368838e-04
5.960096520594914630e-04
5.957006960257098379e-04
5.953984132905974043e-04
5.950889627680120341e-04
5.947809018919921267e-04
5.944744414214451871e-04
5.941679339421437195e-04
5.938552143407763682e-04
5.935391324969101689e-04
5.932195699711629048e-04
5.928993889409439350e-04
5.925849597815202683e-04
5.922722643036845399e-04
5.919653133794214404e-04
5.916588305626625972e-04
5.913629546141870768e-04
5.910620577124909821e-04
5.907667722400462710e-04
5.904749317543429637e-04
5.901820983427576248e-04
5.898890903664551124e-04
5.896045195808185570e-04
5.893183926128501334e-04
5.890323449362739553e-04
5.887471699225147858e-04
5.884640600249075931e-04
5.881854319473937267e-04
5.879068148498506991e-04
5.876240470098852663e-04
5.873469566408416132e-04
5.870661919469112935e-04
5.867869209220441919e-04
5.865094608898950741e-04
5.862377299624546090e-04
5.859640966932633298e-04
5.856935542896707803e-04
5.854160857894349706e-04
5.851419635146777251e-04
5.848673322757849940e-04
5.845942679332166497e-04
5.843239009037944727e-04
5.840565912394597410e-04
5.837835706176901880e-04
5.835084032077040390e-04
5.832386241750607330e-04
5.829678004270889662e-04
5.826925303571324488e-04
5.824125830176916669e-04
5.821366095628632093e-04
5.818621239820004950e-04
5.815813918698288639e-04
5.813094595738378754e-04
5.810385173779811447e-04
5.807648641733006252e-04
5.804874855699620334e-04
5.802086768435130116e-04
5.799350951038362203e-04
5.796651426005600908e-04
5.794002227879134319e-04
5.791332224569894745e-04
5.788671838535236047e-04
5.786003650919240016e-04
5.783402506333200832e-04
5.780770473343736999e-04
5.778136026105827909e-04
5.775487749095376813e-04
5.772859776087314616e-04
5.770252758366070265e-04
5.767638432563217512e-04
5.765002222453236794e-04
5.762374533840735084e-04
5.759768325417018815e-04
5.757151247903481662e-04
5.754567710330711714e-04
5.751963380631646338e-04
5.749343360395709878e-04
5.746765083499911012e-04
5.744238955436554127e-04
5.741668746613387770e-04
5.739055758296012204e-04
5.736462658632514745e-04
5.733855022772935822e-04
5.731244236921288499e-04
5.728587701635211565e-04
5.725910824908217976e-04
5.723290627134715704e-04
5.720641569421731822e-04
5.718039258680807308e-04
5.715350777176914088e-04
5.712726981802343854e-04
5.710072372769466834e-04
5.707500741830380444e-04
5.704887178303219477e-04
5.702305438755158251e-04
5.699695251991405021e-04
5.697013729948544438e-04
5.694292664007717620e-04
5.691598625983800572e-04
5.688808004286698659e-04
5.686052525101646009e-04
5.683323272462431847e-04
5.680609463696095285e-04
5.677865816979385440e-04
5.675134540712641626e-04
5.672368330809855318e-04
5.669637708589852316e-04
5.666900518375890278e-04
5.664199435934262400e-04
5.661517123369535099e-04
5.658865564984768941e-04
5.656227809514112860e-04
5.653639031484992798e-04
5.651019075342241307e-04
5.648441804258280338e-04
5.645922732967610267e-04
5.643374414573812175e-04
5.640862616248383228e-04
5.638357682376004317e-04
5.635882612870900124e-04
5.633422983575531694e-04
5.631015170845717630e-04
5.628604268858353708e-04
5.626205565161698481e-04
5.623794458775922302e-04
5.621396013501143638e-04
5.618996835410897594e-04
5.616543226967233736e-04
5.614080876362426663e-04
5.611589586334768225e-04
5.609080522250983140e-04
5.606526876728650747e-04
5.603972951204904589e-04
5.601393791198782572e-04
5.598825828898839740e-04
5.596292075363117763e-04
5.593758344060338270e-04
5.591257767568633087e-04
5.588806828345858468e-04
5.586368040363583762e-04
5.583901542262252951e-04
5.581420753532661313e-04
5.578894198050238576e-04
5.576347270748358790e-04
5.573799461757656575e-04
5.571248011322944968e-04
5.568664100795813398e-04
5.566095298104933387e-04
5.563576696789836531e-04
5.561007850449489883e-04
5.558458083895697092e-04
5.555905104748992338e-04
5.553370181289309050e-04
5.550827164762347143e-04
5.548306288482873251e-04
5.545819989246269979e-04
5.543335189194211659e-04
5.540784869817856834e-04
5.538222080979149147e-04
5.535653162802900472e-04
5.533086645001125637e-04
5.530571342110867164e-04
5.528028752294260675e-04
5.525464584265429337e-04
5.522925006647033978e-04
5.520404978163767238e-04
5.517913052972034686e-04
5.515432696368970534e-04
5.512961492111841545e-04
5.510493072330344393e-04
5.507962314612249591e-04
5.505448533867417314e-04
5.502949614121738307e-04
5.500404557463979896e-04
5.497862156356966064e-04
5.495331387795375023e-04
5.492797244759888139e-04
5.490265889893417668e-04
5.487717967419461626e-04
5.485183045490651206e-04
5.482641246372231981e-04
5.480095937593750183e-04
5.477574867447378929e-04
5.475106433765314883e-04
5.472619976052620202e-04
5.470125136414430043e-04
5.467624571944094004e-04
5.465146237869496172e-04
5.462672009928274362e-04
5.460176808471049184e-04
5.457686093936090031e-04
5.455255697331216208e-04
5.452788671484520627e-04
5.450331995238263862e-04
5.447901694781306058e-04
5.445463766361480782e-04
5.443043914435043585e-04
5.440615366662671787e-04
5.438183619855548696e-04
5.435764793536470955e-04
5.433315130622723334e-04
5.430878267763492463e-04
5.428457393078743847e-04
5.426046618684593698e-04
5.423638850483113562e-04
5.421233620312614554e-04
5.418865133049352275e-04
5.416476437888977612e-04
5.414108406422198788e-04
5.411773039789018365e-04
5.409436091373486357e-04
5.407124614902599023e-04
5.404799392247564135e-04
5.402468382675582092e-04
5.400129590431643071e-04
5.397797776222628026e-04
5.395472386420515709e-04
5.393107743487293281e-04
5.390752924186652077e-04
5.388383491702000575e-04
5.386017238965709305e-04
5.383640144489673564e-04
5.381257872157349563e-04
5.378871430979516961e-04
5.376481139084273407e-04
5.374070278836337155e-04
5.371678364331107774e-04
5.369283115176143231e-04
5.366898022138373754e-04
5.364546037274833812e-04
5.362196154540299674e-04
5.359850664374627349e-04
5.357509988165600444e-04
5.355198669247484937e-04
5.352916195080823338e-04
5.350626054955143988e-04
5.348330443928505816e-04
5.346062704005490355e-04
5.343767573212954451e-04
5.341473611091865055e-04
5.339197372770813953e-04
5.336939531857950655e-04
5.334716076698517093e-04
5.332519296951858476e-04
5.330304955619733854e-04
5.328108217092424135e-04
5.325950562614369891e-04
5.323757655796832779e-04
5.321605365116183900e-04
5.319434584251067936e-04
5.317233556372829737e-04
5.315078727922978178e-04
5.312908064256361383e-04
5.310750130849349300e-04
5.308574530338772612e-04
5.306418923150400986e-04
5.304295051505016284e-04
5.302168629520500080e-04
5.300051969903485719e-04
5.297963935954590892e-04
5.295868462268435569e-04
5.293798926024088306e-04
5.291728608825275451e-04
5.289647894495043976e-04
5.287585025346359154e-04
5.285545444300149406e-04
5.283490258114871769e-04
5.281429595514339692e-04
5.279390901886710404e-04
5.277319868357582171e-04
5.275205899992632761e-04
5.273090718601868574e-04
5.270980574032366108e-04
5.268871308975279230e-04
5.266767912902604312e-04
5.264695755532170689e-04
5.262619333387896997e-04
