8.353401849354111230e-03
1.107627539861535428e-02
1.062593399191666572e-02
9.614566522628233830e-03
8.722644062079676353e-03
7.973438060320412954e-03
7.381989364281810705e-03
6.920864298354268036e-03
6.535672427930486368e-03
6.200658963656675675e-03
5.922358192127604587e-03
5.671090021400075447e-03
5.454213003648283355e-03
5.262466121435932856e-03
5.091045981327068856e-03
4.929406201398503669e-03
4.785704842911446370e-03
4.651675122981027352e-03
4.527685988775590094e-03
4.413353877718479562e-03
4.308139831232677200e-03
4.211574096207799586e-03
4.126454410396656648e-03
4.041244261166360499e-03
3.959827545351709069e-03
3.885144732613056689e-03
3.814262320009590996e-03
3.746846587623927673e-03
3.682730955452602397e-03
3.622115343975611419e-03
3.563782793964597340e-03
3.509899920204605575e-03
3.458593314528060104e-03
3.409345742230293110e-03
3.362257569910240534e-03
3.316188803936872230e-03
3.271507389152238099e-03
3.229923730697677707e-03
3.189075230476452576e-03
3.152720413598331713e-03
3.114164248279633826e-03
3.077378715318809365e-03
3.041526540279045152e-03
3.007328862348711187e-03
2.974136338490689958e-03
2.941796193516826689e-03
2.910439457520743421e-03
2.880678856196192301e-03
2.851823428890597808e-03
2.823574063537672655e-03
2.796370359749218108e-03
2.770632732616560602e-03
2.744411972997243959e-03
2.718979618914552695e-03
2.694223914426478912e-03
2.670283491748360639e-03
2.647235680757099082e-03
2.625056830525993208e-03
2.603565027669270046e-03
2.582211843028158187e-03
2.561404959342267283e-03
2.540859050844063247e-03
2.520761092343986459e-03
2.501371800410443283e-03
2.482376017893533557e-03
2.463504510520712117e-03
2.445051645944611336e-03
2.427089122163191351e-03
2.409451902750686225e-03
2.392346144157217469e-03
2.375493718426412333e-03
2.358942869707866211e-03
2.342733599005456403e-03
2.326851430240593158e-03
2.311397552395115951e-03
2.296146707793397888e-03
2.281263710192572673e-03
2.266593783041584605e-03
2.252251386692097433e-03
2.238230193497520431e-03
2.224695270367707447e-03
2.211239791927041565e-03
2.198307552859047210e-03
2.185883855621071833e-03
2.173686531805513883e-03
2.161437177153988955e-03
2.149787756668925659e-03
2.138434859413462959e-03
2.127644630225901130e-03
2.117020047036059349e-03
2.106365253195835625e-03
2.095108629658589197e-03
2.083972030615327022e-03
2.073151399855596190e-03
2.062425772395670535e-03
2.052053810926332024e-03
2.041657020240213258e-03
2.031464431383003290e-03
2.021271973766510400e-03
2.011302034584292429e-03
2.001862730863353864e-03
1.992128234265401043e-03
1.982539119401263792e-03
1.973271137570469305e-03
1.963995286870546045e-03
1.954722768233509676e-03
1.945639286059424504e-03
1.936698970726706201e-03
1.927827214828763298e-03
1.919059216911444187e-03
1.910412390426923651e-03
1.901887471350058702e-03
1.893463087503698475e-03
1.885147113783111833e-03
1.876972723099287017e-03
1.868899671810961500e-03
1.860895900306079034e-03
1.852995226913596929e-03
1.845194733873253053e-03
1.837490660815187943e-03
1.829885542372660734e-03
1.822370580285296183e-03
1.814948358194396275e-03
1.807659599517212438e-03
1.800446942555966254e-03
1.793302848778921587e-03
1.786233097103095881e-03
1.779287976304263184e-03
1.772404587147193922e-03
1.765669984877159086e-03
1.759102903352178235e-03
1.752553137519314956e-03
1.746172488312851354e-03
1.739913431634903867e-03
1.733825014035027950e-03
1.727826177099890757e-03
1.722059802782732177e-03
1.716203522816519157e-03
1.710669068945966289e-03
1.705324361964612829e-03
1.699892551810289676e-03
1.694276422488701561e-03
1.688530692406656035e-03
1.682815227598677367e-03
1.677206829215206361e-03
1.671834675847974887e-03
1.666461021046589976e-03
1.661087858021813432e-03
1.655727370303076680e-03
1.650509082988103893e-03
1.645402522157723112e-03
1.640302742472362187e-03
1.635145658929964586e-03
1.630127059266128341e-03
1.625144358572678735e-03
1.620277316963606449e-03
1.615580084380735179e-03
1.610917628299396139e-03
1.606152483422919981e-03
1.601366079916669970e-03
1.596575360513705945e-03
1.591744145689931878e-03
1.587073282613043037e-03
1.582501102282269723e-03
1.577929609382912454e-03
1.573343459730110801e-03
1.568899734785564109e-03
1.564456511656613655e-03
1.560200732888476771e-03
1.556048637698196962e-03
1.551668770940230679e-03
1.547283391418065703e-03
1.542957709165976776e-03
1.538639164773608452e-03
1.534421629418460933e-03
1.530299687124363423e-03
1.526294186116580135e-03
1.522215752114817197e-03
1.518157937059863311e-03
1.514158047774889554e-03
1.510311241541419753e-03
1.506501048479679840e-03
1.502800105568170841e-03
1.498956833052203031e-03
1.495189035943588233e-03
1.491393549373194001e-03
1.487550786991182752e-03
1.483653941872015202e-03
1.479811846196920624e-03
1.476004043574287786e-03
1.472372929148131702e-03
1.468938411995003796e-03
1.465453858120919399e-03
1.461891059041262866e-03
1.458259993076274370e-03
1.454619713808589154e-03
1.450999829796236840e-03
1.447374017309199833e-03
1.443740945387950430e-03
1.440146988650103412e-03
1.436619317886860588e-03
1.433108983187366585e-03
1.429621386818454281e-03
1.426142075765239820e-03
1.422668438777850404e-03
1.419224144904077849e-03
1.415795140959539905e-03
1.412388215005631886e-03
1.409005578922989691e-03
1.405647208622556833e-03
1.402315089111473958e-03
1.399021093538559352e-03
1.395737435855652761e-03
1.392475665545885553e-03
1.389239142619661319e-03
1.386021748883165200e-03
1.382833258629757346e-03
1.379680070122674476e-03
1.376579591769427685e-03
1.373460619732565138e-03
1.370352757160496439e-03
1.367263138267521636e-03
1.364196025817905568e-03
1.361148592776429246e-03
1.358122688777981067e-03
1.355115448692529798e-03
1.352134221638672321e-03
1.349183739391342316e-03
1.346259963511761302e-03
1.343360358965086862e-03
1.340465487430233214e-03
1.337582845007387550e-03
1.334709424563499704e-03
1.331858341983033038e-03
1.329026018545973863e-03
1.326214300824221258e-03
1.323442654055333309e-03
1.320682946572849722e-03
1.317970709778497384e-03
1.315251192514904546e-03
1.312551178667453137e-03
1.309872986388358916e-03
1.307206526678498550e-03
1.304580943936228506e-03
1.301949851960406248e-03
1.299357641726267294e-03
1.296781794676926149e-03
1.294230533629025463e-03
1.291666887746008990e-03
1.289122084159017179e-03
1.286625872935764697e-03
1.284137610316415977e-03
1.281685134111996754e-03
1.279236982154866118e-03
1.276790939633089305e-03
1.274345074252213831e-03
1.271938778707654800e-03
1.269558516611052389e-03
1.267213425688429708e-03
1.264887720951572226e-03
1.262640589434427035e-03
1.260426391273202678e-03
1.258239248077867248e-03
1.256079392038273596e-03
1.253947460954577941e-03
1.251792437855944263e-03
1.249666587827767336e-03
1.247582930136250040e-03
1.245477046976391569e-03
1.243405330122936961e-03
1.241266101564006321e-03
1.239167593677181420e-03
1.237057389971272245e-03
1.234932181718041222e-03
1.232839721868947760e-03
1.230789258563501918e-03
1.228724253399372714e-03
1.226726047557944160e-03
1.224736058561699033e-03
1.222706318225508931e-03
1.220708074418405502e-03
1.218712180947887800e-03
1.216732981973870373e-03
1.214784694487147047e-03
1.212820303421674592e-03
1.210913895585467859e-03
1.209025096931731161e-03
1.207145193093164034e-03
1.205212477418220185e-03
1.203270315744620110e-03
1.201340486966924427e-03
1.199412569284943582e-03
1.197453170416334055e-03
1.195487826083458001e-03
1.193517240973404484e-03
1.191546395581408700e-03
1.189634350199651790e-03
1.187714190160997930e-03
1.185792274107959387e-03
1.183907604013964597e-03
1.182119605652427654e-03
1.180310057732047828e-03
1.178533655913315036e-03
1.176793438142426399e-03
1.175050713293982222e-03
1.173316148882110402e-03
1.171595175472170966e-03
1.169864100095626292e-03
1.168091735120014999e-03
1.166305508831111219e-03
1.164567634888663810e-03
1.162844273773873697e-03
1.161144726241621116e-03
1.159515689720642864e-03
1.157880549094258364e-03
1.156195295384722594e-03
1.154543451181823952e-03
1.152895748673451060e-03
1.151288555079879941e-03
1.149689467414925954e-03
1.148045321495964281e-03
1.146427700402325106e-03
1.144766994363354213e-03
1.143132584084293997e-03
1.141494311296661034e-03
1.139842977863604178e-03
1.138194929285897723e-03
1.136547779730850971e-03
1.134905560963668817e-03
1.133260639631382665e-03
1.131649781966575672e-03
1.130030950745557119e-03
1.128403412394986911e-03
1.126834496601207807e-03
1.125311098911180394e-03
1.123824759355961621e-03
1.122307997224766211e-03
1.120796756809875911e-03
1.119276274852007468e-03
1.117783727798565135e-03
1.116297580588698031e-03
1.114784970954535263e-03
1.113289980575456715e-03
1.111820715438740928e-03
1.110298841980065111e-03
1.108763286323726036e-03
1.107250143207364531e-03
1.105716712386434642e-03
1.104215161024174000e-03
1.102709819260286892e-03
1.101219146459961416e-03
1.099713159005633089e-03
1.098209356713991842e-03
1.096728243578501925e-03
1.095231602658342180e-03
1.093737805678718410e-03
1.092246659549212613e-03
1.090762539387855889e-03
1.089285721286012637e-03
1.087838825081997775e-03
1.086387958800999606e-03
1.084911877048831816e-03
1.083461822098854459e-03
1.082018243909970475e-03
1.080573692921114838e-03
1.079128504529624621e-03
1.077709214395119542e-03
1.076306570231702966e-03
1.074897099737258388e-03
1.073525566672528650e-03
1.072153239536554822e-03
1.070793576766620146e-03
1.069464864658063903e-03
1.068129656285928290e-03
1.066819910478548775e-03
1.065522131522194131e-03
1.064259024473252109e-03
1.062990819578430498e-03
1.061733406302488433e-03
1.060489531798544400e-03
1.059226162355702367e-03
1.057969091791088586e-03
1.056746593319656761e-03
1.055523275276383120e-03
1.054303423738793977e-03
1.053112994574182055e-03
1.051927120886503308e-03
1.050785019947948285e-03
1.049661805213189438e-03
1.048535328155241657e-03
1.047407717186201468e-03
1.046268775048088580e-03
1.045095718480752332e-03
1.043894581998019077e-03
1.042727345612925452e-03
1.041561256275527151e-03
1.040411051936272107e-03
1.039243767438163607e-03
1.038063057223765099e-03
1.036862602361257385e-03
1.035673250146160055e-03
1.034471456624999012e-03
1.033297160928392435e-03
1.032142138273689806e-03
1.031007232196868087e-03
1.029914537928008607e-03
1.028814582753125343e-03
1.027673070714655267e-03
1.026556039326316158e-03
1.025432995590344057e-03
1.024305943401171730e-03
1.023191209211662652e-03
1.022054078806627561e-03
1.020933250002387842e-03
1.019800279558308103e-03
1.018663015680730099e-03
1.017516505960109523e-03
1.016368036880246819e-03
1.015198056916650137e-03
1.014039987451216280e-03
1.012876193860467186e-03
1.011721771365207533e-03
1.010576326750492341e-03
1.009418579515051605e-03
1.008275450340870381e-03
1.007126985515951296e-03
1.005982043695862783e-03
1.004845191364701950e-03
1.003712112163453792e-03
1.002579894557271327e-03
1.001468230382354403e-03
1.000352751704642901e-03
9.992384718241673590e-04
9.981216083037095215e-04
9.970173861735751042e-04
9.959152004643636365e-04
9.948276466928691712e-04
9.937636921106204890e-04
9.926999734117742443e-04
9.916546954026553978e-04
9.906215181635380247e-04
9.895929182277712378e-04
9.885601504590183809e-04
9.875205004931531926e-04
9.864727755332660351e-04
9.854334482033582938e-04
9.844065062290438799e-04
9.833735193201461906e-04
9.823431913124913446e-04
9.813162358309416699e-04
9.802971008299611166e-04
9.792922586827593374e-04
9.782954516771868742e-04
9.772699255950680498e-04
9.762666817117934001e-04
9.752810921035707983e-04
9.742988449080050659e-04
9.733253095547330118e-04
9.723701898916514100e-04
9.714396855861196075e-04
9.705130863744041532e-04
9.695526393208605100e-04
9.685855395043863666e-04
9.676295694853201358e-04
9.666846521416987050e-04
9.657432193621503244e-04
9.648052796182073889e-04
9.638664773067047572e-04
9.629331408317353975e-04
9.620446124902965520e-04
9.611442754071252044e-04
9.602354387575770750e-04
9.593285670992208417e-04
9.584596678064548217e-04
9.576148549800392101e-04
9.567687143341647212e-04
9.559143208262292808e-04
9.550773210521967945e-04
9.542655970677167048e-04
9.534380200829224413e-04
9.526558149680571831e-04
9.518629881023447795e-04
9.510795718973640662e-04
9.502740906403012297e-04
9.494836301133992729e-04
9.486688078183910149e-04
9.478646636148400310e-04
9.470752564418491145e-04
9.462873517817616811e-04
9.454911564115946318e-04
9.446469930091018615e-04
9.438085451184532798e-04
9.429611566714946524e-04
9.421181602297866138e-04
9.412942785615056396e-04
9.404491749022686605e-04
9.395971203332727749e-04
9.387471413729074968e-04
9.378832034000217930e-04
9.370456053506621323e-04
9.362329888939219941e-04
9.354370983112040216e-04
9.346275638260970794e-04
9.338134048419777841e-04
9.330303605393268579e-04
9.322512486907311375e-04
9.314845583493795364e-04
9.307096191643220769e-04
9.299325248627978227e-04
9.291791468559890957e-04
9.284041384534969009e-04
9.276353779621919309e-04
9.268584770086484232e-04
9.260808112197651057e-04
9.253315792585690026e-04
9.245750544088753714e-04
9.238206861323377964e-04
9.230938066745045852e-04
9.223789299120070543e-04
9.216564224771980549e-04
9.209253923760864387e-04
9.202125420360044101e-04
9.194941512566704670e-04
9.187637179239939748e-04
9.180331143283781015e-04
9.173052637701627080e-04
9.165950103643861905e-04
9.159219591394196763e-04
9.152439499310400161e-04
9.145581720149867757e-04
9.138825069946763602e-04
9.132032661844949285e-04
9.125453689724830585e-04
9.118998071786455157e-04
9.112401729841112033e-04
9.105660777651909026e-04
9.099226798173961359e-04
9.092651816782976529e-04
9.085942833535636844e-04
9.079173135633942723e-04
9.072312628444823869e-04
9.065330517507839449e-04
9.058427718239815902e-04
9.051852153587026332e-04
9.045148797397580724e-04
9.038425015839068660e-04
9.031916023454308233e-04
9.025367203568661779e-04
9.019023351778343795e-04
9.012693534299695422e-04
9.006394807318787374e-04
9.000062876951348207e-04
8.993667199335878644e-04
8.987283796111991425e-04
8.981081045836596588e-04
8.974971628776067228e-04
8.968982877502495489e-04
8.962436847168552814e-04
8.955909185281367250e-04
8.949294718430685601e-04
8.942611410407657994e-04
8.935718774795924730e-04
8.928923842018977831e-04
8.922248350397665555e-04
8.915548111823964504e-04
8.908874228072388018e-04
8.902055913942424209e-04
8.895058419263746075e-04
8.888029482703187732e-04
8.881020500877516433e-04
8.873951655986639288e-04
8.866886348052161566e-04
8.859924411700474851e-04
8.853161977997256330e-04
8.846430448441531917e-04
8.839878895098776798e-04
8.833449008506793088e-04
8.826942768236443592e-04
8.820392994147542099e-04
8.813830363503607785e-04
8.807325444333799535e-04
8.800683553831385167e-04
8.793839829927531338e-04
8.787072947107155228e-04
8.780325156063692850e-04
8.773510440257195489e-04
8.766704266041597336e-04
8.759915258111080965e-04
8.753095663483801987e-04
8.746181653929233904e-04
8.739261279151040946e-04
8.732358625830870811e-04
8.725525598690159115e-04
8.718705031097714669e-04
8.711869925020080188e-04
8.705153023646801510e-04
8.698446448069309823e-04
8.691858804993074375e-04
8.685219695923510974e-04
8.678559196881262781e-04
8.671912577125486877e-04
8.665148897357906636e-04
8.658391954619028231e-04
8.651661423536498134e-04
8.644926453824062790e-04
8.638286742507673846e-04
8.631515774065848289e-04
8.624793177905510158e-04
8.618189841175456821e-04
8.611537872159870854e-04
8.604920672729294423e-04
8.598308996990832592e-04
8.591758416455040495e-04
8.585267979640984161e-04
8.578689689302853097e-04
8.572133439858090282e-04
8.565487767297745190e-04
8.558799234547124742e-04
8.552106796679408715e-04
8.545461234818484174e-04
8.538828420473759803e-04
8.532316780605938688e-04
8.525781795066974785e-04
8.519294860661246003e-04
8.512746906421238486e-04
8.506130553452843001e-04
8.499497795226102154e-04
8.492888324485598633e-04
8.486308106297404822e-04
8.479758445942836695e-04
8.473187552473978321e-04
8.466596963657385504e-04
8.459992442640567375e-04
8.453419192936363277e-04
8.446874329513218193e-04
8.440306545243710708e-04
8.433761628645204374e-04
8.427190883338453583e-04
8.420609207944673106e-04
8.414044987990666356e-04
8.407528732492641895e-04
8.401056725389401819e-04
8.394567754217848680e-04
8.388088523188698018e-04
8.381647327731673062e-04
8.375195100271154870e-04
8.368731983384501780e-04
8.362272780240707134e-04
8.355828329336388062e-04
8.349398763575699911e-04
8.342983968894319372e-04
8.336583895334254059e-04
8.330212606075938601e-04
8.323848109426729624e-04
8.317492990632658050e-04
8.311153184962165969e-04
8.304833438028703116e-04
8.298539815950439335e-04
8.292247375234444847e-04
8.285963479818632882e-04
8.279702271031767888e-04
8.273449319315028189e-04
8.267209921073140257e-04
8.260982399532267127e-04
8.254772269754078948e-04
8.248578393835260310e-04
8.242402712576506283e-04
8.236244480307902162e-04
8.230099452009311759e-04
8.223973005723281965e-04
8.217866128141197843e-04
8.211770887032155374e-04
8.205685578230514574e-04
8.199613774995922599e-04
8.193547002432142188e-04
8.187502823865456039e-04
8.181472152717334618e-04
8.175451124253834898e-04
8.169436878002921858e-04
8.163429609823745796e-04
8.157441439032797831e-04
8.151464306303343342e-04
8.145509200273221614e-04
8.139578632020128251e-04
8.133655029667239637e-04
8.127738602144994910e-04
8.121840627983423471e-04
8.115975947756416632e-04
8.110105731719790927e-04
8.104249818987169750e-04
8.098404787992411792e-04
8.092573182642339444e-04
8.086751269811069632e-04
8.080932322928241528e-04
8.075120055172854434e-04
8.069316889756025790e-04
8.063529740145178922e-04
8.057755860273107737e-04
8.051991251230110596e-04
8.046238095346027342e-04
8.040499126682181669e-04
8.034776803814832821e-04
8.029064329000813825e-04
8.023360245067042394e-04
8.017667968991558022e-04
8.011987723546013180e-04
8.006320953634323348e-04
8.000665381532628311e-04
7.995022037464571008e-04
7.989392207088653842e-04
7.983772585000508629e-04
7.978164319947570436e-04
7.972584996807134889e-04
7.967006387807472768e-04
7.961437073023531043e-04
7.955882036158886490e-04
7.950344807589880851e-04
7.944808908353672480e-04
7.939287174515381263e-04
7.933772614458826878e-04
7.928271904346526023e-04
7.922780050074951707e-04
7.917304316852028130e-04
7.911834841204255959e-04
7.906378168280131730e-04
7.900931592122240922e-04
7.895496062525231848e-04
7.890071728316002580e-04
7.884660442540896872e-04
7.879259352441655073e-04
7.873873454924831079e-04
7.868493981987688271e-04
7.863126891655231000e-04
7.857769430307756132e-04
7.852422197655483304e-04
7.847093572336557134e-04
7.841781389877306796e-04
7.836472749551264298e-04
7.831177765581684132e-04
7.825895758944646959e-04
7.820620080298976368e-04
7.815351830725863645e-04
7.810091354784819920e-04
7.804841200427223074e-04
7.799603108626015089e-04
7.794383189572833557e-04
7.789167266517362269e-04
7.783967281144605352e-04
7.778775417533592479e-04
7.773599572430415963e-04
7.768431956704347592e-04
7.763275910744552727e-04
7.758126398352177587e-04
7.752983670845113367e-04
7.747853234986584736e-04
7.742731236269221945e-04
7.737620798697464461e-04
7.732515844801452452e-04
7.727421517995245381e-04
7.722336971656320725e-04
7.717269061260740529e-04
7.712214270295593855e-04
7.707169986559666902e-04
7.702133496324000241e-04
7.697106145583347244e-04
7.692083795716554229e-04
7.687071328712803686e-04
7.682065378544069645e-04
7.677069638668332970e-04
7.672088977865273215e-04
7.667118852594273937e-04
7.662155739750444632e-04
7.657203255532793289e-04
7.652258529109750478e-04
7.647328666541193011e-04
7.642404409718854324e-04
7.637486292401813020e-04
7.632577721830818406e-04
7.627682550028575198e-04
7.622792314677200292e-04
7.617910603691174180e-04
7.613040048309782561e-04
7.608178153106277168e-04
7.603324544368519292e-04
7.598481952556934834e-04
7.593649485683092977e-04
7.588829675324956390e-04
7.584013495638303745e-04
7.579206338672191644e-04
7.574410987355854365e-04
7.569622955891461714e-04
7.564850317108600579e-04
7.560088829183650092e-04
7.555339082631900996e-04
7.550596115370145859e-04
7.545867613593918886e-04
7.541147720360912628e-04
7.536443650054393218e-04
7.531750368546888137e-04
7.527049539022191314e-04
7.522354981731960242e-04
7.517676049849682371e-04
7.513015300756370387e-04
7.508371308138973334e-04
7.503742167573291492e-04
7.499110844394671609e-04
7.494472260226471951e-04
7.489850697850620326e-04
7.485243385381461700e-04
7.480631786872086759e-04
7.476032893026573556e-04
7.471440201057095651e-04
7.466870669215208440e-04
7.462308619013504913e-04
7.457759428378344518e-04
7.453217160133027543e-04
7.448705127217045184e-04
7.444231618162589848e-04
7.439745207970983746e-04
7.435271896852254378e-04
7.430820042052918746e-04
7.426378739498328430e-04
7.421983797657775387e-04
7.417606060536038404e-04
7.413226851117973599e-04
7.408826815622521645e-04
7.404487893605587925e-04
7.400130157567534096e-04
7.395811940783845540e-04
7.391525884805515883e-04
7.387236501060542165e-04
7.383018268239674919e-04
7.378838202888523016e-04
7.374741161269592928e-04
7.370731281169772952e-04
7.366633480038368249e-04
7.362587262524023434e-04
7.358504407534055851e-04
7.354395020844031912e-04
7.350258131579365381e-04
7.346156222633368725e-04
7.342027355665591481e-04
7.337906151054764342e-04
7.333828773554559519e-04
7.329817902400019699e-04
7.325853239052737033e-04
7.321839305867745970e-04
7.317804506343502735e-04
7.313810485424578371e-04
7.309766091927020776e-04
7.305766394257705038e-04
7.301740645823898840e-04
7.297768593277675951e-04
7.293796566225501125e-04
7.289853468206792999e-04
7.285894821325178015e-04
7.281922441091155272e-04
7.277906488266545904e-04
7.273909072179135992e-04
7.269960198463561564e-04
7.265966406933111561e-04
7.261992672802990937e-04
7.258018309606915170e-04
7.254037974294494113e-04
7.250074410290045009e-04
7.246089273925450944e-04
7.242131256834491351e-04
7.238166536474155551e-04
7.234214979293021987e-04
7.230296229434861072e-04
7.226417924214529947e-04
7.222513473698087333e-04
7.218621374613281086e-04
7.214779642706208073e-04
7.210943137222123028e-04
7.207106948687842058e-04
7.203306551137447561e-04
7.199526906128347632e-04
7.195732386616582972e-04
7.192021483686156279e-04
7.188373540982354905e-04
7.184733048934009627e-04
7.181151791384090405e-04
7.177568489030834113e-04
7.174002934629263592e-04
7.170485272878982094e-04
7.166953774523773454e-04
7.163388246022396382e-04
7.159851693746907423e-04
7.156304457365202619e-04
7.152763339633340248e-04
7.149183190697774772e-04
7.145649993264501475e-04
7.142153424952627601e-04
7.138593594545243701e-04
7.134983506979391318e-04
7.131425560018886780e-04
7.127862624760861968e-04
7.124366653285259905e-04
7.120863821671499349e-04
7.117329819421476782e-04
7.113786662759503509e-04
7.110192836074905910e-04
7.106633620169676684e-04
7.103031765339284454e-04
7.099428897300609758e-04
7.095843083733227282e-04
7.092184306361949556e-04
7.088562560472748582e-04
7.084996615679181988e-04
7.081397281306442025e-04
7.077791654850862065e-04
7.074203424705314798e-04
7.070604116405697446e-04
7.066999469004335826e-04
7.063480478434880491e-04
7.059971967597458492e-04
7.056411951601422941e-04
7.052848060482987775e-04
7.049256161007473685e-04
7.045653180042419587e-04
7.042037842623036789e-04
7.038437739838688612e-04
7.034844756213640051e-04
7.031315035394346095e-04
7.027760062161087992e-04
7.024197186449750423e-04
7.020663067677933473e-04
7.017132267229289188e-04
7.013532890175586294e-04
7.009974262628430267e-04
7.006435656365217046e-04
7.002939354347952148e-04
6.999430706327416972e-04
6.995898350199056780e-04
6.992338070958702308e-04
6.988784411179085844e-04
6.985269322578569438e-04
6.981746734695126614e-04
6.978240512200571590e-04
6.974710195913254871e-04
6.971187693872280162e-04
6.967685327088217776e-04
6.964158664875368110e-04
6.960651390206828212e-04
6.957173822583582069e-04
6.953705702286612240e-04
6.950207551368655506e-04
6.946702762067914760e-04
6.943244270361445796e-04
6.939792037390573676e-04
6.936341318486974805e-04
6.932845793857840989e-04
6.929341876210882382e-04
6.925871757442413588e-04
6.922420588237210987e-04
6.918948542123902479e-04
6.915501020037753037e-04
6.912069882515889429e-04
6.908627611565203944e-04
6.905189820475706418e-04
6.901774911870540725e-04
6.898353702566025836e-04
6.894974078613960939e-04
6.891593454647359802e-04
6.888260907216437606e-04
6.884901768430693120e-04
6.881521499702116310e-04
6.878166245649056012e-04
6.874824021468315706e-04
6.871494461897197916e-04
6.868123181604489109e-04
6.864732583194492173e-04
6.861358171951096934e-04
6.857971597093224072e-04
6.854584334986099561e-04
6.851186067643412134e-04
6.847796513118821916e-04
6.844409120325245077e-04
6.841030035249330912e-04
6.837676640270903133e-04
6.834324528692552105e-04
6.830996354540715782e-04
6.827680543083329426e-04
6.824386135203136007e-04
6.821108487166287551e-04
6.817879200698400820e-04
6.814640788494677600e-04
6.811414877107244701e-04
6.808213492637910308e-04
6.805036797647913849e-04
6.801878214645831625e-04
6.798703880713660112e-04
6.795541042799751368e-04
6.792320251444143196e-04
6.789120608828616262e-04
6.785942383812699390e-04
6.782743270370398961e-04
6.779561780312778289e-04
6.776385169995838157e-04
