3.942351166733529949e-04
4.358436690645331544e-04
4.755906066261749300e-04
4.873117608786202383e-04
4.946877304959540391e-04
4.645083353000479588e-04
4.653339255420063832e-04
4.419684062465953312e-04
4.311680987346978833e-04
4.123763537786403859e-04
4.007320245570073045e-04
3.838314115891432524e-04
3.709854506798135093e-04
3.628645830081310983e-04
3.506877952591896355e-04
3.413895765286546714e-04
3.335999011485849680e-04
3.253822052756591920e-04
3.188562383858892734e-04
3.124079168193587188e-04
3.054734192355630477e-04
2.991644728461196104e-04
2.925909828086615638e-04
2.865216067456026841e-04
2.810867366011717125e-04
2.758864992063592820e-04
2.707331137534843861e-04
2.659374304504083346e-04
2.613214064885391861e-04
2.574108320991556551e-04
2.534235081285527054e-04
2.497385877756106809e-04
2.464043756440889490e-04
2.430606796597438977e-04
2.401153455706842108e-04
2.376558218459442183e-04
2.345461923719553341e-04
2.315565533272067569e-04
2.295411693527441390e-04
2.275065893921765980e-04
2.254416684098307650e-04
2.235191670155358269e-04
2.221755588722523701e-04
2.209035480670886429e-04
2.189704966942562531e-04
2.170754246178090987e-04
2.151920724071833128e-04
2.131514618227541035e-04
2.110813895739658132e-04
2.089993686351559522e-04
2.069942072819276559e-04
2.052182559328339121e-04
2.036761848199159831e-04
2.022751343757439276e-04
2.010704275075603556e-04
2.003054887382961860e-04
1.995338184287787434e-04
1.988061159914909825e-04
1.978211709457787070e-04
1.970096592947849685e-04
1.964683418744133444e-04
1.959975965752354474e-04
1.954614009658719597e-04
1.945749367307149521e-04
1.936081514882548901e-04
1.923811772225389038e-04
1.912227796275449562e-04
1.902703552301845751e-04
1.891421559179758767e-04
1.879809065500114094e-04
1.868107266278360616e-04
1.856732654993329366e-04
1.845209411820508357e-04
1.834173762789715863e-04
1.822830798752232326e-04
1.813147875914411403e-04
1.802349132872511732e-04
1.791356942784510262e-04
1.780331243734138789e-04
1.769318521610472293e-04
1.758365055797374060e-04
1.747799287819697242e-04
1.737316079166723991e-04
1.726951034485712144e-04
1.716797230416874974e-04
1.707253421152863391e-04
1.697576510639641422e-04
1.687904410885941319e-04
1.678594906705621712e-04
1.669463390352661535e-04
1.661493301459955141e-04
1.653068327202747261e-04
1.644413948873293854e-04
1.635878719834519743e-04
1.627935923282336061e-04
1.619885904648503351e-04
1.612434862514199757e-04
1.604868044124567515e-04
1.598398119572300201e-04
1.592084817318075590e-04
1.585705900810110936e-04
1.580405698114064716e-04
1.574280709359287189e-04
1.568341038497503693e-04
1.562347660393774613e-04
1.557242216159504327e-04
1.551893449384735577e-04
1.546898357233672549e-04
1.542094865119204177e-04
1.537110790402192271e-04
1.532019318985108859e-04
1.527061895637495288e-04
1.521728449832785302e-04
1.516638856645702348e-04
1.511463067826988600e-04
1.506242728381908963e-04
1.500214571923492383e-04
1.494725385319765215e-04
1.488974578389236684e-04
1.483681252277974105e-04
1.478204181560758234e-04
1.472811449039836704e-04
1.467297782523571280e-04
1.462026170640086484e-04
1.456663039966693877e-04
1.451437916576140590e-04
1.446054721068134566e-04
1.441017391526826046e-04
1.435935085762116267e-04
1.430849040994190561e-04
1.426107611171039855e-04
1.421323664026900358e-04
1.416694648019380153e-04
1.411930415606434239e-04
1.407117509465402637e-04
1.402528960000446107e-04
1.397842327948789162e-04
1.393015361260426356e-04
1.388390129039671506e-04
1.383746662852454012e-04
1.379331874219623855e-04
1.375378824339677428e-04
1.371517097536081690e-04
1.367285976143514203e-04
1.362876302396784703e-04
1.358701810427029224e-04
1.354166077374770074e-04
1.349688425518932302e-04
1.345556514826105226e-04
1.341128193922378235e-04
1.336680803324748115e-04
1.332279648428337244e-04
1.327958708327255425e-04
1.323674441364195245e-04
1.319405029023059132e-04
1.315189340932419748e-04
1.311006143622002072e-04
1.306854450150008015e-04
1.302764759818846279e-04
1.298773434768051612e-04
1.294753957500730283e-04
1.290836326954043929e-04
1.287088736885539601e-04
1.283260140551243647e-04
1.279495807062680426e-04
1.275742967201442591e-04
1.272010012007652807e-04
1.268288825233147886e-04
1.264539661129465101e-04
1.260818966263309087e-04
1.257127913221466628e-04
1.253474763512252201e-04
1.249846903265473038e-04
1.246250347999561096e-04
1.242690037110273204e-04
1.239156157665553891e-04
1.235667251045461789e-04
1.232212467251871200e-04
1.228809050956692728e-04
1.225417161442712898e-04
1.222029186397529917e-04
1.218704721673518585e-04
1.215373379386223832e-04
1.212139780674979973e-04
1.208992661388560931e-04
1.205780710923127651e-04
1.202580784646702669e-04
1.199416857359201236e-04
1.196314736497264080e-04
1.193181325391892982e-04
1.190142345314514657e-04
1.187100839001279816e-04
1.184049582782329562e-04
1.181097674487612827e-04
1.178200554696857229e-04
1.175321447265780515e-04
1.172417110101543828e-04
1.169747383873464733e-04
1.167168281611561466e-04
1.164713502621703183e-04
1.162107865760866269e-04
1.159711038580599879e-04
1.157136879743656628e-04
1.154734222037584831e-04
1.152222895061897891e-04
1.149623885795427440e-04
1.146924897467156809e-04
1.144236218554550271e-04
1.141652101720220543e-04
1.139091769816397078e-04
1.136737127615459998e-04
1.134362533164894374e-04
1.132078426631683444e-04
1.129978851914234593e-04
1.127758850437196169e-04
1.125741561085519851e-04
1.123604534886050272e-04
1.121628503119641654e-04
1.119738294456859291e-04
1.117812883473426723e-04
1.115717243124656838e-04
1.113714293166837943e-04
1.111986587050772199e-04
1.110329247571427728e-04
1.108820013624839916e-04
1.107005354238546337e-04
1.105370053721395032e-04
1.103909543865500600e-04
1.102509892160780526e-04
1.101304902350612360e-04
1.100191200618656870e-04
1.099072391052296647e-04
1.097897918984062671e-04
1.097064783080194355e-04
1.096122747697821700e-04
1.094768715591939496e-04
1.093178417298836398e-04
1.091558035080530834e-04
1.090138010088785510e-04
1.088528317149681175e-04
1.086876297075504923e-04
1.085593048031586127e-04
1.084070224722967089e-04
1.082578887318187731e-04
1.081115471523951915e-04
1.079732805669332974e-04
1.078120126778988415e-04
1.076685700286443494e-04
1.075551704432419408e-04
1.074632062891526005e-04
1.073311038704217373e-04
1.071991621879502595e-04
1.070567866645416805e-04
1.069219464496342969e-04
1.067678567299678823e-04
1.066129574377921090e-04
1.064535979614618453e-04
1.062895615584151098e-04
1.061266078075277444e-04
1.059572935628942512e-04
1.057963850973590863e-04
1.056371645102999055e-04
1.054783209631013206e-04
1.053260218726362850e-04
1.051716155968019544e-04
1.050127271189618325e-04
1.048558515071959285e-04
1.047001665504983654e-04
1.045463541223083930e-04
1.043947188288332800e-04
1.042430915870838892e-04
1.041027244455015535e-04
1.039501427677199340e-04
1.038056446889535343e-04
1.036585340965745869e-04
1.035064995188928507e-04
1.033622851225553442e-04
1.032078202324263213e-04
1.030436932373487063e-04
1.028774318918044222e-04
1.027172772733444476e-04
1.025642996761459751e-04
1.024099782619526471e-04
1.022701763963268344e-04
1.021423694184481554e-04
1.020050661424787655e-04
1.018776795623802726e-04
1.017644717761595984e-04
1.016266547939526262e-04
1.014924259214981811e-04
1.013538364677142839e-04
1.012271087466914867e-04
1.011105864325369431e-04
1.009873011877452634e-04
1.008718979337812208e-04
1.007652145833084399e-04
1.006636878143517879e-04
1.005410541241812095e-04
1.004182247691512756e-04
1.003090632092936118e-04
1.001953492396902393e-04
1.001064701263906234e-04
1.000179572140531803e-04
9.992359455688084571e-05
9.982887868235103517e-05
9.975344511126709075e-05
9.967575841603861311e-05
9.960851389660778908e-05
9.953208867235505749e-05
9.944686285209827976e-05
9.935926423280778898e-05
9.926060450608036024e-05
9.916230783056549181e-05
9.906383591736013538e-05
9.896260023099318287e-05
9.886014112245887812e-05
9.875869634418857465e-05
9.866150861915206759e-05
9.857437490406552370e-05
9.848474687944197450e-05
9.839753538737259196e-05
9.831536547225748859e-05
9.823406171474157486e-05
9.815179071621871405e-05
9.808104787021705237e-05
9.799836817417813533e-05
9.790475625452287490e-05
9.782356308265408669e-05
9.773275361479125004e-05
9.765756499189342968e-05
9.757320374044305068e-05
9.747092424196697686e-05
9.736733245682350948e-05
9.727250952858452625e-05
9.717279572256601479e-05
9.706157263257601190e-05
9.695159655224384258e-05
9.684435468118052649e-05
9.672800870904569117e-05
9.661199838094042063e-05
9.649777752932138519e-05
9.638494129777845588e-05
9.627872093950959039e-05
9.617942766072261926e-05
9.608397920380440718e-05
9.598633620244538533e-05
9.587707462989764312e-05
9.576631643830237767e-05
9.565640640227274932e-05
9.555816420290091917e-05
9.545589223778110837e-05
9.534453547681875679e-05
9.522664817030986398e-05
9.511620845236268653e-05
9.501082142991466156e-05
9.491240581701785011e-05
9.480597900694677049e-05
9.470123024272869138e-05
9.459093826386050046e-05
9.448408475860993287e-05
9.437910293542807016e-05
9.427153379141730996e-05
9.417222051385498445e-05
9.407663363404388695e-05
9.398677266502738256e-05
9.389832812650990529e-05
9.380614418254084154e-05
9.371061182707861998e-05
9.360572075435349428e-05
9.349746248378903416e-05
9.339490295625408635e-05
9.329108272036659277e-05
9.318183403400555646e-05
9.307809434822926747e-05
9.298136689175551185e-05
9.289612436620784276e-05
9.280457147196896368e-05
9.271563000682688145e-05
9.262826476433250970e-05
9.253894802804955085e-05
9.244778449725370270e-05
9.235661538874656096e-05
9.226600341244510462e-05
9.217898460304693210e-05
9.208849386466642342e-05
9.200616041896176472e-05
9.193194763789931494e-05
9.185117595109257521e-05
9.176577034900988293e-05
9.168137354936553107e-05
9.159698109132488879e-05
9.150715589464046172e-05
9.141836517339323100e-05
9.132966249284342692e-05
9.124264615892712358e-05
9.116117991153620682e-05
9.108372345197903678e-05
9.100750564866442365e-05
9.094295786070115428e-05
9.088345147420332241e-05
9.082546949548862760e-05
9.077290858658101718e-05
9.071296003153466489e-05
9.066727903346499882e-05
9.061563503718420020e-05
9.055880042921288307e-05
9.049811255219221624e-05
9.044147713563781353e-05
9.038981372059088639e-05
9.034326933472247871e-05
9.028454219113735612e-05
9.022800948125921994e-05
9.017991286874098527e-05
9.012420804285519360e-05
9.007576333803464844e-05
9.002502874718817569e-05
8.997442372976945525e-05
8.992726665205959908e-05
8.988589884244945611e-05
8.985314684373820035e-05
8.982128873119897647e-05
8.978939331193146222e-05
8.975518004434050387e-05
8.971540985128724434e-05
8.967898905578654842e-05
8.964028585591531616e-05
8.959551724315816099e-05
8.955600514695586745e-05
8.951042148746678369e-05
8.945960373528687344e-05
8.941262237542583102e-05
8.936667633779345329e-05
8.931105186121326685e-05
8.925220799828865559e-05
8.919238708984229900e-05
8.913654996740838759e-05
8.908007745823629810e-05
8.902446634306809120e-05
8.896630857694810726e-05
8.890783199620787107e-05
8.885521841745126900e-05
8.879898330311799236e-05
8.874053748438503683e-05
8.867980033870708726e-05
8.862433875246124618e-05
8.856786999240979954e-05
8.851197117496905102e-05
8.845557340441603659e-05
8.840139459451596673e-05
8.835646136344647600e-05
8.830945760355620084e-05
8.826876703477657142e-05
8.822706413063776526e-05
8.818164368127284867e-05
8.814243432812686008e-05
8.810527904449551567e-05
8.806660771423144285e-05
8.803541995155365462e-05
8.801399179215136173e-05
8.799285973295332031e-05
8.795319960556040914e-05
8.792185103047067728e-05
8.788646817432574213e-05
8.784778641392345733e-05
8.780658024431234809e-05
8.776008041577771518e-05
8.769883824988718634e-05
8.763802293318729447e-05
8.757700020978968335e-05
8.750793512938178080e-05
8.744079637363742113e-05
8.737822095576456541e-05
8.731827072395569739e-05
8.726149151410207336e-05
8.720384345877542397e-05
8.714483855878683925e-05
8.709152536498102135e-05
8.704317348190714369e-05
8.700205878530839953e-05
8.696305189154108649e-05
8.692480227776619005e-05
8.689067409519347278e-05
8.685800490057377630e-05
8.682498816200528687e-05
8.678747600963953625e-05
8.675076206910616451e-05
8.671177214130485064e-05
8.666306678135786217e-05
8.662066345535193018e-05
8.657920249706235717e-05
8.653907419859738627e-05
8.649635266394041565e-05
8.645745619747126755e-05
8.641712977294734846e-05
8.637132122100901060e-05
8.632797809887141560e-05
8.629145477995940963e-05
8.625148089484248640e-05
8.621083589118575300e-05
8.617666978146683017e-05
8.614221467909549408e-05
8.610720580798527203e-05
8.606811515054832028e-05
8.603373687064995489e-05
8.600302946668931170e-05
8.597240304976798181e-05
8.594122320691525410e-05
8.591244695433073754e-05
8.588705867280874422e-05
8.586616255275595841e-05
8.585042335757653428e-05
8.583279034943317148e-05
8.580401149566181088e-05
8.577737373924787176e-05
8.574188589105493556e-05
8.571600102918196554e-05
8.569598464977940802e-05
8.567871264900385714e-05
8.566542546946944402e-05
8.565400386461076985e-05
8.564875777766797044e-05
8.564486779208236949e-05
8.563932451295842721e-05
8.564222450551990543e-05
8.565019774470115585e-05
8.565802439131107256e-05
8.566213574316075151e-05
8.566180386038356400e-05
8.566655263128330762e-05
8.567799045265531632e-05
8.569125443042969038e-05
8.570895237138086815e-05
8.572551668185831892e-05
8.573875840578833651e-05
8.574820045112820956e-05
8.575298651334016260e-05
8.576742466725685219e-05
8.578950600234824526e-05
8.581768425034837981e-05
8.584114020503630859e-05
8.586804801482883281e-05
8.588261152502787012e-05
8.590110136767021513e-05
8.591695627479719059e-05
8.593222085740936348e-05
8.594569265523148861e-05
8.596398765652410066e-05
8.598904763724654361e-05
8.601171262143981772e-05
8.602275408114000324e-05
8.604482943832034549e-05
8.606739399353400687e-05
8.609141817117191081e-05
8.611117775822625924e-05
8.612509819964042862e-05
8.614802490552123787e-05
8.615140286396319989e-05
8.615728244080851574e-05
8.617004765636189913e-05
8.618522107005786490e-05
8.620438501799508265e-05
8.622141029867940419e-05
8.624598996380485906e-05
8.627187248884068439e-05
8.629669638424272617e-05
8.632006689784209742e-05
8.633386117197472918e-05
8.635506261609082908e-05
8.638371281937002059e-05
8.640904262402256261e-05
8.643493756511349689e-05
8.646163924528135368e-05
8.648979967801871411e-05
8.651616574163537834e-05
8.654408658622242130e-05
8.657647999654854965e-05
8.661728083266610994e-05
8.664779354522256010e-05
8.668098981235808375e-05
8.670572456847153728e-05
8.673329846529639377e-05
8.675157570826153670e-05
8.677533917528187674e-05
8.680175829954171404e-05
8.682401654264100327e-05
8.684375930890509407e-05
8.686147480675696152e-05
8.688102969565881151e-05
8.690977366636079798e-05
8.693822258393400456e-05
8.697155275810163804e-05
8.699774367415836758e-05
8.702287111265475576e-05
8.704999114989977007e-05
8.707739702244860175e-05
8.710231496588633307e-05
8.713008292484644745e-05
8.714100633589411473e-05
8.714942405999210641e-05
8.716321158941613253e-05
8.717608681908450776e-05
8.718464995425507309e-05
8.719675656960813360e-05
8.720708163780500313e-05
8.720920848244625696e-05
8.720748934013562573e-05
8.720466010917203624e-05
8.720503263609201959e-05
8.720231478535673977e-05
8.719910687013419177e-05
8.719079235803092352e-05
8.717728030221688488e-05
8.716046150155029875e-05
8.714464499312166103e-05
8.713001513775927892e-05
8.711340617326360637e-05
8.709664650293025908e-05
8.707894506077384195e-05
8.705720025543498648e-05
8.703386052763334088e-05
8.701098791944137105e-05
8.699110773238035691e-05
8.697447383657242067e-05
8.695878318989119879e-05
8.693844123029924569e-05
8.691922561231890589e-05
8.689915185355803068e-05
8.687884883773247502e-05
8.686420846249787457e-05
8.684912827600155055e-05
8.683290582931654203e-05
8.681781619281910651e-05
8.680809598355674142e-05
8.679971360342740052e-05
8.679201489136154589e-05
8.678662358933205985e-05
8.678102419024635828e-05
8.677966688924444684e-05
8.677934501194563873e-05
8.677591407526875922e-05
8.677193832324065338e-05
8.677014879474362731e-05
8.676248930836337925e-05
8.676078496835216243e-05
8.676055034387098266e-05
8.675468959304125593e-05
8.675226439961004714e-05
8.675075361540220045e-05
8.674718154577450873e-05
8.674567656925645390e-05
8.674068284262112386e-05
8.673286435188412970e-05
8.672074062714101971e-05
8.670617353796338401e-05
8.669015189492845048e-05
8.667323068084976294e-05
8.665694272933040958e-05
8.664327759893699168e-05
8.662883845035124685e-05
8.661154156746390346e-05
8.659868040871541322e-05
8.658434916970425489e-05
8.656897691197788227e-05
8.655632375723029692e-05
8.653907397246813097e-05
8.652482089966582980e-05
8.650674793846866134e-05
8.648928015839374905e-05
8.647028715609971091e-05
8.644778846019914270e-05
8.642961445485782598e-05
8.640927977606915249e-05
8.639066590196707628e-05
8.637412258057210006e-05
8.635743961368197810e-05
8.634107446590462605e-05
8.632369020145847969e-05
8.630822214965602572e-05
8.629450940769141452e-05
8.628521105285117158e-05
8.627629559792314494e-05
8.627248406254635685e-05
8.626577991309442158e-05
8.625975813362775054e-05
8.624866800257964788e-05
8.623809807821015505e-05
8.622890475113519190e-05
8.622021652145861080e-05
8.621230040780771355e-05
8.620772209611284021e-05
8.620185920628864690e-05
8.619941505077904356e-05
8.619437662639647393e-05
8.618681377557580630e-05
8.618241747543212237e-05
8.618051109486999002e-05
8.617971003171938989e-05
8.617727735434401197e-05
8.617392565515001341e-05
8.616574467768460088e-05
8.614945232171407851e-05
8.613454157916909681e-05
8.611804542483058179e-05
8.610498030431962735e-05
8.609639105461955072e-05
8.608589710048519263e-05
8.607884128784999700e-05
8.607133721956780430e-05
8.606128545863540944e-05
8.605347711429151328e-05
8.604521667999339937e-05
8.603552585675274000e-05
8.602699905249434388e-05
8.601248360777097844e-05
8.599905986327175723e-05
8.598068021122810963e-05
8.596339150356305193e-05
8.594314398688102585e-05
8.592860251436509542e-05
8.590960546264613158e-05
8.589311228795979965e-05
8.587695832075805129e-05
8.585947863013490772e-05
8.584149722001030262e-05
8.582473225851305887e-05
8.580794717784737179e-05
8.579208995482832999e-05
8.577921259002470582e-05
8.576509131629800494e-05
8.574887195008470584e-05
8.573593070404282406e-05
8.571907520553970943e-05
8.570138606868350371e-05
8.568447373512599896e-05
8.567204218826194662e-05
8.565667434945088091e-05
8.564107981807385123e-05
8.562621100935770182e-05
8.560835621675806032e-05
8.559407748380556632e-05
8.557721618580818471e-05
8.556072516912157028e-05
8.554133658902512473e-05
8.552103921238833780e-05
8.550236238318304068e-05
8.547992662632899802e-05
8.546085615753642550e-05
8.544045614147990225e-05
8.541687077928735035e-05
8.539383732417528752e-05
8.537220743307905014e-05
8.535372218662363444e-05
8.533530686641615690e-05
8.531833729789023272e-05
8.530010307041708281e-05
8.528206572776458134e-05
8.526795525223204708e-05
8.525620130919098129e-05
8.524740202309361318e-05
8.523629299698438986e-05
8.522549636148689042e-05
8.521288748804982990e-05
8.520537749193253724e-05
8.519873051134278904e-05
8.518607620685814629e-05
8.517153023810295170e-05
8.515389370526950049e-05
8.513507577268938291e-05
8.511236046092444951e-05
8.509049986117569900e-05
8.506673098752417508e-05
8.504044475689961587e-05
8.501422915502126218e-05
8.498794664240173281e-05
8.496211164961783207e-05
8.493548392639353121e-05
8.490912842525638756e-05
8.488488826744891656e-05
8.486375704761320044e-05
8.484647819048516835e-05
8.483265152005938252e-05
8.481753812318190385e-05
8.479860817841566585e-05
8.477555108918848449e-05
8.475586919720468743e-05
8.473529468667623254e-05
8.471352351402050497e-05
8.469137665682028226e-05
8.466899102836894335e-05
8.464744294962776004e-05
8.462630385573123842e-05
8.460466222380264142e-05
8.458365852938340803e-05
8.455712484066606779e-05
8.452995196284850555e-05
8.450379227826748782e-05
8.447840416058603394e-05
8.445567391117782870e-05
8.443187465793915321e-05
8.441146910573552769e-05
8.439127195677540349e-05
8.436765596282760839e-05
8.434618571385992132e-05
8.432435631710785955e-05
8.430352763784049251e-05
8.428334956724174980e-05
8.426275484602233177e-05
8.424150499325135317e-05
8.422106297342918412e-05
8.420156090538399082e-05
8.418349288485455677e-05
8.416339158835931390e-05
8.414522620272381706e-05
8.412631083776739131e-05
8.410681640274160443e-05
8.409106729122373222e-05
8.407656251823896539e-05
8.406305048993810186e-05
8.405112169031334242e-05
8.403587141917662261e-05
8.402254026192378350e-05
8.401007575914060956e-05
8.399682217856950257e-05
8.398523101556556699e-05
8.397459380459051980e-05
8.396512885494925287e-05
8.395296281777477933e-05
8.393954587182389537e-05
8.392422577981935175e-05
8.391179123478182615e-05
8.390094833865740576e-05
8.389009801373158268e-05
8.388205760999466328e-05
8.387508968122654859e-05
8.386917986822267157e-05
8.386242410000453588e-05
8.385653960598488631e-05
8.385278471578700213e-05
8.384751322239455355e-05
8.384523850113765686e-05
8.384467552464222476e-05
8.384610222101550282e-05
8.384894824116576463e-05
8.385149222579466358e-05
8.385340794868705006e-05
8.385569021406072659e-05
8.386052012847666575e-05
8.386284679797531832e-05
8.386478512673094460e-05
8.387092170646155589e-05
8.387564649689926066e-05
8.387784529128755097e-05
8.387828380574970631e-05
8.388151763244854737e-05
8.388282518866607663e-05
8.388732599772278590e-05
8.388737139250732912e-05
8.388532107025064135e-05
8.388518724920012771e-05
8.388844349104420241e-05
8.389336747989475809e-05
8.389909033971017704e-05
8.390587241569544827e-05
8.391087727693573512e-05
8.391622045918621284e-05
8.392117602898374606e-05
8.392298977661845382e-05
8.392011577791952848e-05
8.391694806907082816e-05
8.391114525830721711e-05
8.390632051542151488e-05
8.390061641101574262e-05
8.389425284096922416e-05
8.387983290024069436e-05
8.386393563203345847e-05
8.384878430543848038e-05
8.383541046946650773e-05
8.382270525095068163e-05
8.380988729635646195e-05
8.379886692843916481e-05
8.378764314916820239e-05
8.377230925706411369e-05
8.375741584478553145e-05
8.374170340610739166e-05
8.372688665908990368e-05
8.371024665816140795e-05
8.369308306388427540e-05
8.367386221826070682e-05
8.365483666784901166e-05
8.363584398287734090e-05
8.361793253931194771e-05
8.359694329632548124e-05
8.357694130181450348e-05
8.355402864309446767e-05
8.353312008322812544e-05
8.351131420030364033e-05
8.348903378397447836e-05
8.346798733406382337e-05
8.344778617083695627e-05
8.342684899267101652e-05
8.340515187259564089e-05
8.338254887891635291e-05
8.335700106401550200e-05
8.333221538340710799e-05
8.330738804937908178e-05
8.328148033205930146e-05
8.325536552084272096e-05
8.322974566224677732e-05
8.320343944676013206e-05
8.317998966800767161e-05
8.315810592373489051e-05
8.313051936108777204e-05
8.310359479817506221e-05
8.307776088999869004e-05
8.305101553053413567e-05
8.302388283659250775e-05
8.299837489782877138e-05
8.297078436855227334e-05
8.294378115191150167e-05
8.291707730622345388e-05
8.289199501779457473e-05
8.286500800107761107e-05
8.283667614825757292e-05
8.280835377377754975e-05
8.278144772869760137e-05
8.275463094002871234e-05
8.272846743413313263e-05
8.270234835326528277e-05
8.267716187175296191e-05
8.265243471162904670e-05
8.262794056532684304e-05
8.260239578994125976e-05
8.257648671095597903e-05
8.255038105615412002e-05
8.252453781114092929e-05
8.249828992023894791e-05
8.247149418537784459e-05
8.244379572644431361e-05
8.241596534433607354e-05
8.238752418375881314e-05
8.235996441543462639e-05
8.233130110468382451e-05
8.230342410006630510e-05
8.227464617893779633e-05
8.224493399718484424e-05
8.221472989730960776e-05
8.218423206111858303e-05
8.215383733756599464e-05
8.212203538490314844e-05
8.209092369403938293e-05
8.206033758384314659e-05
8.203042997363015868e-05
8.200133984882443253e-05
8.197144111711900647e-05
8.194120170778218439e-05
8.191082890997262327e-05
8.188187609442761973e-05
8.185355992288568920e-05
8.182456301276967356e-05
8.179533098342633415e-05
8.176648174347416235e-05
8.173699743407003527e-05
8.170754209806177493e-05
8.167907982198424285e-05
8.165148195237368863e-05
8.162344295027731554e-05
8.159487698267578839e-05
8.156805187261562096e-05
8.154135232966197079e-05
8.151618978028662955e-05
8.149112128155127212e-05
8.146573735168417948e-05
8.144174496135576805e-05
8.141775628237587299e-05
8.139351610371221466e-05
8.137013985822726906e-05
8.134760030215448085e-05
8.132634620897382955e-05
8.130647451007458120e-05
8.128680579775701838e-05
8.126857885477815175e-05
8.125076042374434105e-05
8.123466267981858686e-05
8.121747594691598499e-05
8.120030174152629144e-05
8.118357838730953487e-05
8.116648032526751762e-05
8.115045601418219247e-05
8.113349715642213355e-05
8.111728375114068295e-05
8.110173010498713695e-05
8.108534825706177943e-05
8.107082420189753536e-05
8.105775285508618117e-05
8.104722776609378499e-05
8.103723010271050300e-05
8.103044367088579859e-05
8.102470604909870529e-05
8.101786598278889627e-05
8.101265477128066837e-05
