1.508525667500044964e-04
1.821408557130770988e-04
1.950608004088427673e-04
2.092202440882166045e-04
2.056763565324777089e-04
2.061868370947220381e-04
2.005409291473398792e-04
1.948127491192389895e-04
1.893646440446032100e-04
1.822260096297228409e-04
1.819463870883951601e-04
1.832521470687444303e-04
1.809519439528325350e-04
1.796995556858930674e-04
1.795406766755442709e-04
1.772831124438870227e-04
1.747326645670441430e-04
1.733308842443166253e-04
1.721701725554715119e-04
1.716901597653170287e-04
1.723027837009350307e-04
1.724338459051171597e-04
1.718993076686403361e-04
1.719508028169881863e-04
1.720359644384240763e-04
1.722738729415502579e-04
1.726604257898632915e-04
1.728807841038767828e-04
1.722630721191625034e-04
1.734828683724072150e-04
1.749865089023436542e-04
1.756228482280313590e-04
1.764895666263307866e-04
1.784170560292182620e-04
1.795697152534420332e-04
1.805115017053719967e-04
1.814816814968336217e-04
1.822602447359066501e-04
1.829815868764037045e-04
1.830698243588260526e-04
1.829002734537507461e-04
1.827290673723879063e-04
1.823790713392787869e-04
1.817914140555420448e-04
1.811552652286140647e-04
1.804633695332161030e-04
1.795602101798588097e-04
1.785746043550172043e-04
1.772136443520135171e-04
1.761042673813082088e-04
1.749476097945212784e-04
1.737547241451477937e-04
1.725758066893538594e-04
1.713137946965380453e-04
1.700954825055311795e-04
1.688739732304589717e-04
1.676520395864106335e-04
1.664925574215004147e-04
1.653246030416824584e-04
1.641940027730206034e-04
1.630503478132217790e-04
1.619726725248202032e-04
1.607817246670849970e-04
1.596656133991299889e-04
1.586154174316883620e-04
1.575950537192010554e-04
1.566518824592876382e-04
1.556108360274745261e-04
1.546578115756917348e-04
1.536790530644499867e-04
1.527552186510153676e-04
1.518833064424588743e-04
1.509906427703258051e-04
1.501282627308903441e-04
1.492943563297004846e-04
1.483823450796600135e-04
1.475027686800709956e-04
1.466406998222943988e-04
1.457433310780353658e-04
1.448691501200995364e-04
1.440097419365673689e-04
1.431773561287054387e-04
1.423531775413574131e-04
1.415328407174063223e-04
1.407489973133892636e-04
1.399866438250937809e-04
1.392621043250100523e-04
1.385506941793811122e-04
1.378912808228761953e-04
1.372478845642804209e-04
1.366083402672506862e-04
1.359726489709610548e-04
1.353286655329418700e-04
1.347022383609568121e-04
1.340993569626582624e-04
1.334964414754649469e-04
1.329190133296746096e-04
1.323292792003139505e-04
1.317386663983528188e-04
1.311754798421850055e-04
1.306210170573146893e-04
1.301054551612735959e-04
1.295988638721545848e-04
1.290739287861130172e-04
1.285381599125335272e-04
1.280192218844907024e-04
1.274968387506961490e-04
1.269875071814796847e-04
1.265034957105542340e-04
1.260263931440929125e-04
1.255656292413260449e-04
1.251029882795731500e-04
1.246283335762107347e-04
1.241655274307290569e-04
1.236986338028896952e-04
1.232447614010861699e-04
1.228035037940480606e-04
1.223526113736025922e-04
1.219290168627713155e-04
1.215079249245094059e-04
1.210825436561677090e-04
1.206800170713060149e-04
1.202750966343309723e-04
1.198818893157046681e-04
1.194845430844175484e-04
1.190802930330396516e-04
1.186695152346150893e-04
1.182666636721351746e-04
1.178585998123717364e-04
1.174739033240297317e-04
1.170726338496914633e-04
1.166738248420455900e-04
1.162933376518421612e-04
1.159111757997248839e-04
1.155421026540286010e-04
1.151631125383902499e-04
1.147907464848587126e-04
1.144024967475674168e-04
1.140275947878369004e-04
1.136406146938542648e-04
1.132635381917165916e-04
1.128942605905979490e-04
1.125241439904336261e-04
1.121611173710523022e-04
1.117994199143991692e-04
1.114375258994673224e-04
1.110857544101444326e-04
1.107421072294066601e-04
1.104018238608257677e-04
1.100565545746260267e-04
1.097182445135795722e-04
1.093848828376667764e-04
1.090517887897471524e-04
1.087209926234352866e-04
1.083986056228511863e-04
1.080722580516967150e-04
1.077429834023489052e-04
1.074176470405505384e-04
1.070900134033738490e-04
1.067720976967920221e-04
1.064613600951991383e-04
1.061560564329606991e-04
1.058579557350912198e-04
1.055598431926458967e-04
1.052597540614434301e-04
1.049606194549374569e-04
1.046620190723761604e-04
1.043703035937850723e-04
1.040816774888588046e-04
1.037974167607376918e-04
1.035123489468061503e-04
1.032243563229631869e-04
1.029406483680456814e-04
1.026544227041535233e-04
1.023725531166270867e-04
1.020923879005036805e-04
1.018132672378259938e-04
1.015402492079857838e-04
1.012710930498716001e-04
1.010049231693892511e-04
1.007469172306477042e-04
1.004893594570855091e-04
1.002321875168420319e-04
9.997697016462127990e-05
9.972142989077013354e-05
9.947060598657951418e-05
9.922122314668512129e-05
9.897782992819082522e-05
9.873636847454341002e-05
9.849980787262302645e-05
9.827145673263399425e-05
9.804318316045136097e-05
9.781656024673356738e-05
9.759632153795899700e-05
9.737018630867150465e-05
9.714717602934280511e-05
9.692648700509346545e-05
9.670781783376396180e-05
9.648955291072929018e-05
9.627964102297596966e-05
9.607515472517298575e-05
9.586910917897124276e-05
9.565756797139720463e-05
9.545543394335469255e-05
9.524672252084813938e-05
9.503807581174148107e-05
9.482711412015071262e-05
9.461407646241743786e-05
9.440355099392057131e-05
9.419135427384273129e-05
9.397896290787822950e-05
9.376568897787272694e-05
9.355735811460888886e-05
9.335046225914088328e-05
9.314283023420036876e-05
9.293977027697929811e-05
9.273563161118754481e-05
9.253743894907967863e-05
9.233933310366211026e-05
9.214124486163981871e-05
9.194318398909220153e-05
9.175010938567328340e-05
9.155833028041259088e-05
9.137049209806261726e-05
9.118356038419509965e-05
9.099979392535159552e-05
9.081489339626693349e-05
9.063168456153360554e-05
9.045449009014359628e-05
9.027914314133299561e-05
9.010801368629544944e-05
8.993706283555869940e-05
8.976309633717669456e-05
8.959457022442722963e-05
8.942565270093484988e-05
8.925940429579017207e-05
8.909694232757597117e-05
8.893661454396368106e-05
8.878119125233503001e-05
8.862749639400977647e-05
8.847293510026264655e-05
8.831587139447825963e-05
8.815620932653955562e-05
8.799082290728951392e-05
8.782939183398358318e-05
8.766642473190621831e-05
8.750589603737469275e-05
8.734698804669133892e-05
8.719295778926004108e-05
8.703705157478953762e-05
8.688570834044557654e-05
8.673395692557190175e-05
8.658910947862285699e-05
8.644394396865229442e-05
8.629902624930904989e-05
8.615323529453400590e-05
8.601202688187174468e-05
8.586446616163734367e-05
8.571951708027494344e-05
8.557320909228960013e-05
8.542929701065814501e-05
8.528908206490308009e-05
8.515032510141301721e-05
8.501757203235514820e-05
8.488083683292677972e-05
8.475017616538189696e-05
8.461346170693757266e-05
8.447755158273257065e-05
8.434262712691013505e-05
8.421596686307882267e-05
8.408703379158140008e-05
8.395132719651263739e-05
8.381665417149399119e-05
8.368119390500381631e-05
8.354429733332847539e-05
8.340761949431043309e-05
8.327306665245524334e-05
8.313790445113651713e-05
8.300268108840524073e-05
8.286991746070068200e-05
8.273892339963661365e-05
8.260698719208995711e-05
8.247470159015406600e-05
8.234184039656581753e-05
8.220615010027553025e-05
8.207193089044181856e-05
8.193796445069240295e-05
8.180251537248692890e-05
8.166764674001438288e-05
8.153168094683414617e-05
8.139820401516727720e-05
8.126519025303903304e-05
8.113280882278071893e-05
8.100102235315305302e-05
8.086979800155676254e-05
8.073871271448404053e-05
8.060670862155071379e-05
8.047484668955962549e-05
8.034292750787357584e-05
8.021065811102722821e-05
8.008000934877723773e-05
7.995030210461773527e-05
7.982230322119802392e-05
7.969401958295569939e-05
7.956694250575841972e-05
7.943982085304155435e-05
7.931396454106022650e-05
7.918834371545930770e-05
7.906339131463448926e-05
7.894033015796375282e-05
7.881779132562983430e-05
7.869477814664358590e-05
7.857329885522154329e-05
7.845311297646729524e-05
7.833361023572882093e-05
7.821411504419088269e-05
7.809754854845812975e-05
7.798037631857202966e-05
7.786330759580192091e-05
7.774534472290707510e-05
7.762721727985656282e-05
7.751059301933468275e-05
7.739356198682596766e-05
7.727755947884579202e-05
7.716041499976042698e-05
7.704409588644796814e-05
7.692818753077986503e-05
7.681286286912627072e-05
7.669880956650979367e-05
7.658532797087215310e-05
7.647225514634802825e-05
7.635975939029651378e-05
7.624922373990059747e-05
7.613838148438339796e-05
7.602944326308300410e-05
7.592036330443703573e-05
7.581254216282488716e-05
7.570557209156221425e-05
7.559794537166972901e-05
7.549194849173595763e-05
7.538529609085926637e-05
7.527825361737317596e-05
7.517252582069220877e-05
7.506785916728923869e-05
7.496449376751764578e-05
7.486196720535458530e-05
7.475964654113920996e-05
7.465637204366281613e-05
7.455445019779427768e-05
7.445340471871665655e-05
7.435200349561808364e-05
7.425025370637578870e-05
7.414917985018874879e-05
7.404824742712266101e-05
7.395035114163896759e-05
7.385070357281283641e-05
7.375267302156707390e-05
7.365550732987494057e-05
7.355891229845096550e-05
7.346199497980291477e-05
7.336642921691380326e-05
7.327056175353726362e-05
7.317535668693590420e-05
7.308058701649637731e-05
7.298601434632018845e-05
7.289138033905462062e-05
7.279830432354256556e-05
7.270401457979604339e-05
7.260962688513301910e-05
7.251623779874054614e-05
7.242285318950792696e-05
7.232858552472079311e-05
7.223473164799128340e-05
7.214168043519669825e-05
7.204957500240043080e-05
7.195748759501446998e-05
7.186571961010450034e-05
7.177317187455972897e-05
7.168160661825490271e-05
7.159118055923072014e-05
7.150075958801859941e-05
7.141149327557649743e-05
7.132199501634369605e-05
7.123262051550006502e-05
7.114399789505796063e-05
7.105624755860143139e-05
7.096922671738274625e-05
7.088218515526274798e-05
7.079462747845291840e-05
7.070867630509570817e-05
7.062159865331112791e-05
7.053484193340697024e-05
7.044862728817030098e-05
7.036148899551695655e-05
7.027460799574732021e-05
7.018772099404896640e-05
7.010234463884647391e-05
7.001660941536891900e-05
6.993148107195033369e-05
6.984681414936945768e-05
6.976164555381885477e-05
6.967638620473087633e-05
6.959184624329636261e-05
6.950742745824109599e-05
6.942372612465575366e-05
6.934066171360805822e-05
6.925833090100216242e-05
6.917644330825432561e-05
6.909327991688499703e-05
6.901101746247606604e-05
6.892999195005177881e-05
6.884864237798770563e-05
6.876730591146881886e-05
6.868571037102285293e-05
6.860500112150943162e-05
6.852453375099016621e-05
6.844413710709385044e-05
6.836361384109366005e-05
6.828366718493157975e-05
6.820413695914365139e-05
6.812475356101928942e-05
6.804561559104834085e-05
6.796706762234612628e-05
6.788851510328264391e-05
6.781074519008574778e-05
6.773301739264484336e-05
6.765588970772450170e-05
6.757910932779651535e-05
6.750225532407231471e-05
6.742661134912494370e-05
6.735116343818214977e-05
6.727634229806029589e-05
6.720122425241962171e-05
6.712699993939825820e-05
6.705269786864913426e-05
6.697943108753930596e-05
6.690604237732186591e-05
6.683396653227736527e-05
6.676169142795406928e-05
6.668976679831619292e-05
6.661819329815793468e-05
6.654778727569817681e-05
6.647739205876083003e-05
6.640671392588317441e-05
6.633548684443104206e-05
6.626548950726138883e-05
6.619514531958694279e-05
6.612566751319548302e-05
6.605621805706866402e-05
6.598758342041842527e-05
6.591989306682482770e-05
6.585197017393740627e-05
6.578512497874250517e-05
6.571887826132267302e-05
6.565213182071703553e-05
6.558511608848722845e-05
6.551853332455612688e-05
6.545179039407432160e-05
6.538474274417806090e-05
6.531829311751585548e-05
6.525156306158161541e-05
6.518542425578701619e-05
6.511871733522868824e-05
6.505258453267175024e-05
6.498606522937451838e-05
6.491980366219414554e-05
6.485402605124357281e-05
6.478886817661643036e-05
6.472360075145100998e-05
6.465975717296418496e-05
6.459589722647104439e-05
6.453211189508859761e-05
6.446973855753524731e-05
6.440693767338509729e-05
6.434434973104800133e-05
6.428234985988260665e-05
6.421967204674185420e-05
6.415835135607691466e-05
6.409714521644363993e-05
6.403623892272071385e-05
6.397529542159079185e-05
6.391476754861154046e-05
6.385486914791272794e-05
6.379630369825416397e-05
6.373772559270633753e-05
6.367900532295095385e-05
6.361956836681024259e-05
6.356066826066809634e-05
6.350149043773256749e-05
6.344295267783548440e-05
6.338395388048054333e-05
6.332407620477228862e-05
6.326495246122585217e-05
6.320538546203214117e-05
6.314637501338505926e-05
6.308708464811376890e-05
6.302781633767035898e-05
6.296831879526795924e-05
6.290874254103075288e-05
6.284949753255788488e-05
6.278981183198404140e-05
6.272997126925999487e-05
6.267006890931097764e-05
6.261043168661586857e-05
6.255075716124064965e-05
6.249149303562965196e-05
6.243261630697061475e-05
6.237427016638101627e-05
6.231650126250434134e-05
6.225794481975713724e-05
6.219997295825125739e-05
6.214156665242328052e-05
6.208350066736159525e-05
6.202516540859241169e-05
6.196688082329334106e-05
6.190805928542944807e-05
6.184932411592275047e-05
6.179150724754093227e-05
6.173407539426418469e-05
6.167749541313208002e-05
6.162158893106869212e-05
6.156526211134931913e-05
6.150887010136721225e-05
6.145253280873726881e-05
6.139628397865084955e-05
6.134079450554122404e-05
6.128545652357508073e-05
6.123009953833980499e-05
6.117437994953871716e-05
6.111843396215738057e-05
6.106254370908351266e-05
6.100710225710545976e-05
6.095129052523004629e-05
6.089617598472448840e-05
6.084109679077427760e-05
6.078595966578674635e-05
6.073033342865934652e-05
6.067490899018673913e-05
6.061919089213727203e-05
6.056366313122613516e-05
6.050821517392369978e-05
6.045301476317471734e-05
6.039783292139226260e-05
6.034285167607189701e-05
6.028811149259263364e-05
6.023350467536473527e-05
6.017894243135518993e-05
6.012477555998181183e-05
6.007061717879189777e-05
6.001669901396707333e-05
5.996321138296770425e-05
5.991000006380306237e-05
5.985662174984066291e-05
5.980331074266996143e-05
5.975022145415955752e-05
5.969737175829117160e-05
5.964497593803874372e-05
5.959233363150860435e-05
5.953987476563567412e-05
5.948740546928335380e-05
5.943558964668907625e-05
5.938370859108419575e-05
5.933198606428560838e-05
5.928005763116202416e-05
5.922829793786406647e-05
5.917671854473728453e-05
5.912543573496041593e-05
5.907391649417111784e-05
5.902248615763785387e-05
5.897101357610727432e-05
5.891958416829383248e-05
5.886834191856281183e-05
5.881725469931413256e-05
5.876620765950536085e-05
5.871521972847250066e-05
5.866440828587603424e-05
5.861369068080465265e-05
5.856320578647913341e-05
5.851280188136953787e-05
5.846252459983303966e-05
5.841230525145706180e-05
5.836218127795732741e-05
5.831224565575883034e-05
5.826232139178251669e-05
5.821255234573134523e-05
5.816286281106333516e-05
5.811329922507027642e-05
5.806386522984170832e-05
5.801455433432616687e-05
5.796537147379676242e-05
5.791632903013352822e-05
5.786739336915459208e-05
5.781858098412054835e-05
5.776989169143096806e-05
5.772134044631806714e-05
5.767292217138933252e-05
5.762462478857006525e-05
5.757642418902391877e-05
5.752835089500304500e-05
5.748039521249131241e-05
5.743257202312072624e-05
5.738487109475469666e-05
5.733728635453186654e-05
5.728983215358511425e-05
5.724246615345589506e-05
5.719524749607746237e-05
5.714813432277023487e-05
5.710123900477861574e-05
5.705442527983434474e-05
5.700771894021913695e-05
5.696121453457393577e-05
5.691475325223499103e-05
5.686862737061109405e-05
5.682263074123606130e-05
5.677683075919635262e-05
5.673135669545950822e-05
5.668619027944473326e-05
5.664107599884992225e-05
5.659598652555522589e-05
5.655103139024516103e-05
5.650646576851436464e-05
5.646186995123097374e-05
5.641744029866779727e-05
5.637284349227641381e-05
5.632828579852933317e-05
5.628402309601546861e-05
5.623956771110748899e-05
5.619520645675843412e-05
5.615076257694512877e-05
5.610662967780231887e-05
5.606264604457168689e-05
5.601885717363044018e-05
5.597513657542053391e-05
5.593160388163565921e-05
5.588796427356414295e-05
5.584446913697029512e-05
5.580099949051692932e-05
5.575762244565568186e-05
5.571448210177464141e-05
5.567116437912866551e-05
5.562783107453429934e-05
5.558463338140356757e-05
5.554150492059633674e-05
5.549846016869526598e-05
5.545545723804821530e-05
5.541257698290935092e-05
5.536973841495123927e-05
5.532700803024489963e-05
5.528436842634839741e-05
5.524182974348760405e-05
5.519939805574689738e-05
5.515705100657798346e-05
5.511484861962122399e-05
5.507270427406395062e-05
5.503080901323804041e-05
5.498893715622111134e-05
5.494719991472648407e-05
5.490544115443052857e-05
5.486376743241997355e-05
5.482219513583022174e-05
5.478071031286213874e-05
5.473931964554016515e-05
5.469802674893718230e-05
5.465682295666710679e-05
5.461571797597906258e-05
5.457471100964944122e-05
5.453379320052872503e-05
5.449298624038367112e-05
5.445225025143745148e-05
5.441159934378939908e-05
5.437104701923907294e-05
5.433062451894285667e-05
5.429029841305923402e-05
5.425001775652866658e-05
5.420984038761534810e-05
5.416975127939034510e-05
5.412975869748057610e-05
5.408991533826250548e-05
5.405013252586276699e-05
5.401044205161100700e-05
5.397084324540712139e-05
5.393132591373498076e-05
5.389190288678900474e-05
5.385261149473230362e-05
5.381336735804468101e-05
5.377421762338522481e-05
5.373510436909876485e-05
5.369608223502173229e-05
5.365717152523925474e-05
5.361839267697722522e-05
5.357976333398064281e-05
5.354118882253748840e-05
5.350275434331017805e-05
5.346435764156913251e-05
5.342602330747758398e-05
5.338777034896160460e-05
5.334958269728765171e-05
5.331152966556467512e-05
5.327355532249158031e-05
5.323562552527331721e-05
5.319786339321338863e-05
5.316014045435544795e-05
5.312260105172883197e-05
5.308508328408325413e-05
5.304767359505706075e-05
5.301032502335610482e-05
5.297311005125766696e-05
5.293604048544012382e-05
5.289896548213905518e-05
5.286189908689432513e-05
5.282477925827035284e-05
5.278776871777282820e-05
5.275081946943642193e-05
5.271397456327027529e-05
5.267717190654572446e-05
5.264044945182219280e-05
5.260382834255307601e-05
5.256725679843994809e-05
5.253078727025199403e-05
5.249435409434532578e-05
5.245797690966080753e-05
5.242165308451228337e-05
5.238539660539278802e-05
5.234921667897326955e-05
5.231310154307114397e-05
5.227706199568169459e-05
5.224109874363161519e-05
5.220520866863513838e-05
5.216941332609660332e-05
5.213367266751573414e-05
5.209800161219742417e-05
5.206240943402774195e-05
5.202688711747297266e-05
5.199143622722520423e-05
5.195605588582643863e-05
5.192076988629193624e-05
5.188557996891064028e-05
5.185045336068415823e-05
5.181541858162125276e-05
5.178041833466781222e-05
5.174548817395296257e-05
5.171060749070834984e-05
5.167579843362090448e-05
5.164106563025437348e-05
5.160642208164932889e-05
5.157185000245975985e-05
5.153733903214629495e-05
5.150289699385019143e-05
5.146854224768456176e-05
5.143422029368511101e-05
5.140000252554639105e-05
5.136590759959265616e-05
5.133192846935250166e-05
5.129795528223486716e-05
5.126415426345084532e-05
5.123033072759800689e-05
5.119666132377655914e-05
5.116308547787988548e-05
5.112951174984089954e-05
5.109601547148212092e-05
5.106260716368917851e-05
5.102922786635663831e-05
5.099593556056657373e-05
5.096264633778013558e-05
5.092946217947658154e-05
5.089625941616951693e-05
5.086317671396137989e-05
5.083008519651147306e-05
5.079706859298173302e-05
5.076413230960358475e-05
5.073122539593368066e-05
5.069839827532352975e-05
5.066567371900531784e-05
5.063297730640622517e-05
5.060034656880291545e-05
5.056788066130584835e-05
5.053547971028699969e-05
5.050303207070735089e-05
5.047064677155123591e-05
5.043834502518263272e-05
5.040617699564944469e-05
5.037404704641694242e-05
5.034193790174731946e-05
5.030985487153035818e-05
5.027784716566505201e-05
5.024586126216862286e-05
5.021394410289177295e-05
5.018207688606029138e-05
5.015026958518608978e-05
5.011852202312132775e-05
5.008685622414799386e-05
5.005523242282833285e-05
5.002366961190171245e-05
4.999216275444019275e-05
4.996073187775603407e-05
4.992935961900225671e-05
4.989803808478660170e-05
4.986678065321053854e-05
4.983556547535759911e-05
4.980443669963448847e-05
4.977336392372577582e-05
4.974232555662463315e-05
4.971134349063888516e-05
4.968041965156843091e-05
4.964955767695789515e-05
4.961875401536691325e-05
4.958801047890989500e-05
4.955734669837066886e-05
4.952675076829579832e-05
4.949622682107529732e-05
4.946573183725096477e-05
4.943528434630707630e-05
4.940487235276722880e-05
4.937452172637570984e-05
4.934422934218853774e-05
4.931398655691322341e-05
4.928379921659331223e-05
4.925366543385632339e-05
4.922359912924185045e-05
4.919360232972829812e-05
4.916366983983881195e-05
4.913376786023135719e-05
4.910393139079805139e-05
4.907413734884111337e-05
4.904438905031952787e-05
4.901469604564606940e-05
4.898505308620580690e-05
4.895548937889426875e-05
4.892598221147587286e-05
4.889652750571066943e-05
4.886713691992448634e-05
4.883781767683072455e-05
4.880853820920397435e-05
4.877927990955551016e-05
4.875008198443897149e-05
4.872093031042019922e-05
4.869181992217542761e-05
4.866276317205151739e-05
4.863375505191086008e-05
4.860480717896250181e-05
4.857592702388638069e-05
4.854709250719411941e-05
4.851833000299435094e-05
4.848966696312783655e-05
4.846102983554041949e-05
4.843244103224191558e-05
4.840395618793967613e-05
4.837547542031249648e-05
4.834704684572263024e-05
4.831872040666393669e-05
4.829044830231660169e-05
4.826221424149712834e-05
4.823404595876620420e-05
4.820597388672440131e-05
4.817790609907754011e-05
4.814984340747570450e-05
4.812180674503670278e-05
4.809379375004668993e-05
4.806583782725848641e-05
4.803793822897822714e-05
4.801004095581930519e-05
4.798221178489754391e-05
4.795441663177319814e-05
4.792670019273536394e-05
4.789900546673968095e-05
4.787135354236261804e-05
4.784375484565388790e-05
4.781621303186661302e-05
4.778871520298594999e-05
4.776127078377811666e-05
4.773386176994115206e-05
4.770649820781830972e-05
4.767917242706779738e-05
4.765189945777100188e-05
4.762467017880951865e-05
4.759749499764496979e-05
4.757035818140708752e-05
4.754327536070286257e-05
4.751623397482305410e-05
4.748923172822549458e-05
4.746228998441758267e-05
4.743540924571280730e-05
4.740856628055797878e-05
4.738177876904133907e-05
4.735504761998353466e-05
4.732837360305102776e-05
4.730176708504559572e-05
4.727525524996550248e-05
4.724878768795103733e-05
4.722232550585463406e-05
4.719595229827199548e-05
4.716959224845145466e-05
4.714326995259365745e-05
4.711702851600883221e-05
4.709092067309798558e-05
4.706481081428432020e-05
4.703874610864760148e-05
4.701268111761377669e-05
4.698681421589780924e-05
4.696093905173410896e-05
4.693515205843091397e-05
4.690946382926832939e-05
4.688381075388447719e-05
4.685832981516572219e-05
4.683288548934058551e-05
4.680754248820315693e-05
4.678225526761788236e-05
4.675695547920843249e-05
4.673164090084493111e-05
4.670647087808127407e-05
4.668132321648709235e-05
4.665616253845937143e-05
4.663109379511203224e-05
4.660594567918198823e-05
4.658080583677352154e-05
4.655574254702770130e-05
4.653071253542727067e-05
4.650570496967268121e-05
4.648074855224925415e-05
4.645591768300432926e-05
4.643112657699752346e-05
4.640652356867448834e-05
4.638182284950613152e-05
4.635734336102694501e-05
4.633273622351005618e-05
4.630838352272544355e-05
4.628395116650316243e-05
4.625955546869167174e-05
4.623533078247491802e-05
4.621108931819178098e-05
4.618695686721868064e-05
4.616278130364760923e-05
4.613869145821716507e-05
4.611471774734810013e-05
4.609077283651116428e-05
4.606677020101158633e-05
4.604284152832344265e-05
4.601899753393243550e-05
4.599518740596905529e-05
4.597147481523874643e-05
4.594764671096946367e-05
4.592407244570683919e-05
4.590042778510205102e-05
4.587695477787658536e-05
4.585358123687623881e-05
4.583018948823768207e-05
4.580684560850321061e-05
4.578352795693737648e-05
4.576016536010692345e-05
4.573684167951246748e-05
4.571337959222692836e-05
4.569003264951142896e-05
4.566681805602006605e-05
4.564349126711747068e-05
4.562027611263964270e-05
4.559698525052263490e-05
4.557362426903940823e-05
4.555024709775983151e-05
4.552691707201404926e-05
4.550359502266232127e-05
4.548032009501180119e-05
4.545712994183714531e-05
4.543393258451096172e-05
4.541077420167985039e-05
4.538764263548825134e-05
4.536460740647127910e-05
4.534151922513141470e-05
4.531857582212274677e-05
4.529573240591742094e-05
4.527287362701718035e-05
4.524997158880630959e-05
4.522705651094892783e-05
4.520419328196399766e-05
4.518148722118037257e-05
4.515868202658353535e-05
4.513585265491110052e-05
4.511310058627926201e-05
4.509034431495780845e-05
4.506767653185211279e-05
4.504508278875481468e-05
4.502248712153783273e-05
4.499990811612867561e-05
4.497721210464183342e-05
4.495454205634425170e-05
4.493197600970557840e-05
4.490936414163160207e-05
4.488683566521446656e-05
4.486433306368031677e-05
4.484189366188056681e-05
4.481949876143858871e-05
4.479716171222996977e-05
4.477481346898051225e-05
4.475248126989272047e-05
4.473016742211703001e-05
4.470791773669086560e-05
4.468569154815109714e-05
4.466349523348769126e-05
4.464124812528314575e-05
4.461910365345254161e-05
4.459694016076151636e-05
