2.209227999999999713e-05
1.673520137770100500e-05
1.569554209279061348e-05
1.407557258193517512e-05
1.317321093425223158e-05
1.242196028742453828e-05
1.198440144348934896e-05
1.149362128327971206e-05
1.136297956645228434e-05
1.122787583674975853e-05
1.104991601506572895e-05
1.076892732261728727e-05
1.057392441215148139e-05
1.031188492727403502e-05
1.007825005108376213e-05
9.874697166222096880e-06
9.683419882242344834e-06
9.501948781441903289e-06
9.287270328256827106e-06
9.105115902990150762e-06
8.917138558754360804e-06
8.760068019437790168e-06
8.649327942709691914e-06
8.543547128246838410e-06
8.442251537338150275e-06
8.323751157489524475e-06
8.201118630659815113e-06
8.093152463847492787e-06
7.978758877227009450e-06
7.874026926395698184e-06
7.779881737523465483e-06
7.682917284869928432e-06
7.585999492966843366e-06
7.484883311891681145e-06
7.387466530055024453e-06
7.293170229858705281e-06
7.206304306301557379e-06
7.119886914315791644e-06
7.038779008705238291e-06
6.956824733886899265e-06
6.879664795497192934e-06
6.804056283901379135e-06
6.730358604468064631e-06
6.660445447491742445e-06
6.602589393923307483e-06
6.541378696975337656e-06
6.484593403708551136e-06
6.428751237160962735e-06
6.374892274571093622e-06
6.321246853483378999e-06
6.269028433661257176e-06
6.216694610698316676e-06
6.167022472545787992e-06
6.121005161512809746e-06
6.078513607232426087e-06
6.038688041765688580e-06
6.000878965705156030e-06
5.965753074547694410e-06
5.933179778564712124e-06
5.901081425147864833e-06
5.871726180376737104e-06
5.839495090013287758e-06
5.808214787942839251e-06
5.780636875180778231e-06
5.751500035546375353e-06
5.721957948211853046e-06
5.690646466735321991e-06
5.658797092714041966e-06
5.628743865534825266e-06
5.596877275209855360e-06
5.567987958515839288e-06
5.536555443977978213e-06
5.504592702368470966e-06
5.473497405218324430e-06
5.443718005987396531e-06
5.414864129296477869e-06
5.386917355253303931e-06
5.356488024090742695e-06
5.326085559452047455e-06
5.295845003014433504e-06
5.266049417992425377e-06
5.237624091208128577e-06
5.209541713025629378e-06
5.182906441187031579e-06
5.156548290097879036e-06
5.129709039752694290e-06
5.103976582003865577e-06
5.078447289215497321e-06
5.053654143187574374e-06
5.027978202107066120e-06
5.002633075966948236e-06
4.977350845322180283e-06
4.952808597871095450e-06
4.928337933289976817e-06
4.904127672464502479e-06
4.880238970467388545e-06
4.856887129304988014e-06
4.834910859400267722e-06
4.812222279746034740e-06
4.789558659007202236e-06
4.767130949781367559e-06
4.744121020745436051e-06
4.721473151599213276e-06
4.699345251468751403e-06
4.677327129116991909e-06
4.655375854239014284e-06
4.633795197370586069e-06
4.612415590073940148e-06
4.591262699286817098e-06
4.570465395876876937e-06
4.549952845981177131e-06
4.529943745769533882e-06
4.509971416242793192e-06
4.490179233928256803e-06
4.470644027298434018e-06
4.451444947930463099e-06
4.432563104419375030e-06
4.413887945740043365e-06
4.395347014146223882e-06
4.377065087500025649e-06
4.359004125971718458e-06
4.341121710420288444e-06
4.323505025275774551e-06
4.306210326558992547e-06
4.289060869758506545e-06
4.272094250999139986e-06
4.255389876545882311e-06
4.238908891653973325e-06
4.222523911927508529e-06
4.206315430975023153e-06
4.190253594838014950e-06
4.174353312131781648e-06
4.158630783129269772e-06
4.143111094129866236e-06
4.127765825436591816e-06
4.112678879117880478e-06
4.097748244193946668e-06
4.082946440602113602e-06
4.068290995944179287e-06
4.053876206777094002e-06
4.039549947924220576e-06
4.025332380437342974e-06
4.011248057799962448e-06
3.997295968177907014e-06
3.983509615481450033e-06
3.969851685376309488e-06
3.956332720670212098e-06
3.942972115136082565e-06
3.929825765877149437e-06
3.916836163259341501e-06
3.904012082957185147e-06
3.891287741391738143e-06
3.878759602255640285e-06
3.866361842143767979e-06
3.854016282391104178e-06
3.841804985907877846e-06
3.829620347119468860e-06
3.817560763883283160e-06
3.805543500483930741e-06
3.793653415612831182e-06
3.781892863312445256e-06
3.770243796996912432e-06
3.758723487778992776e-06
3.747313933352304438e-06
3.735971731728793019e-06
3.724729848897933651e-06
3.713561872546605266e-06
3.702493865188390080e-06
3.691523872840627606e-06
3.680650913634684643e-06
3.669876369260702283e-06
3.659212168281690691e-06
3.648646716224049688e-06
3.638155199462168244e-06
3.627773818669273255e-06
3.617505353260155082e-06
3.607286378125078067e-06
3.597165053491633398e-06
3.587133169340468567e-06
3.577190364765739399e-06
3.567294978210709525e-06
3.557494020264280783e-06
3.547762432410336463e-06
3.538108705912616356e-06
3.528534390447092148e-06
3.519071710429876825e-06
3.509669284292333097e-06
3.500329676185133708e-06
3.491070895177563414e-06
3.481891338043162882e-06
3.472769789763975030e-06
3.463716455246598450e-06
3.454732539008943098e-06
3.445819190120397317e-06
3.436972769872551175e-06
3.428210935022892357e-06
3.419515784481374028e-06
3.410920894927460856e-06
3.402364812693659917e-06
3.393848471764864589e-06
3.385398168390048023e-06
3.377010787003198693e-06
3.368683932923215285e-06
3.360423182841852142e-06
3.352223451819429740e-06
3.344077336435999028e-06
3.335990710333172665e-06
3.327962489697565863e-06
3.319991393950754662e-06
3.312079138830150673e-06
3.304223630974101034e-06
3.296421694249057787e-06
3.288676907801618999e-06
3.280990243818275207e-06
3.273357759755820258e-06
3.265774867757047264e-06
3.258241371718431146e-06
3.250761932034561320e-06
3.243332618966525460e-06
3.235956310135335253e-06
3.228626876488360627e-06
3.221349126099587446e-06
3.214123595278713652e-06
3.206944869581640348e-06
3.199811280336161219e-06
3.192724475110630866e-06
3.185699485420990181e-06
3.178719279930339382e-06
3.171795668658596726e-06
3.164923546965593465e-06
3.158133227454699810e-06
3.151395175298861159e-06
3.144677128289482169e-06
3.138004460416925228e-06
3.131362381185587471e-06
3.124739413004755721e-06
3.118156967735017843e-06
3.111619208700687887e-06
3.105122321284192368e-06
3.098669713945830245e-06
3.092242288255895319e-06
3.085860693267214753e-06
3.079524676658017603e-06
3.073207973383798338e-06
3.066951408465747785e-06
3.060752137709718640e-06
3.054596292553682189e-06
3.048563283337294264e-06
3.042534921212748873e-06
3.036521247641253234e-06
3.030570509712034853e-06
3.024650542710152823e-06
3.018779452082724421e-06
3.012938286070887084e-06
3.007147033952337580e-06
3.001354583737611399e-06
2.995595317608309856e-06
2.989845600948509587e-06
2.984169081425538892e-06
2.978466067234242927e-06
2.972804466561416447e-06
2.967192764255135803e-06
2.961616488900164609e-06
2.956085131248764169e-06
2.950570775510866471e-06
2.945075794627169500e-06
2.939667236558874182e-06
2.934228127773802574e-06
2.928828705047964156e-06
2.923480164962955001e-06
2.918125397349424990e-06
2.912803438091818650e-06
2.907493196209247205e-06
2.902217765941798884e-06
2.896957150247783137e-06
2.891730502298697369e-06
2.886536791974338999e-06
2.881400495548213543e-06
2.876290573963675204e-06
2.871207133520460316e-06
2.866154435681880759e-06
2.861149205255176400e-06
2.856138505420643636e-06
2.851142861741235198e-06
2.846183730968418715e-06
2.841263797685627936e-06
2.836363663537037174e-06
2.831461843343497363e-06
2.826601697754772723e-06
2.821760476214477652e-06
2.816919077929213501e-06
2.812102329343127561e-06
2.807302452755332524e-06
2.802531534871733376e-06
2.797781438095564300e-06
2.793056418263606898e-06
2.788357255434917865e-06
2.783675960880991516e-06
2.779019560142237800e-06
2.774388666354868935e-06
2.769787822513751968e-06
2.765218082134684127e-06
2.760669043338608335e-06
2.756147875199833165e-06
2.751658127194974801e-06
2.747200253215639448e-06
2.742767460000564481e-06
2.738342207273554379e-06
2.733948301263786360e-06
2.729622115894889411e-06
2.725332585322667797e-06
2.721070873759338981e-06
2.716878830417536266e-06
2.712699407448266728e-06
2.708506243523681377e-06
2.704292743098624415e-06
2.700127555376466226e-06
2.695966098860557681e-06
2.691853633294075284e-06
2.687750183941125753e-06
2.683700177626326161e-06
2.679644494094278130e-06
2.675633988207179493e-06
2.671629550662271990e-06
2.667665171427006108e-06
2.663752653645653725e-06
2.659860868746586349e-06
2.655993836449155043e-06
2.652165111579606816e-06
2.648308394630905582e-06
2.644494514954065779e-06
2.640680284867662041e-06
2.636878093971709159e-06
2.633108698704608844e-06
2.629425100953495004e-06
2.625828890911990526e-06
2.622191026767241510e-06
2.618541249757302537e-06
2.614901908982433158e-06
2.611316565814469341e-06
2.607728348379721437e-06
2.604179598136803749e-06
2.600626737959413503e-06
2.597075628651374036e-06
2.593538775443687688e-06
2.590037487093727915e-06
2.586510843520130089e-06
2.582999011781550518e-06
2.579483556177192194e-06
2.575984413812999252e-06
2.572499452649679840e-06
2.569019626609292959e-06
2.565553264616474737e-06
2.562098752678668763e-06
2.558639341772374443e-06
2.555201457126742177e-06
2.551817628061218315e-06
2.548446578446949012e-06
2.545094619149328581e-06
2.541789343185833891e-06
2.538472342938182763e-06
2.535195767751609062e-06
2.531939492055987140e-06
2.528774548846468650e-06
2.525580449729842261e-06
2.522329675615478009e-06
2.519095086228211336e-06
2.515868130716393078e-06
2.512628317129502024e-06
2.509378278292595079e-06
2.506138402580318571e-06
2.502893670617298884e-06
2.499653219596787859e-06
2.496430221181978863e-06
2.493222482054767600e-06
2.490064082707106528e-06
2.486912196121369284e-06
2.483781909206860441e-06
2.480635407420717266e-06
2.477530273735917486e-06
2.474435101749957185e-06
2.471384089669341054e-06
2.468337194644466895e-06
2.465328516200361439e-06
2.462268477203319690e-06
2.459270170923953180e-06
2.456312626941219993e-06
2.453352758455973963e-06
2.450405561723988310e-06
2.447474588659770061e-06
2.444605533385523995e-06
2.441741695846578097e-06
2.438911024819300905e-06
2.436098955532599048e-06
2.433287982219413176e-06
2.430510671802040380e-06
2.427775967222501189e-06
2.425026425267421118e-06
2.422318173910311647e-06
2.419540460354548192e-06
2.416795094442596400e-06
2.414025095712885553e-06
2.411251224827932978e-06
2.408513078713313663e-06
2.405761916440622548e-06
2.402993848847407159e-06
2.400191492762123784e-06
2.397393916606365125e-06
2.394583011099163215e-06
2.391808611337748583e-06
2.389036515262317549e-06
2.386281343243565706e-06
2.383527870594785065e-06
2.380773195215591484e-06
2.378060189199711785e-06
2.375360226289694250e-06
2.372682186902068202e-06
2.370015800759159527e-06
2.367360654786202198e-06
2.364724555366893824e-06
2.362098236763374218e-06
2.359462879269174095e-06
2.356839541587805928e-06
2.354247630143611505e-06
2.351669729799849464e-06
2.349062068748095399e-06
2.346463293336987866e-06
2.343871384976114073e-06
2.341316637743496332e-06
2.338749998493857101e-06
2.336191939446082546e-06
2.333647128298583190e-06
2.331120361983809357e-06
2.328586176753024857e-06
2.326045578631834698e-06
2.323538615363878437e-06
2.321054577683459425e-06
2.318615170941435505e-06
2.316220916704951652e-06
2.313851529856521646e-06
2.311485952665096293e-06
2.309160411366067650e-06
2.306917244517655049e-06
2.304674029674922477e-06
2.302429616023867312e-06
2.300213878098505869e-06
2.298002639507372525e-06
2.295772427424162481e-06
2.293517577807599604e-06
2.291247265203683059e-06
2.289019839124073906e-06
2.286839670063081484e-06
2.284618827474253654e-06
2.282429657177705246e-06
2.280269966867544385e-06
2.278123217441669333e-06
2.275978120541413016e-06
2.273848569354182638e-06
2.271708231793068154e-06
2.269591417154349667e-06
2.267466516672419622e-06
2.265319925657888271e-06
2.263188384421720757e-06
2.261014724622994935e-06
2.258824637245738008e-06
2.256632922566285905e-06
2.254432812170002882e-06
2.252247772137949777e-06
2.250077546385349097e-06
2.247898537874787033e-06
2.245711687654109006e-06
2.243559324326279464e-06
2.241415488598661824e-06
2.239284139313089269e-06
2.237159019562883507e-06
2.235079422958245509e-06
2.232979503829315054e-06
2.230892022795719019e-06
2.228792150984020891e-06
2.226699829677885460e-06
2.224596229458378689e-06
2.222497762727062202e-06
2.220400033374160252e-06
2.218290965895363535e-06
2.216198190291065142e-06
2.214113833785002394e-06
2.212021604701066485e-06
2.209928424699462858e-06
2.207879875679908282e-06
2.205823972032265864e-06
2.203770911821036675e-06
2.201738191998831174e-06
2.199692537509611249e-06
2.197678589156824219e-06
2.195668736699266025e-06
2.193663727594859470e-06
2.191682225726334901e-06
2.189724095813388615e-06
2.187760090212980406e-06
2.185796845263460905e-06
2.183844826369843737e-06
2.181908569553543103e-06
2.179991676018363005e-06
2.178071220876283271e-06
2.176161188386847406e-06
2.174258809094193938e-06
2.172384097997028043e-06
2.170525276599767524e-06
2.168690037445792012e-06
2.166811355909580775e-06
2.164985415387563052e-06
2.163144006215690434e-06
2.161303544688692951e-06
2.159460375168280644e-06
2.157645617513444781e-06
2.155849278738710138e-06
2.154065330747231361e-06
2.152279048267016060e-06
2.150474154106158262e-06
2.148621956427343031e-06
2.146750402616076926e-06
2.144900209683601976e-06
2.143055097641505408e-06
2.141251757853721921e-06
2.139469035005382921e-06
2.137674262424597187e-06
2.135874660858326587e-06
2.134064607332634572e-06
2.132260547393014853e-06
2.130445873796378505e-06
2.128634248764849973e-06
2.126847249354584816e-06
2.125053268536163474e-06
2.123261378382821138e-06
2.121478564503945317e-06
2.119729770319555040e-06
2.118001423641337415e-06
2.116268066113783586e-06
2.114529352884456558e-06
2.112802994478997530e-06
2.111042942164589421e-06
2.109276514553586012e-06
2.107514168480304827e-06
2.105735241834180761e-06
2.103951918384219610e-06
2.102155041137690535e-06
2.100373129214068600e-06
2.098576730818905298e-06
2.096812213022190702e-06
2.095053719771876561e-06
2.093300347244913249e-06
2.091583391596387016e-06
2.089855399769166254e-06
2.088119154427557021e-06
2.086379845352673277e-06
2.084655997255291143e-06
2.082959642735489862e-06
2.081293490714708380e-06
2.079634763146969918e-06
2.077955367930196160e-06
2.076289609918007350e-06
2.074617400220824477e-06
2.072948203888014237e-06
2.071273871976756206e-06
2.069613785691585441e-06
2.067972988397419595e-06
2.066322555873619823e-06
2.064664787553977084e-06
2.063001672582623262e-06
2.061340726213627844e-06
2.059695574220855992e-06
2.058034704464736197e-06
2.056358774231984614e-06
2.054672354930584996e-06
2.052992346837267136e-06
2.051331757301620022e-06
2.049677214521140594e-06
2.048059556461078323e-06
2.046437991428661211e-06
2.044825858433887847e-06
2.043233013334686842e-06
2.041635110642110431e-06
2.040035681603526749e-06
2.038450698713879934e-06
2.036879587370600310e-06
2.035350831440452124e-06
2.033826084861691783e-06
2.032334709792710206e-06
2.030826011418663944e-06
2.029328132406226176e-06
2.027849256981900754e-06
2.026368404317556398e-06
2.024895993757003989e-06
2.023425775628245588e-06
2.021961545621375351e-06
2.020511930123821227e-06
2.019058199812400689e-06
2.017578973909718704e-06
2.016123173705579874e-06
2.014664941825397760e-06
2.013192591875307720e-06
2.011717436554665001e-06
2.010249960863174224e-06
2.008768482423615106e-06
2.007304342146963296e-06
2.005852249555053527e-06
2.004406276119884097e-06
2.002967717382519045e-06
2.001536215598149252e-06
2.000117751698090926e-06
1.998718547293660040e-06
1.997315105258458100e-06
1.995904503118403084e-06
1.994498718527090320e-06
1.993074241223051804e-06
1.991647569276535286e-06
1.990208017929104284e-06
1.988800887603883943e-06
1.987374187708803399e-06
1.985947821007889320e-06
1.984516243840125356e-06
1.983124145661823622e-06
1.981719929145137607e-06
1.980314274677838349e-06
1.978910084341873473e-06
1.977525026031435573e-06
1.976134223073804701e-06
1.974749672571725745e-06
1.973362094745581650e-06
1.971971064482084981e-06
1.970585404558459645e-06
1.969190806612432804e-06
1.967788686856626302e-06
1.966392211093150908e-06
1.964989900570800286e-06
1.963590245236669699e-06
1.962207123058144297e-06
1.960825126853783182e-06
1.959436526641272100e-06
1.958062894542447749e-06
1.956690807383483204e-06
1.955308667173158455e-06
1.953936164183517252e-06
1.952547644705347603e-06
1.951171611035641123e-06
1.949787771678503201e-06
1.948416472039217506e-06
1.947049896923927764e-06
1.945696789681487516e-06
1.944336186472857348e-06
1.942978861886800452e-06
1.941615076510168179e-06
1.940257242580654624e-06
1.938904799267793618e-06
1.937570563559945035e-06
1.936225018250683319e-06
1.934883691579634513e-06
1.933548989791655559e-06
1.932223689205882119e-06
1.930907121963639641e-06
1.929587975919050887e-06
1.928282155578415071e-06
1.926982530101733613e-06
1.925679388577235403e-06
1.924368672487076575e-06
1.923060536425109585e-06
1.921737989083634987e-06
1.920426689079628725e-06
1.919105100936937286e-06
1.917779562294919783e-06
1.916451176042787991e-06
1.915125646956356266e-06
1.913814280820331845e-06
1.912498640277089090e-06
1.911185674789353319e-06
1.909879262205669840e-06
1.908568177873658900e-06
1.907278045395425703e-06
1.905987146892092142e-06
1.904683752395370295e-06
1.903389339916522720e-06
1.902102013486456701e-06
1.900819623757485053e-06
1.899523968288901021e-06
1.898255724883147685e-06
1.896993661144131114e-06
1.895723910548657789e-06
1.894442861651853227e-06
1.893166316141234202e-06
1.891886978149922110e-06
1.890606962665752654e-06
1.889330950477813082e-06
1.888068069989614720e-06
1.886801729715069350e-06
1.885540009484694872e-06
1.884283758011819348e-06
1.883017819876079149e-06
1.881751337694172622e-06
1.880489447311415242e-06
1.879227441166287663e-06
1.877973353809497808e-06
1.876718466744925700e-06
1.875476719561888007e-06
1.874241904609171012e-06
1.873000471741740840e-06
1.871777847929405864e-06
1.870547745736202925e-06
1.869317693099651052e-06
1.868095612970692263e-06
1.866877493159782664e-06
1.865662377587262115e-06
1.864443885415651504e-06
1.863227780455804717e-06
1.862015338841103369e-06
1.860816449204769254e-06
1.859601744008502863e-06
1.858388611778859233e-06
1.857181695834067803e-06
1.855972342489100899e-06
1.854760675783987630e-06
1.853549762488279774e-06
1.852346805702313018e-06
1.851151085012952055e-06
1.849957190976384832e-06
1.848777275744532673e-06
1.847591677903025727e-06
1.846405564952863232e-06
1.845211590899790859e-06
1.844016824240211646e-06
1.842822622732162007e-06
1.841633315040261291e-06
1.840447326377797163e-06
1.839277864660186238e-06
1.838095364832054804e-06
1.836942510343470361e-06
1.835782878350211068e-06
1.834635855904999774e-06
1.833478524034103158e-06
1.832330812766983441e-06
1.831196052145720172e-06
1.830060754214454554e-06
1.828934063552068098e-06
1.827805340364623110e-06
1.826689772847654432e-06
1.825567036679106551e-06
1.824456470450497358e-06
1.823332769223335213e-06
1.822215775608440754e-06
1.821080740621476368e-06
1.819947804436965361e-06
1.818813185485893388e-06
1.817695101271091936e-06
1.816576764851259952e-06
1.815465706140923126e-06
1.814347218849734040e-06
1.813220104001240837e-06
1.812101521204026195e-06
1.810982023358865216e-06
1.809874395157123766e-06
1.808753726839703369e-06
1.807655058139111710e-06
1.806552531360032052e-06
1.805460247721925987e-06
1.804364016393247488e-06
1.803277917271688993e-06
1.802191701780998625e-06
1.801118225705848586e-06
1.800046369939405158e-06
1.798985715309050782e-06
1.797919569959234657e-06
1.796853793077359196e-06
1.795792696162345089e-06
1.794747045457614872e-06
1.793698293129703114e-06
1.792656952634823157e-06
1.791619175476622604e-06
1.790582277249241600e-06
1.789545402909604678e-06
1.788499976767253058e-06
1.787453866123436394e-06
1.786409941200971607e-06
1.785369578943621871e-06
1.784337562726085429e-06
1.783307249639929446e-06
1.782290701062896334e-06
1.781270828504604474e-06
1.780249548385791609e-06
1.779230130325742693e-06
1.778219528163214440e-06
1.777197476047923491e-06
1.776182100385701225e-06
1.775169623638345617e-06
1.774162353751881513e-06
1.773149614518489614e-06
1.772140934446597472e-06
1.771130523435321727e-06
1.770130480343399257e-06
1.769136601908152122e-06
1.768129523856775210e-06
1.767129071038082483e-06
1.766125523966619029e-06
1.765123567613205785e-06
1.764114447846587590e-06
1.763123672792935925e-06
1.762132983938545048e-06
1.761149774059258522e-06
1.760168148449361113e-06
1.759198450759708422e-06
1.758210115266066296e-06
1.757222290914857261e-06
1.756234179574622085e-06
1.755256532180969041e-06
1.754275849468792330e-06
1.753297587216685049e-06
1.752322582798501460e-06
1.751350260564342966e-06
1.750385600064654097e-06
1.749406319281850300e-06
1.748426942621447710e-06
1.747454439507592331e-06
1.746484756225550368e-06
1.745518204938251645e-06
1.744556902365838755e-06
1.743589635490808064e-06
1.742619848009268077e-06
1.741661480919743541e-06
1.740713379085508455e-06
1.739778991659473778e-06
1.738847728886972139e-06
1.737924916288470708e-06
1.737006269649613105e-06
1.736094322990070909e-06
1.735178239825306627e-06
1.734261994560307901e-06
1.733350347083863443e-06
1.732446553970647157e-06
1.731540209551005225e-06
1.730640789795009925e-06
1.729741570115500308e-06
1.728847460365639636e-06
1.727958681816433620e-06
1.727075997682687395e-06
1.726196464698187206e-06
1.725303770583650105e-06
1.724426695425383671e-06
1.723547310653894805e-06
1.722680094680801290e-06
1.721803170080000816e-06
1.720929574734674909e-06
1.720071195288322250e-06
1.719220018345821924e-06
1.718373041620557375e-06
1.717521304868397509e-06
1.716669198050150579e-06
1.715814646800222017e-06
1.714955750094710659e-06
1.714109289756324562e-06
1.713256704907369683e-06
1.712405735974690189e-06
1.711554207706103669e-06
1.710707990900348759e-06
1.709861565361898161e-06
1.709024842207894895e-06
1.708176395023037429e-06
1.707340505988346226e-06
1.706494816599638687e-06
1.705646428069491526e-06
1.704795258655724967e-06
1.703945502810063132e-06
1.703104852322600620e-06
1.702267169981996222e-06
1.701427652649455592e-06
1.700611307005304447e-06
1.699783769774272293e-06
1.698970338436369068e-06
1.698151924512990033e-06
1.697334358666919807e-06
1.696508856702950864e-06
1.695673183344293212e-06
1.694840332989114718e-06
1.693999115925325335e-06
1.693176049232102472e-06
1.692360063993751930e-06
1.691548249513529425e-06
1.690738328771939963e-06
1.689914713518660740e-06
1.689089809862733591e-06
1.688267706671222106e-06
1.687439285919806234e-06
1.686598538868259664e-06
1.685745630849313736e-06
1.684898888251144788e-06
1.684062345640035025e-06
1.683227344846087783e-06
1.682391861576715504e-06
1.681557412589681057e-06
1.680728288625767586e-06
1.679909893748383674e-06
1.679087584023772198e-06
1.678265151185320001e-06
1.677444728467688040e-06
1.676641145900111243e-06
1.675845412601907007e-06
1.675050861301608958e-06
1.674262157755670545e-06
1.673482019274111766e-06
1.672711916646866690e-06
1.671941685045537708e-06
1.671173888915481174e-06
1.670410705634914195e-06
1.669659005309232380e-06
1.668912844030938964e-06
1.668164543902009825e-06
1.667418568562410532e-06
1.666691582904574462e-06
1.665956055013310229e-06
1.665235939898896973e-06
1.664491881853912329e-06
1.663758630571884588e-06
1.663025820794078844e-06
1.662296348713635889e-06
1.661562478558071839e-06
1.660826119309211105e-06
1.660083515841044019e-06
1.659345320686492473e-06
1.658607700236268057e-06
1.657866121201833412e-06
1.657124085709874173e-06
1.656371922109824954e-06
1.655633271464391283e-06
1.654891470972062848e-06
1.654161311914112161e-06
1.653420895777068670e-06
1.652673684988020004e-06
1.651925533118337906e-06
1.651178936546398294e-06
1.650431921110880182e-06
1.649699382955234144e-06
1.648962101301935338e-06
1.648230970802001772e-06
1.647493449499614504e-06
1.646760248204608494e-06
1.646020422848713421e-06
1.645284253981970056e-06
1.644550505825321823e-06
1.643812842129302160e-06
1.643075429772787024e-06
1.642338163638656682e-06
1.641611910698353982e-06
1.640878044492998174e-06
1.640143074250623022e-06
1.639395352019215369e-06
1.638654998767359226e-06
1.637923641927578281e-06
1.637185356507479885e-06
1.636450146139279659e-06
1.635718446109987082e-06
1.634983799342796997e-06
1.634261010731321241e-06
1.633533472404414595e-06
1.632817298926998070e-06
1.632094229207997344e-06
1.631374516382021864e-06
1.630651810470828989e-06
1.629929436607617288e-06
1.629195536866061235e-06
1.628465214188185071e-06
1.627730277040153097e-06
1.626997212702759197e-06
1.626262631700792358e-06
1.625521761677161120e-06
1.624782337076763289e-06
1.624047040559001084e-06
1.623320560652180456e-06
1.622600119054970578e-06
1.621875980997435920e-06
1.621148432139831545e-06
1.620414017770077995e-06
1.619681398316105282e-06
1.618934432632830638e-06
1.618198431291338197e-06
1.617471667698730822e-06
1.616736637592635853e-06
1.616016189223325987e-06
1.615288934109966375e-06
1.614569114622433214e-06
1.613846642707819599e-06
1.613117840117128121e-06
1.612392746912883574e-06
1.611670695503808485e-06
1.610949480917027755e-06
1.610232125365045596e-06
1.609532382962097872e-06
1.608824610314041141e-06
1.608118206766780685e-06
1.607415013870922445e-06
1.606706474781398468e-06
1.606009848210438451e-06
1.605315315886355687e-06
1.604614383209382558e-06
