2.272724000000041905e-04
1.860097618748642501e-04
1.530991631540549558e-04
1.348136025339870714e-04
1.205959226333954174e-04
1.107695987703042224e-04
1.025531447075365271e-04
9.605616132794689505e-05
9.079052392763905599e-05
8.650972082936003596e-05
8.290542111251957707e-05
8.099163281270339962e-05
7.962853370220609041e-05
7.757324624003821771e-05
7.602712791061835851e-05
7.413043729165031542e-05
7.235148862283866816e-05
7.076769859691749219e-05
6.924806435791392106e-05
6.799151340094611187e-05
6.669648195911167144e-05
6.581368014367312716e-05
6.468583569928221776e-05
6.367315237766648620e-05
6.270419373269092884e-05
6.180065106119052613e-05
6.103331142779649791e-05
6.035740731874239269e-05
5.978411000861253929e-05
5.919897061173732313e-05
5.867444274439408570e-05
5.821809871462465397e-05
5.768578588343942773e-05
5.717225554797701311e-05
5.672319224999668955e-05
5.615679753798560647e-05
5.570783696286376154e-05
5.520491678890174122e-05
5.474978371627315998e-05
5.429491547960180669e-05
5.386789596122707575e-05
5.351588871755652181e-05
5.319669994832020759e-05
5.292035506211137353e-05
5.265965667198212289e-05
5.238285598753579075e-05
5.222521075833878905e-05
5.208090519222993801e-05
5.187487098061718344e-05
5.165739707928037591e-05
5.144959465655529491e-05
5.129388121560864698e-05
5.117776238864367238e-05
5.106923203588793531e-05
5.099724147612179944e-05
5.090174208787034662e-05
5.076046354770782270e-05
5.059153007607316107e-05
5.041681355053725358e-05
5.026685836820654683e-05
5.010117952895313241e-05
4.994879615313694421e-05
4.982479784757238141e-05
4.970393363312192593e-05
4.958167210059861681e-05
4.948916142903647935e-05
4.935433310096862416e-05
4.923175731223327912e-05
4.910238031734615001e-05
4.896440539162864641e-05
4.880985009184794809e-05
4.865250650539947920e-05
4.849033283911814918e-05
4.830602335285562744e-05
4.811034505778443408e-05
4.790764114474677088e-05
4.773220723306276475e-05
4.756883126708288744e-05
4.741579189834273678e-05
4.727042560735505674e-05
4.712123128065568350e-05
4.695729865316082048e-05
4.678830413475554718e-05
4.665504787981388966e-05
4.651267898334743588e-05
4.636930872202791833e-05
4.621019160198615522e-05
4.605046607907250697e-05
4.587761264428092935e-05
4.571982911262138707e-05
4.554953114413123438e-05
4.537398941996161815e-05
4.520740412820357414e-05
4.504291138102984183e-05
4.488113456093043144e-05
4.471230868525482872e-05
4.454009254974074282e-05
4.436634150215123254e-05
4.419410760962545851e-05
4.401854748612261069e-05
4.383498222310883103e-05
4.364648684817334294e-05
4.346490792620574399e-05
4.328720226316050575e-05
4.311417684626715730e-05
4.293542573282094638e-05
4.276220262138202241e-05
4.258734697526730869e-05
4.241640316219111984e-05
4.225089069902607426e-05
4.208866567723027163e-05
4.192098704895469446e-05
4.176049114961588463e-05
4.160030442072524230e-05
4.144566906867137049e-05
4.128574538772618053e-05
4.113054903061933576e-05
4.097410692237045063e-05
4.081914573357836595e-05
4.066139729123317847e-05
4.050762421491839872e-05
4.035253937347748422e-05
4.020234716725670619e-05
4.005223680375805530e-05
3.991177575007254154e-05
3.977204134924918405e-05
3.963443072113120657e-05
3.949820432463417092e-05
3.936191353206192528e-05
3.922763640132213224e-05
3.909543395823239688e-05
3.896836821688889522e-05
3.884086841990936202e-05
3.871517066033882483e-05
3.859163866078234420e-05
3.847423589485978249e-05
3.835741174129234565e-05
3.823774741965990220e-05
3.812303708306369164e-05
3.801883349234719039e-05
3.791419466306016994e-05
3.780155904517802206e-05
3.769571293139234501e-05
3.759152381298198263e-05
3.748007656864317012e-05
3.736877243246775228e-05
3.725741397153469722e-05
3.714838307349018290e-05
3.703933930100785851e-05
3.693442048196818241e-05
3.683123289780855568e-05
3.673166717574688424e-05
3.663066208786801059e-05
3.652783355627013456e-05
3.642680043053730775e-05
3.632485041568955548e-05
3.622423266080055526e-05
3.612627291146325726e-05
3.602738439378281476e-05
3.592859572143223862e-05
3.583279257795224870e-05
3.574114031498307767e-05
3.564965522202345836e-05
3.556065279349312824e-05
3.546892680541543992e-05
3.537949417321057299e-05
3.529077880000066101e-05
3.520159304531671608e-05
3.511498188867476721e-05
3.503126142362300105e-05
3.494960564793085509e-05
3.487068694638257302e-05
3.479600118453493634e-05
3.471715102992690006e-05
3.463884112211342296e-05
3.456175454964746457e-05
3.448431450548756138e-05
3.440222104110266492e-05
3.431658039997618933e-05
3.423436728298953532e-05
3.414982316311972031e-05
3.406628576469682677e-05
3.398249458504848126e-05
3.390174873485085914e-05
3.381967824569552387e-05
3.373801650719709971e-05
3.365472995962884127e-05
3.357142922306172324e-05
3.348714949308184013e-05
3.340639417088002981e-05
3.332618794572512387e-05
3.324626936949046492e-05
3.316622429733240339e-05
3.308677020697953545e-05
3.300958035298943587e-05
3.293456839433902839e-05
3.286021872481312349e-05
3.278679545652705746e-05
3.271460324660167065e-05
3.264417121529715634e-05
3.257420038133076063e-05
3.250434839884969965e-05
3.243508737522374561e-05
3.236424234484187743e-05
3.229353799644245045e-05
3.222507598108631521e-05
3.215885387921776602e-05
3.209252149270123256e-05
3.202696913304135627e-05
3.196144598734787680e-05
3.189483608482031075e-05
3.182738647689297437e-05
3.176257551730677649e-05
3.169644106028552609e-05
3.163222634946818551e-05
3.157025424950859023e-05
3.150846240021131856e-05
3.144684088896510454e-05
3.138636963625128192e-05
3.132719802964371544e-05
3.126898770049205904e-05
3.121084874478233576e-05
3.115303312368223476e-05
3.109671534945942519e-05
3.104353547496614685e-05
3.099454337082563761e-05
3.094296496826201017e-05
3.089099299951687311e-05
3.084136458667353952e-05
3.079186239755713145e-05
3.074244727197542943e-05
3.069516705877531148e-05
3.064743805237279045e-05
3.060005269846314538e-05
3.055107334404174295e-05
3.050055327087206864e-05
3.045215837880096876e-05
3.040289089601918605e-05
3.035546819914522517e-05
3.030627030624207473e-05
3.025722957467997062e-05
3.020784657489978577e-05
3.015955129972150149e-05
3.011152936142098355e-05
3.006209414044625004e-05
3.001376046699525530e-05
2.996333518236296871e-05
2.991375112804576134e-05
2.986390367642180785e-05
2.981399211549647037e-05
2.976276158670892007e-05
2.971144687371835502e-05
2.966043175917128312e-05
2.960993208297942351e-05
2.955971806458245073e-05
2.951083100338470323e-05
2.946225480256586726e-05
2.941362272112367745e-05
2.936353213091175265e-05
2.931514549154291241e-05
2.926619199158565860e-05
2.921868867031233245e-05
2.917207357060168247e-05
2.912627952415900584e-05
2.908074789613250579e-05
2.903433709219375484e-05
2.898738765732126782e-05
2.893975888697180305e-05
2.889211930572183041e-05
2.884643836374843238e-05
2.879921690722306521e-05
2.875163057008721376e-05
2.870474495554643316e-05
2.865804797040946678e-05
2.861095925723837209e-05
2.856379534759678063e-05
2.851530805610511760e-05
2.846681803045497729e-05
2.841927955647324314e-05
2.837115322326663812e-05
2.832344849105332621e-05
2.827568363828101791e-05
2.822794998265120805e-05
2.818049155102647673e-05
2.813359727786455007e-05
2.808700436687320344e-05
2.804023101192548302e-05
2.799393863057830954e-05
2.794735883602290932e-05
2.790160655124399754e-05
2.785607954205989847e-05
2.781059815285660467e-05
2.776493048134969231e-05
2.771924414560515424e-05
2.767385442052054887e-05
2.762802056919240690e-05
2.758246151620950717e-05
2.753680870902221563e-05
2.749129852470706483e-05
2.744596430443531606e-05
2.740067930121231840e-05
2.735601079093243152e-05
2.731139346481306857e-05
2.726696858217862713e-05
2.722272337107574467e-05
2.717856464512369359e-05
2.713460038985772148e-05
2.709070082603991803e-05
2.704702021720969184e-05
2.700337744429427662e-05
2.695999662727179927e-05
2.691690090191570481e-05
2.687415795156194596e-05
2.683148754846237816e-05
2.678904226158942435e-05
2.674686769034027430e-05
2.670482876674811057e-05
2.666301057367167051e-05
2.662120501149346005e-05
2.657966061423388643e-05
2.653841830037982714e-05
2.649733832070444984e-05
2.645645181108996049e-05
2.641584633110638313e-05
2.637537016350457520e-05
2.633492846213792086e-05
2.629464322637738334e-05
2.625456896720538424e-05
2.621464600030368219e-05
2.617490306679020191e-05
2.613533521812225221e-05
2.609596655197228202e-05
2.605698342349427617e-05
2.601818416681057298e-05
2.597945486890197088e-05
2.594082656483086150e-05
2.590236324751959515e-05
2.586402945299388532e-05
2.582585964619959302e-05
2.578785405380193874e-05
2.575002982939316945e-05
2.571238083732021014e-05
2.567494901371636482e-05
2.563762220408647322e-05
2.560053889743984463e-05
2.556358287174021843e-05
2.552678673675186230e-05
2.549020872240659487e-05
2.545372620457535444e-05
2.541746137283676290e-05
2.538135477438880448e-05
2.534540716992943115e-05
2.530954414676546912e-05
2.527394889256942497e-05
2.523852727453835328e-05
2.520330585311438980e-05
2.516824522682664848e-05
2.513353817581036160e-05
2.509886786615443576e-05
2.506431368655903050e-05
2.502994890831802425e-05
2.499564091427537040e-05
2.496153109479513961e-05
2.492763757078293935e-05
2.489386891983233377e-05
2.486041588574487818e-05
2.482691452604552867e-05
2.479362189778226225e-05
2.476075812480416576e-05
2.472800299672650153e-05
2.469509703355349435e-05
2.466251942089839821e-05
2.462996011215517878e-05
2.459756729941609715e-05
2.456519750384061649e-05
2.453303676606244428e-05
2.450123670081606360e-05
2.446958840187242451e-05
2.443789081571597882e-05
2.440643330359158815e-05
2.437495634583420370e-05
2.434357082056092447e-05
2.431226961924660025e-05
2.428102690398065068e-05
2.425006398560450394e-05
2.421948684051110779e-05
2.418892730209674547e-05
2.415823453723535110e-05
2.412781962077208838e-05
2.409746364445499215e-05
2.406736513778878102e-05
2.403724632385814816e-05
2.400721110110052060e-05
2.397733635294362997e-05
2.394755154107557348e-05
2.391776710974909980e-05
2.388823042677616624e-05
2.385881497597999251e-05
2.382967460561484087e-05
2.380046519273797424e-05
2.377141466103142628e-05
2.374207365832743416e-05
2.371284204963549299e-05
2.368373934981198806e-05
2.365456113237563254e-05
2.362550682973492083e-05
2.359655114276848712e-05
2.356766169062707146e-05
2.353891903372054887e-05
2.351026526689047136e-05
2.348167675734560243e-05
2.345316227116369697e-05
2.342477282966176161e-05
2.339650224930663901e-05
2.336830090021217395e-05
2.334020254462091038e-05
2.331220067011305377e-05
2.328430395619397430e-05
2.325650724545421966e-05
2.322882047184165650e-05
2.320128074419203733e-05
2.317386349728112790e-05
2.314651998491875533e-05
2.311937100983726948e-05
2.309233687296739283e-05
2.306539186180629942e-05
2.303858821476348985e-05
2.301197154693904019e-05
2.298534101552891299e-05
2.295874737976437197e-05
2.293221577722450816e-05
2.290570644483693632e-05
2.287931818811890137e-05
2.285299737801748361e-05
2.282673722450552774e-05
2.280056398808373523e-05
2.277457850644962222e-05
2.274861190350233782e-05
2.272281131905863123e-05
2.269710352214856936e-05
2.267144815804581336e-05
2.264588063845030278e-05
2.262041313817090784e-05
2.259512778249997398e-05
2.256995017839910351e-05
2.254493149119941349e-05
2.251988078589808978e-05
2.249501777342809868e-05
2.247027401994386800e-05
2.244572353992908760e-05
2.242127640176848864e-05
2.239681177890478510e-05
2.237241116909620563e-05
2.234805096562335723e-05
2.232366569740234637e-05
2.229941591702171405e-05
2.227517547936848927e-05
2.225111419207565709e-05
2.222709836419219407e-05
2.220318818296163565e-05
2.217930470880302547e-05
2.215551954049157138e-05
2.213176445005748391e-05
2.210816838172555393e-05
2.208463184442005059e-05
2.206121080581970758e-05
2.203781939607532303e-05
2.201456516539693049e-05
2.199124614526331420e-05
2.196796384426404655e-05
2.194476485674480871e-05
2.192154789667891913e-05
2.189847261240796900e-05
2.187539103099234196e-05
2.185239842645466716e-05
2.182949807962480991e-05
2.180672164773251516e-05
2.178406116796366917e-05
2.176147460291495559e-05
2.173904324403524112e-05
2.171667613624316177e-05
2.169437443618723853e-05
2.167221989480742585e-05
2.165016108861225842e-05
2.162818072820966718e-05
2.160630145555088313e-05
2.158436697406069946e-05
2.156256731792236377e-05
2.154083950724737336e-05
2.151926396823233828e-05
2.149761279848696333e-05
2.147597119843295814e-05
2.145454467996319264e-05
2.143314292154656239e-05
2.141174994346365136e-05
2.139032495194538065e-05
2.136895898003591732e-05
2.134769803343391522e-05
2.132644853601078141e-05
2.130521837374825981e-05
2.128413805426237972e-05
2.126309060524255327e-05
2.124212583919855607e-05
2.122130134715783138e-05
2.120044420714126845e-05
2.117970029630238745e-05
2.115897740347920007e-05
2.113833436766219973e-05
2.111778206525275221e-05
2.109732282515082576e-05
2.107684268115632298e-05
2.105647309098532835e-05
2.103618428303844442e-05
2.101605344079391459e-05
2.099592939629687269e-05
2.097588261315644161e-05
2.095588239083381017e-05
2.093590154998676645e-05
2.091605147512951875e-05
2.089617215769499863e-05
2.087629815833716974e-05
2.085650188360389836e-05
2.083679718411817473e-05
2.081702531304777408e-05
2.079739456520688336e-05
2.077781907957219087e-05
2.075845789391093566e-05
2.073915074509685816e-05
2.072000756299624113e-05
2.070083486378215278e-05
2.068177851563967422e-05
2.066272696302204323e-05
2.064369457904892817e-05
2.062470795815222658e-05
2.060566443151336567e-05
2.058667700236021430e-05
2.056781470768113130e-05
2.054900158187701687e-05
2.053017898461534187e-05
2.051140739967379786e-05
2.049273678354198973e-05
2.047424842231756545e-05
2.045577391302659981e-05
2.043728601881454656e-05
2.041889186630461444e-05
2.040055329089892106e-05
2.038220544320473105e-05
2.036381953852068650e-05
2.034549460063334364e-05
2.032721615041607814e-05
2.030891348065536151e-05
2.029066874279213746e-05
2.027247409412618898e-05
2.025432626836598535e-05
2.023627490292975622e-05
2.021826231107570464e-05
2.020031086873700887e-05
2.018234779290482814e-05
2.016448093907007187e-05
2.014658412396891723e-05
2.012868351238190809e-05
2.011082072436733194e-05
2.009305972655711027e-05
2.007537857497344974e-05
2.005776559803326424e-05
2.004017563204963921e-05
2.002266259065155107e-05
2.000518305928912789e-05
1.998780670904810042e-05
1.997043857091688118e-05
1.995316107991545519e-05
1.993590595539250374e-05
1.991866082735892668e-05
1.990142841626116768e-05
1.988420932933439547e-05
1.986701959010189788e-05
1.984988482908947317e-05
1.983283350610560243e-05
1.981582970360099268e-05
1.979886881549293711e-05
1.978192273336356650e-05
1.976504027872066438e-05
1.974822811018441917e-05
1.973142027876182965e-05
1.971468244622038904e-05
1.969797016815720710e-05
1.968126943544970346e-05
1.966457683287318125e-05
1.964794834724519201e-05
1.963135081038145182e-05
1.961477679033887215e-05
1.959825321124407746e-05
1.958177217356324052e-05
1.956533421950046374e-05
1.954891975056326421e-05
1.953256637448675444e-05
1.951627113476103658e-05
1.949999370383447589e-05
1.948376412683495363e-05
1.946755367233725829e-05
1.945140456434266279e-05
1.943526784566434849e-05
1.941920534781048385e-05
1.940317654830369694e-05
1.938715839411581240e-05
1.937116270871184475e-05
1.935520495436315327e-05
1.933928372333523700e-05
1.932340204413610267e-05
1.930755679546736789e-05
1.929176351724881699e-05
1.927599776547210908e-05
1.926026867509722079e-05
1.924458135146765129e-05
1.922893095148858975e-05
1.921331979991092534e-05
1.919774469359516965e-05
1.918220732247541757e-05
1.916670680401112782e-05
1.915125101239303058e-05
1.913585439120133832e-05
1.912048164995384461e-05
1.910513415900562194e-05
1.908982966684094574e-05
1.907456483556979642e-05
1.905933450906977130e-05
1.904415665742892428e-05
1.902902562771870083e-05
1.901394943264471906e-05
1.899890251720500318e-05
1.898392714686073757e-05
1.896897707619576482e-05
1.895407407898138478e-05
1.893925518774124811e-05
1.892444232267554056e-05
1.890963170680915088e-05
1.889482065572299597e-05
1.888006677098382478e-05
1.886532682631142960e-05
1.885060767058654286e-05
1.883590989172573098e-05
1.882123740570298775e-05
1.880660522579373622e-05
1.879199815779461496e-05
1.877744760860531505e-05
1.876291913890226811e-05
1.874843545984758767e-05
1.873396734479284892e-05
1.871952957755462120e-05
1.870512468346985228e-05
1.869075447114060446e-05
1.867642769277680598e-05
1.866213222708615820e-05
1.864786675700075324e-05
1.863364455216546834e-05
1.861944222823364245e-05
1.860526679101288835e-05
1.859112424118797771e-05
1.857701690021958490e-05
1.856294117007259138e-05
1.854890206182032699e-05
1.853488732320541656e-05
1.852090486807413176e-05
1.850695443424135240e-05
1.849303769678958904e-05
1.847915160396569286e-05
1.846529449908257777e-05
1.845146806101329454e-05
1.843767644082674288e-05
1.842391186746816090e-05
1.841018121221795552e-05
1.839647846452690762e-05
1.838280587715747404e-05
1.836916393692074331e-05
1.835555319112874498e-05
1.834197858306886274e-05
1.832844776819741986e-05
1.831493793453685238e-05
1.830145904048197328e-05
1.828801733265266583e-05
1.827459112834470717e-05
1.826120214119372723e-05
1.824784433536444906e-05
1.823453455220728638e-05
1.822123588449752965e-05
1.820796628077774021e-05
1.819474430953440511e-05
1.818155507000294215e-05
1.816841143026962386e-05
1.815531648511414873e-05
1.814226839966250106e-05
1.812926373786607876e-05
1.811629921938852841e-05
1.810344304470451631e-05
1.809051969574245554e-05
1.807762998584130888e-05
1.806477863909767173e-05
1.805194576337519494e-05
1.803914948430217915e-05
1.802635038776275616e-05
1.801358311759325537e-05
1.800084490110123804e-05
1.798817251020463936e-05
1.797551409936215454e-05
1.796286986670139003e-05
1.795023018932352405e-05
1.793763311051625053e-05
1.792505566335959801e-05
1.791255676905501100e-05
1.790007577560996351e-05
1.788760270278212853e-05
1.787514879103360585e-05
1.786272844936212973e-05
1.785030896154522813e-05
1.783790224340126292e-05
1.782550534109821056e-05
1.781309805956801396e-05
1.780072128202487948e-05
1.778837364118432391e-05
1.777603640594241263e-05
1.776372796894858932e-05
1.775143948119730400e-05
1.773917830882745463e-05
1.772694001802354048e-05
1.771471441963453852e-05
1.770251249158403262e-05
1.769034231491251857e-05
1.767819637343307764e-05
1.766607591029374362e-05
1.765400388837433393e-05
1.764195369652642038e-05
1.762994252328286047e-05
1.761795944672508920e-05
1.760598333335726756e-05
1.759403205259720083e-05
1.758209259068149242e-05
1.757018714967670966e-05
1.755831260149585347e-05
1.754646763393197538e-05
1.753464316041259110e-05
1.752286381858994682e-05
1.751109558171428160e-05
1.749936973190062653e-05
1.748766152132368850e-05
1.747594637703566160e-05
1.746426473011121583e-05
1.745261250280821620e-05
1.744096343405302139e-05
1.742932294640265760e-05
1.741772790700830582e-05
1.740615480856223576e-05
1.739461851147005775e-05
1.738310383976667293e-05
1.737157781617762941e-05
1.736007481005334775e-05
1.734859388489570902e-05
1.733713332512652308e-05
1.732570732334810722e-05
1.731429679484764407e-05
1.730290229531966211e-05
1.729153003126509817e-05
1.728018018030248547e-05
1.726885279535562501e-05
1.725754858067488534e-05
1.724626626466345546e-05
1.723500616553411057e-05
1.722376796670141888e-05
1.721255103368169709e-05
1.720135645782214890e-05
1.719019352896434489e-05
1.717904265627346111e-05
1.716791370456010915e-05
1.715680612333510326e-05
1.714572604902373128e-05
1.713466488235218689e-05
1.712363032333498526e-05
1.711261384211349679e-05
1.710162200252110808e-05
1.709065439581454877e-05
1.707970143385619926e-05
1.706877151654121887e-05
1.705785619693008930e-05
1.704696488497268742e-05
1.703609063039004801e-05
1.702523617179680737e-05
1.701440243996973938e-05
1.700358934550475363e-05
1.699279778048166969e-05
1.698202579986936612e-05
1.697127739277418026e-05
1.696055301686997876e-05
1.694984845518661493e-05
1.693917614061508548e-05
1.692852586355723599e-05
1.691788384903024714e-05
1.690725807775224590e-05
1.689666572605678924e-05
1.688609134094364248e-05
1.687554354922976525e-05
1.686500192592457414e-05
1.685450352052745950e-05
1.684400922779997827e-05
1.683353821378227757e-05
1.682308265613535893e-05
1.681264555893815173e-05
1.680222257145262780e-05
1.679181356396412092e-05
1.678142140453727649e-05
1.677104758883227791e-05
1.676069390451926869e-05
1.675036254205817298e-05
1.674004513007603290e-05
1.672974719405723569e-05
1.671946801526897900e-05
1.670920801544950937e-05
1.669896695773971388e-05
1.668874443950872877e-05
1.667854104643152907e-05
1.666835576243470301e-05
1.665818995179329346e-05
1.664804956638544754e-05
1.663792229553134934e-05
1.662781150015768541e-05
1.661771893450189033e-05
1.660765045943772482e-05
1.659759461487619742e-05
1.658756342412454063e-05
1.657755332865543113e-05
1.656755797597959457e-05
1.655757768964107217e-05
1.654761998528403105e-05
1.653767948011547110e-05
1.652775614972407895e-05
1.651785008495408060e-05
1.650795785738650630e-05
1.649808172887758231e-05
1.648822549922821632e-05
1.647838621914086724e-05
1.646856319662836385e-05
1.645875927033423468e-05
1.644897183072174414e-05
1.643920198534113488e-05
1.642945256345562492e-05
1.641971815825348023e-05
1.641000038345740268e-05
1.640029925272662526e-05
1.639061559635189610e-05
1.638094919870709389e-05
1.637129968406533036e-05
1.636166693435647392e-05
1.635205107315981942e-05
1.634245198204785176e-05
1.633287078075727988e-05
1.632330617376443485e-05
1.631375784675172412e-05
1.630422753489966909e-05
1.629471258490431179e-05
1.628522089710237182e-05
1.627574473220667851e-05
1.626628440351850008e-05
1.625684993765100594e-05
1.624742543065454704e-05
1.623801491727763454e-05
1.622862079278726034e-05
1.621924487328272447e-05
1.620989355717031359e-05
1.620055438631660215e-05
1.619123123063033405e-05
1.618192747742353306e-05
1.617264348993431171e-05
1.616339059725841259e-05
1.615415621633626176e-05
1.614493119083939277e-05
1.613572523068330803e-05
1.612653262748989800e-05
1.611734725745748466e-05
1.610818572921188572e-05
1.609902756154483601e-05
1.608989759126703406e-05
1.608079410199504935e-05
1.607169332710741547e-05
1.606260758110213230e-05
1.605355338471489688e-05
1.604451729757370795e-05
1.603549181182204641e-05
1.602647575952896323e-05
1.601748613018572366e-05
1.600851646774777661e-05
1.599956274001095895e-05
1.599064497692889481e-05
1.598172530413918542e-05
1.597282439293659838e-05
1.596395161394961339e-05
1.595508067177749134e-05
1.594620830343444748e-05
1.593734537135269881e-05
1.592851180807486808e-05
1.591966892971103214e-05
1.591082830921811212e-05
1.590199396868211023e-05
1.589317717731788664e-05
1.588437526154531373e-05
1.587558641246860185e-05
1.586681776910279745e-05
1.585805789707263720e-05
1.584931635651927912e-05
1.584058174506618944e-05
1.583186173196422946e-05
1.582315619129623577e-05
1.581446200239921253e-05
1.580578305027604091e-05
1.579711561904981393e-05
1.578846240813464575e-05
1.577982326791523086e-05
1.577119848516476844e-05
1.576259126726737469e-05
1.575399995631593790e-05
1.574542632695524400e-05
1.573687130260065597e-05
1.572832623100315499e-05
1.571980914322668429e-05
1.571132990282485517e-05
1.570286250005433797e-05
1.569442292638367160e-05
1.568597335638733859e-05
1.567753421439367132e-05
1.566911436078144976e-05
1.566072130371330733e-05
1.565234124222774126e-05
1.564396318681616254e-05
1.563561299024214868e-05
1.562728138063102269e-05
1.561896034564611707e-05
1.561063160823068389e-05
1.560230431062157000e-05
1.559398960741758915e-05
1.558568794843901339e-05
1.557740252535671509e-05
1.556912413115672155e-05
1.556086151300641119e-05
1.555261875064519559e-05
1.554438981532729416e-05
1.553617984854778909e-05
1.552798466443680524e-05
1.551980048103829816e-05
1.551164188110190447e-05
1.550348810652212015e-05
1.549536831861675218e-05
1.548723794392916701e-05
1.547911992130936894e-05
1.547101153472800480e-05
1.546292754010854066e-05
1.545485740323494301e-05
1.544679670885735869e-05
1.543877206351480490e-05
1.543074683457073480e-05
1.542273562992864809e-05
1.541471408822213212e-05
1.540669585224900567e-05
1.539871830318582257e-05
1.539075244273052542e-05
1.538279978983014089e-05
1.537487670592342648e-05
1.536695792862362235e-05
1.535907557964398694e-05
1.535119658398081637e-05
1.534334113154745723e-05
1.533547428483132330e-05
1.532762221661235116e-05
1.531978165721421220e-05
1.531195042193231703e-05
1.530418013155298204e-05
1.529639160667953560e-05
1.528861110843923623e-05
1.528082533197961475e-05
1.527309570872224258e-05
1.526538075168464714e-05
1.525766898740024074e-05
1.524997864016038412e-05
1.524225579079582608e-05
1.523456403865196973e-05
1.522688906619678502e-05
1.521922583910262327e-05
1.521158080937946348e-05
1.520396016241114359e-05
1.519635012504003768e-05
1.518878930751762143e-05
1.518124608207265139e-05
1.517371744627799373e-05
1.516619790912256873e-05
1.515871293443937032e-05
1.515124544408933485e-05
1.514381712064664360e-05
1.513639067510469051e-05
1.512897812681389190e-05
1.512156623829200266e-05
1.511417329679907201e-05
1.510678157663674263e-05
1.509942025661646593e-05
1.509207506628546182e-05
