4.307445270791299130e+00
4.513638485332637451e+00
4.513638485332637451e+00
4.181313777102641183e+00
4.459356092875670363e+00
4.411417599339136686e+00
4.446319248382736511e+00
4.343394713016573760e+00
4.258992423562377283e+00
4.266791091483724152e+00
4.339787315175137827e+00
4.409464287373741520e+00
4.260297755745676263e+00
4.350898771379395846e+00
4.243735979030871519e+00
4.249713229052936470e+00
4.292738949803251991e+00
4.446424524663593836e+00
4.341780137011324037e+00
4.241991235598172594e+00
4.292921892073532142e+00
4.273511184306122423e+00
4.442552904411867232e+00
4.251053387460109079e+00
4.370759562691866940e+00
4.357608581064481790e+00
4.487080882138714699e+00
4.165908432824811491e+00
4.341224538205258554e+00
4.253898369068613405e+00
4.296801078960924336e+00
4.273873007482923647e+00
4.445892152095235694e+00
4.365638336498806282e+00
4.330868078660989440e+00
4.257572841612346615e+00
4.302633617178454273e+00
4.452391796217262332e+00
4.300436251886775807e+00
4.369878275904146570e+00
4.309272855537374269e+00
4.328772423591964014e+00
4.241767936079700263e+00
4.244772202100993930e+00
4.504330182940524452e+00
4.467697371071698953e+00
4.425052106466218937e+00
4.268280929577657368e+00
4.241929339178786229e+00
4.383859452559781822e+00
4.295844004873270450e+00
4.310888372278207648e+00
4.285297722572387613e+00
4.309395330036941196e+00
4.222155674644586298e+00
4.412879420830562616e+00
4.241102165123085577e+00
4.312114429700136142e+00
4.171439818168442670e+00
4.320227092737690455e+00
4.332693625021128092e+00
4.381898948323024179e+00
4.369944438733826431e+00
4.265761053752202159e+00
4.328165992285548214e+00
4.241374415063348557e+00
4.330226557906128093e+00
4.496069847280681486e+00
4.197627778041231217e+00
4.249448404049453565e+00
4.318820985455214867e+00
4.378706890026850651e+00
4.484860825781009197e+00
4.280630610531694025e+00
4.330821459633298787e+00
4.260713377309240713e+00
4.279919503618289767e+00
4.295045373692697233e+00
4.405725797233311702e+00
4.391079656234373907e+00
4.300655468186099561e+00
4.290226118733244220e+00
4.391488060817215988e+00
4.266502932079832000e+00
4.335884489253928109e+00
4.353956066270280978e+00
4.347446538117897497e+00
4.282932778836865850e+00
4.199961295088241009e+00
4.379263031123570293e+00
4.243967236459485370e+00
4.473087869346777268e+00
4.250992065938201669e+00
4.335721512649707954e+00
4.243184033482686246e+00
4.411296771226028035e+00
4.407245702215813132e+00
4.241099290825899537e+00
4.264175963980928685e+00
4.271114095594182203e+00
