4.402190753974716486e+00
4.285862225613375820e+00
4.285862225613375820e+00
4.555422278370820699e+00
4.222772805341077351e+00
4.382204755429456533e+00
4.308856075218320925e+00
4.393218870295301670e+00
4.915873024386618440e+00
4.328027966025545403e+00
4.447664592776066073e+00
4.515293721425698514e+00
4.449427164059160944e+00
4.418114507260916923e+00
4.861032997947154932e+00
4.239306846403149365e+00
4.402840210836559187e+00
4.370628823735969171e+00
4.526397271535262945e+00
4.373811789719213472e+00
4.445227405100227180e+00
4.296539839455994603e+00
4.562824112361346884e+00
4.566800470651420696e+00
4.294062697937902406e+00
4.712508085988226902e+00
4.278532466438016435e+00
4.394047632687263949e+00
4.811668225967181911e+00
4.328580917357569113e+00
4.491879063370538994e+00
4.525424687924034295e+00
4.350363011224525955e+00
4.363260961516141734e+00
4.288149508951890176e+00
4.513059130935819674e+00
4.196459202542964562e+00
4.173043345106810520e+00
4.364097655866562064e+00
4.460144074656608559e+00
4.370301662531958620e+00
4.433771533461269954e+00
4.325571007391091349e+00
4.340379776577658610e+00
4.369981452388343790e+00
4.326794627909491986e+00
4.317268008320190198e+00
4.293564290076810508e+00
4.214047954197530643e+00
4.483187163772134554e+00
4.442589847851603047e+00
4.205521045127263768e+00
4.274334221154763469e+00
4.559503210265257067e+00
4.334663543080997883e+00
4.523896107085712437e+00
4.383598748212601315e+00
4.396230929558457845e+00
4.643437742094929099e+00
4.216146364470442442e+00
4.509639690029319858e+00
4.216603507410449758e+00
4.485148098296451558e+00
4.348636454881873448e+00
4.412319318639212007e+00
4.301722591581888189e+00
4.316156193417063136e+00
4.407525823919587360e+00
4.324750601749793866e+00
4.559980690832463601e+00
4.295432297167116609e+00
4.375744242945649454e+00
4.342972508834416878e+00
4.351443549757290974e+00
4.229103542903110302e+00
4.326185087558635622e+00
4.344135048782747255e+00
4.667409492712551788e+00
4.310188701893316932e+00
4.354344884552932449e+00
4.357198745691622577e+00
4.210552673898978249e+00
4.444440566471236309e+00
4.271001150234898347e+00
4.294530145364735318e+00
4.361024826260425868e+00
4.425640262573683259e+00
4.399816447891728544e+00
4.447183970368510764e+00
4.360793912291343055e+00
4.541961492125834887e+00
4.457527624019093970e+00
4.433319005464563034e+00
4.430178833289667217e+00
4.684286851820906428e+00
4.320908319080110083e+00
4.261260066865927953e+00
4.288107621816122261e+00
4.272428908494771527e+00
4.428499285682813813e+00
