6.978305518150484943e-04
5.249525966699767439e-04
6.490456308774880580e-04
9.412603754511266472e-04
1.009335779995074048e-03
9.410194600393227953e-04
8.764726920721230188e-04
8.212848923510575544e-04
7.744159598544271463e-04
7.541599935958499248e-04
7.628198636713533773e-04
7.886218401636381882e-04
7.949082309370129884e-04
7.789219381914646396e-04
7.570375521587642499e-04
7.338245539516280577e-04
7.395815487898529765e-04
7.878235964200898519e-04
8.682599317709120777e-04
1.003123153933033283e-03
1.155548005481638312e-03
1.284302223392746545e-03
1.396445689953507586e-03
1.485368793572257101e-03
1.562043749983406480e-03
1.626613098903878203e-03
1.681316898724363566e-03
1.716655122438729818e-03
1.738076242143516033e-03
1.756451387503256065e-03
1.769082650244639329e-03
1.775473974979635940e-03
1.776362305339765271e-03
1.780123541646049402e-03
1.792201120664534564e-03
1.811526127443744512e-03
1.844357821000816838e-03
1.885026287472989139e-03
1.930912717843614968e-03
1.980506386589490388e-03
2.030825185687896908e-03
2.085349357634508176e-03
2.142320532979692140e-03
2.197419339925424982e-03
2.253503760167355728e-03
2.311365505710601120e-03
2.366145170690986139e-03
2.420220178724542814e-03
2.472418434002259576e-03
2.523734164530923741e-03
2.570980191783530083e-03
2.616309981070417436e-03
2.657273845785623756e-03
2.695854131840284915e-03
2.731402924746969933e-03
2.766602531516673506e-03
2.801070968252065453e-03
2.833669913171356705e-03
2.865413869486629211e-03
2.896901692160419595e-03
2.928340596087082234e-03
2.958650199225467889e-03
2.988430780729976581e-03
3.015287188434001651e-03
3.038497302055605601e-03
3.059209316805640549e-03
3.076604545045807677e-03
3.091380228606518607e-03
3.104295219514953061e-03
3.114480962196263403e-03
3.121391523137578665e-03
3.125638608958773192e-03
3.127886086370812706e-03
3.128564551592405776e-03
3.128199858868383441e-03
3.127041351770005594e-03
3.124693947699176081e-03
3.122078187412757107e-03
3.118595731706935107e-03
3.114780806686983424e-03
3.110588675966013700e-03
3.106258981733492006e-03
3.102170612366276191e-03
3.097215395590249311e-03
3.090711563254829822e-03
3.083194057179252257e-03
3.074841805705416913e-03
3.065798329764415214e-03
3.056025733124308197e-03
3.045575906063595698e-03
3.034392789339489076e-03
3.022740325375732756e-03
3.010961107741264194e-03
2.998809939849181403e-03
2.986352945550137597e-03
2.973644893228903283e-03
2.960745961960857629e-03
2.947677675242202974e-03
2.934525352473532894e-03
2.921351459734866044e-03
2.908199215522063504e-03
2.895072787200906293e-03
2.882027397210601763e-03
2.869268970099319357e-03
2.856814837403562346e-03
2.844748998286901302e-03
2.832901851903285410e-03
2.821362884926524855e-03
2.810148625352386353e-03
2.799206139122218783e-03
2.788535805442814847e-03
2.778137098072372673e-03
2.767725674056069601e-03
2.757176819112764233e-03
2.746595793062622196e-03
2.736036387128379117e-03
2.725487665464027161e-03
2.714953417402870498e-03
2.704526729359107463e-03
2.694217282629570408e-03
2.684014195896054344e-03
2.673975915696557518e-03
2.664123503148471250e-03
2.654388119935073304e-03
2.644897107881117888e-03
2.635466580435093156e-03
2.626067319362462849e-03
2.616627417713413180e-03
2.607121521632277308e-03
2.597574740237479449e-03
2.588067511083448884e-03
2.578556346652844961e-03
2.569024646899795931e-03
2.559472004766350645e-03
2.549985420683502629e-03
2.540593676199169419e-03
2.531334418418133576e-03
2.522207340446566172e-03
2.513201924543876416e-03
2.504294343139753382e-03
2.495494676191492567e-03
2.486763651587786238e-03
2.478097967083217178e-03
2.469494008776325616e-03
2.460967423179015370e-03
2.452525067819231672e-03
2.444169949898861768e-03
2.435899527282625165e-03
2.427714387436460172e-03
2.419621113550504340e-03
2.411625573348636937e-03
2.403717100631256025e-03
2.395905770910748255e-03
2.388190291337211838e-03
2.380555918046613467e-03
2.372993907859594683e-03
2.365499401956698469e-03
2.358066893761977863e-03
2.350685130327008661e-03
2.343343737775646467e-03
2.336054948565932567e-03
2.328844601242353700e-03
2.321717226874805886e-03
2.314659685205207405e-03
2.307674603372856462e-03
2.300782088047540960e-03
2.293974331260165405e-03
2.287254693115684055e-03
2.280603380381255978e-03
2.273995583926173483e-03
2.267436905698993945e-03
2.260949236910498976e-03
2.254535794016769221e-03
2.248183126047839219e-03
2.241893803572829816e-03
2.235665476956917499e-03
2.229502421349636131e-03
2.223402434867309454e-03
2.217354308679206701e-03
2.211369610098065305e-03
2.205507225681888322e-03
2.199784605340853166e-03
2.194152865812540581e-03
2.188579397205202282e-03
2.183064300523806112e-03
2.177617862438264214e-03
2.172216669886599134e-03
2.166850570879803178e-03
2.161519130983584423e-03
2.156241865786842106e-03
2.151000767003950504e-03
2.145768324478345389e-03
2.140567583564347790e-03
2.135373333526877863e-03
2.130193212156034337e-03
2.125046080093530559e-03
2.119946119602916703e-03
2.114912645014505391e-03
2.109931099438989814e-03
2.104992146103375032e-03
2.100066495205336198e-03
2.095189977215039696e-03
2.090374973348835003e-03
2.085609472904058782e-03
2.080931110596455445e-03
2.076296407095091189e-03
2.071696842202442376e-03
2.067084530205840452e-03
2.062471416000767003e-03
2.057838991599994158e-03
2.053176826175443469e-03
2.048489727275387608e-03
2.043788505417946152e-03
2.039097462695710870e-03
2.034424920249860644e-03
2.029775763518307762e-03
2.025141834501646872e-03
2.020527948001941097e-03
2.015941256008346293e-03
2.011373176528735533e-03
2.006829649744133401e-03
2.002315124620413118e-03
1.997829967221565004e-03
1.993371410839647317e-03
1.988941652355260669e-03
1.984538856110813852e-03
1.980163543748378850e-03
1.975816325033201339e-03
1.971498053798558837e-03
1.967211039175886019e-03
1.962955029530009249e-03
1.958726442216326535e-03
1.954528735023482698e-03
1.950370810598710649e-03
1.946254066843080459e-03
1.942180841950034162e-03
1.938145700906059596e-03
1.934147501637529035e-03
1.930182998427039734e-03
1.926258575019841341e-03
1.922381425056456311e-03
1.918557725748625464e-03
1.914787280195907101e-03
1.911063888160949688e-03
1.907378306678627960e-03
1.903744498452676018e-03
1.900142455561323320e-03
1.896561591506494126e-03
1.893000498279301651e-03
1.889447885941985400e-03
1.885888645668065949e-03
1.882319017716732731e-03
1.878747234746076366e-03
1.875176520207992451e-03
1.871615101503323192e-03
1.868068380979494986e-03
1.864536531673114794e-03
1.861031118404982837e-03
1.857544071674221932e-03
1.854074430326344046e-03
1.850614174592312170e-03
1.847145567178797325e-03
1.843675617796994249e-03
1.840205986063218630e-03
1.836752275075397445e-03
1.833313365894350885e-03
1.829895298668214945e-03
1.826503634468934576e-03
1.823136902456020661e-03
1.819805101018821857e-03
1.816509202251576820e-03
1.813244507121455603e-03
1.810002664535546608e-03
1.806787938600351974e-03
1.803600102322014398e-03
1.800435393080085595e-03
1.797292041391296670e-03
1.794167667610804904e-03
1.791067044145298231e-03
1.788006792729793237e-03
1.784988377942300876e-03
1.782002506939190907e-03
1.779048319867205510e-03
1.776107794491516923e-03
1.773190243506372193e-03
1.770299496642900551e-03
1.767445342208667303e-03
1.764637585522559797e-03
1.761870674421597577e-03
1.759136528806413491e-03
1.756432960936298244e-03
1.753757686482741414e-03
1.751098713429844692e-03
1.748477953185486287e-03
1.745902284871415217e-03
1.743366741955403032e-03
1.740861912274403603e-03
1.738402067812091665e-03
1.735978184483705222e-03
1.733591699858992629e-03
1.731229620739472121e-03
1.728891868832973860e-03
1.726604791537238821e-03
1.724386111911247474e-03
1.722228461155897450e-03
1.720116237740444785e-03
1.718041204119606213e-03
1.716003306081674996e-03
1.714004537925043360e-03
1.712073551578132064e-03
1.710215462281314529e-03
1.708423878674854811e-03
1.706698273643762797e-03
1.705023872947916165e-03
1.703358153957297083e-03
1.701701584526455141e-03
1.700045387465977560e-03
1.698402384118247307e-03
1.696752924303055691e-03
1.695125575397521964e-03
1.693534958122374636e-03
1.691963153254800230e-03
1.690422671322519077e-03
1.688941695963306743e-03
1.687538664352110362e-03
1.686220491736347381e-03
1.684988601003500766e-03
1.683835370355911366e-03
1.682755642232249991e-03
1.681736371470623874e-03
1.680767820962114590e-03
1.679853803985281160e-03
1.678974271704488513e-03
1.678088086689277173e-03
1.677171564361280452e-03
1.676217796813095568e-03
1.675216429748837416e-03
1.674191854764174158e-03
1.673140183073618158e-03
1.672044354885937611e-03
1.670910268005146998e-03
1.669757230494579598e-03
1.668585912998715032e-03
1.667413131911164468e-03
1.666263788201697562e-03
1.665129290888424677e-03
1.664028585426686850e-03
1.662944278482165030e-03
1.661887452687349108e-03
1.660832465589470296e-03
1.659798985241943024e-03
1.658778984771335950e-03
1.657775313427728436e-03
1.656789040936834743e-03
1.655856573702735529e-03
1.654959356669372323e-03
1.654095109854262797e-03
1.653239097010810984e-03
1.652383245130187306e-03
1.651530362648267547e-03
1.650650268283073525e-03
1.649741789603667314e-03
1.648794711708162107e-03
1.647800363741074416e-03
1.646775715889336588e-03
1.645725573448212752e-03
1.644653415316292468e-03
1.643568234308614810e-03
1.642457249745717758e-03
1.641296609281482025e-03
1.640071641221541900e-03
1.638857130518604679e-03
1.637641296448630844e-03
1.636430161913842276e-03
1.635198081488926100e-03
1.633949908600793336e-03
1.632695797947667123e-03
1.631417730154904443e-03
1.630139393231187480e-03
1.628841004516679578e-03
1.627503759054982910e-03
1.626137547569387991e-03
1.624743255704918935e-03
1.623330410100436551e-03
1.621895604236147596e-03
1.620456018447662822e-03
1.619023693019410771e-03
1.617605428220935098e-03
1.616204931217974684e-03
1.614805989414600136e-03
1.613402333805179136e-03
1.612000789570064213e-03
1.610587742341235053e-03
1.609147517640520299e-03
1.607724909779900549e-03
1.606316617761527473e-03
1.604923113070834016e-03
1.603516593147145041e-03
1.602096518993763015e-03
1.600647117634693617e-03
1.599168847654060428e-03
1.597642093134904982e-03
1.596067033179349951e-03
1.594444147936580503e-03
1.592759050787441759e-03
1.591025230921935905e-03
1.589250939312219103e-03
1.587442817899583454e-03
1.585610569590115409e-03
1.583772250184640150e-03
1.581930656353234405e-03
1.580079291110167731e-03
1.578220860674022039e-03
1.576359648645199452e-03
1.574501053047802765e-03
1.572644206370407086e-03
1.570788974245936357e-03
1.568936412266239968e-03
1.567086184527287851e-03
1.565236905047047954e-03
1.563392505809592598e-03
1.561550524867376648e-03
1.559711641648729892e-03
1.557875257788912844e-03
1.556046299483573089e-03
1.554227153537429988e-03
1.552419858129850793e-03
1.550621650318268928e-03
1.548832470627601980e-03
1.547051413630412499e-03
1.545278451930276161e-03
1.543510870573876334e-03
1.541750077373743198e-03
1.539996174947085104e-03
1.538246121287466022e-03
1.536501750490895353e-03
1.534761742482311682e-03
1.533025008511184305e-03
1.531290420914181369e-03
1.529558144582723704e-03
1.527830207409874418e-03
1.526107851798990788e-03
1.524389101874980799e-03
1.522674321509983469e-03
1.520964236538401362e-03
1.519258795763429220e-03
1.517558460272144848e-03
1.515863913334847745e-03
1.514175690628659495e-03
1.512493889020541382e-03
1.510818771263574634e-03
1.509150541166116161e-03
1.507489256193506391e-03
1.505835032019238896e-03
1.504188463239314148e-03
1.502548705682851381e-03
1.500914771323015118e-03
1.499286407627335380e-03
1.497662915572713646e-03
1.496045020438128070e-03
1.494430916083732026e-03
1.492820543748378742e-03
1.491213211573581485e-03
1.489610819264170763e-03
1.488011956185778147e-03
1.486415651199244964e-03
1.484823399501226070e-03
1.483236430716374649e-03
1.481655838371842343e-03
1.480083103670608215e-03
1.478521880303221812e-03
1.476975203664467398e-03
1.475442727596401301e-03
1.473919846430499876e-03
1.472410504588446065e-03
1.470912329536057080e-03
1.469425382630497930e-03
1.467946326161773509e-03
1.466468500934225592e-03
1.464992185797300318e-03
1.463514549595235602e-03
1.462038327942383892e-03
1.460561060116884972e-03
1.459086352220625993e-03
1.457617171561645776e-03
1.456151541415746150e-03
1.454690613843303898e-03
1.453234143575703706e-03
1.451783161237724887e-03
1.450337414380828589e-03
1.448896406375465261e-03
1.447460623660427577e-03
1.446031106491267810e-03
1.444611670200103472e-03
1.443201594938542083e-03
1.441800723244409050e-03
1.440408749954851918e-03
1.439025000200738758e-03
1.437649405566051707e-03
1.436281641353901600e-03
1.434918392146577668e-03
1.433558036158980465e-03
1.432194821193334818e-03
1.430833073520955661e-03
1.429476650395989723e-03
1.428124736764594229e-03
1.426778405276933181e-03
1.425436811237554323e-03
1.424101561035876493e-03
1.422768563078609383e-03
1.421440278722437651e-03
1.420120192686002546e-03
1.418805545894886132e-03
1.417498674080290393e-03
1.416195532792917508e-03
1.414899544012067443e-03
1.413610728600867613e-03
1.412335332426810927e-03
1.411070438706540225e-03
1.409813199419556167e-03
1.408566002432759708e-03
1.407336241465977989e-03
1.406123712240553653e-03
1.404932407407103508e-03
1.403755886672713787e-03
1.402602532232767596e-03
1.401463976665124787e-03
1.400342565166716327e-03
1.399238838841838136e-03
1.398146689796560867e-03
1.397066436230075476e-03
1.396002014425466817e-03
1.394953059594444605e-03
1.393912831735079003e-03
1.392874200302258829e-03
1.391844219531496217e-03
1.390824317316025809e-03
1.389812859823215483e-03
1.388809119352908596e-03
1.387801852565532634e-03
1.386793630630535953e-03
1.385790373941346012e-03
1.384803374858710684e-03
1.383816780899980265e-03
1.382835018926089005e-03
1.381868333693523623e-03
1.380928162059981120e-03
1.380018592813736901e-03
1.379131850078797955e-03
1.378260069527361374e-03
1.377408078524059104e-03
1.376579483251481753e-03
1.375781141549505806e-03
1.375005193019621878e-03
1.374252528408143048e-03
1.373517416081210165e-03
1.372805370058828361e-03
1.372119420490090650e-03
1.371464234123651645e-03
1.370829709662016059e-03
1.370205522974803428e-03
1.369601759867747955e-03
1.369013239243960234e-03
1.368436749683768624e-03
1.367846412190270450e-03
1.367238731903339154e-03
1.366634624271486536e-03
1.366037460273978503e-03
1.365442305832768530e-03
1.364856121997921543e-03
1.364263222836770194e-03
1.363670389514988826e-03
1.363069640008925153e-03
1.362476388699556968e-03
1.361889386194262792e-03
1.361309423832246859e-03
1.360735391353721851e-03
1.360161498689376174e-03
1.359585683865938231e-03
1.359007887836654422e-03
1.358423474818014429e-03
1.357833368982603716e-03
1.357241237008075842e-03
1.356646953052328443e-03
1.356054710182676756e-03
1.355454718576987487e-03
1.354854238380220248e-03
1.354263964359761398e-03
1.353683249313004109e-03
1.353124232372863176e-03
1.352586783187878288e-03
1.352066799954163099e-03
1.351554804960720946e-03
1.351050848617074305e-03
1.350549888364438803e-03
1.350044647875186556e-03
1.349541897660863719e-03
1.349046596948525779e-03
1.348544720114423301e-03
1.348048039065519827e-03
1.347565677157153271e-03
1.347094323893399150e-03
1.346635979400331992e-03
1.346195262124117017e-03
1.345776492896838279e-03
1.345372817213819462e-03
1.344980818670957591e-03
1.344606798048112763e-03
1.344236216520266949e-03
1.343872711054036259e-03
1.343503407167765014e-03
1.343120091729642709e-03
1.342723018791262693e-03
1.342315385534058195e-03
1.341914924393290904e-03
1.341521375962903637e-03
1.341116283106158144e-03
1.340711657138007494e-03
1.340310527164562809e-03
1.339917407133483975e-03
1.339525158826843651e-03
1.339124497985785117e-03
1.338716415016330107e-03
1.338301732833644102e-03
1.337898141282645214e-03
1.337505015218400659e-03
1.337119467103257443e-03
1.336726084812232861e-03
1.336322602154074897e-03
1.335911390484326037e-03
1.335504523362316320e-03
1.335101968074085300e-03
1.334703006967847541e-03
1.334298942143968348e-03
1.333880003297436721e-03
1.333450040870686739e-03
1.333006721948727441e-03
1.332550683349067056e-03
1.332085744252340092e-03
1.331618618814511042e-03
1.331150016082053352e-03
1.330685630226508421e-03
1.330233053770353514e-03
1.329780466737295105e-03
1.329329978395989414e-03
1.328886517745601209e-03
1.328437807833279241e-03
1.327980353729438191e-03
1.327518844816489305e-03
1.327060287024685401e-03
1.326607268067077697e-03
1.326155602252964165e-03
1.325704888367326998e-03
1.325249419974429497e-03
1.324800994967218967e-03
1.324356226157196977e-03
1.323912706238393510e-03
1.323468718179365757e-03
1.323033071888384720e-03
1.322607632910145900e-03
1.322180237241653029e-03
1.321750410368021040e-03
1.321317738439473435e-03
1.320888380105741684e-03
1.320466157876347153e-03
1.320047196313775106e-03
1.319634971866290437e-03
1.319238264592843216e-03
1.318851453386346052e-03
1.318470298643473638e-03
1.318088885916888706e-03
1.317712367424417677e-03
1.317348057549645474e-03
1.316988272412338186e-03
1.316628585088187127e-03
1.316274690835300947e-03
1.315924819626513144e-03
1.315588258254308043e-03
1.315266299183254391e-03
1.314956674238997253e-03
1.314652077009840483e-03
1.314362646476119291e-03
1.314082903371956504e-03
1.313825150926066585e-03
1.313599815303659150e-03
1.313399299518588784e-03
1.313220230374846512e-03
1.313060230718111074e-03
1.312909947377343366e-03
1.312776318495162626e-03
1.312659380980549717e-03
1.312555071614111097e-03
1.312463383112656441e-03
1.312369250943407843e-03
1.312275688118450141e-03
1.312183325930309187e-03
1.312093699334349614e-03
1.312007036692478933e-03
1.311925113682049261e-03
1.311851611115821522e-03
1.311784218472983928e-03
1.311730583566739737e-03
1.311675983168364206e-03
1.311608660471380626e-03
1.311528528223797558e-03
1.311434483004550629e-03
1.311334960894988732e-03
1.311231936491609679e-03
1.311137845499977085e-03
1.311043690500022195e-03
1.310947151575491115e-03
1.310853322638085147e-03
1.310774944384402287e-03
1.310707335372469961e-03
1.310640004156640162e-03
1.310562471793501110e-03
1.310493423788887911e-03
1.310430876349877880e-03
1.310373662435013620e-03
1.310300713480638639e-03
1.310207756351910438e-03
1.310107839430600359e-03
1.309998569302888403e-03
1.309875720026768301e-03
1.309749349490854035e-03
1.309618818765250934e-03
1.309480933375977004e-03
1.309348147782238379e-03
1.309216127033331536e-03
1.309073990305002289e-03
1.308917664270207353e-03
1.308740125002833465e-03
1.308553096855933056e-03
1.308359874482661889e-03
1.308154079438325667e-03
1.307941984463086970e-03
1.307715698779455616e-03
1.307473956188616318e-03
1.307212398889446084e-03
1.306928075326951443e-03
1.306627023921644922e-03
1.306318255179513476e-03
1.305997554679625512e-03
1.305659937640469203e-03
1.305304528764905094e-03
1.304934327201622999e-03
1.304546896706067867e-03
1.304149830113298736e-03
1.303743237830243783e-03
1.303331173912521774e-03
1.302908210634443238e-03
1.302476335129495446e-03
1.302041712186858841e-03
1.301601861271587356e-03
1.301155765282042400e-03
1.300711164086810513e-03
1.300271942172439655e-03
1.299832631720948452e-03
1.299398274674965718e-03
1.298968647171461774e-03
1.298543116940186577e-03
1.298113962906043140e-03
1.297676169300676120e-03
1.297221994844414625e-03
1.296748721787476704e-03
1.296255340822290375e-03
1.295733701771293505e-03
1.295185910575230148e-03
1.294625071156963771e-03
1.294048136681606688e-03
1.293462331662756284e-03
1.292865801803445500e-03
1.292260365226079784e-03
1.291647093540579296e-03
1.291027067990356981e-03
1.290401823244092302e-03
1.289768500746698611e-03
1.289131521601951736e-03
1.288483890184060569e-03
1.287830120758955794e-03
1.287168450672755184e-03
1.286497857077399014e-03
1.285819194560623366e-03
1.285132761419066280e-03
1.284436817601757909e-03
1.283729292954489173e-03
1.283011905422014841e-03
1.282282552524002285e-03
1.281543958324456904e-03
1.280797846334313797e-03
1.280042802785245079e-03
1.279281342367398922e-03
1.278514581414016667e-03
1.277745645114523486e-03
1.276975223767428920e-03
1.276203837331965543e-03
1.275431611377137115e-03
1.274657330430843281e-03
1.273882283815858021e-03
1.273106947842750445e-03
1.272331773458411060e-03
1.271556700578834386e-03
1.270782479677212045e-03
1.270009066007855543e-03
1.269237262997622477e-03
1.268467532879827622e-03
1.267700221957907859e-03
1.266934833599734538e-03
1.266170861864578676e-03
1.265409501109912137e-03
1.264649620578681610e-03
1.263890717877372283e-03
1.263132923907736918e-03
1.262375495947836010e-03
1.261619782350835656e-03
1.260865454913657428e-03
1.260113596748860384e-03
1.259364216765402299e-03
1.258615566579408644e-03
1.257867228438302749e-03
1.257120239780764280e-03
1.256373534252259051e-03
1.255627539277104137e-03
1.254882073697871072e-03
1.254136866483451058e-03
1.253392048363955727e-03
1.252647761587151595e-03
1.251903953245064221e-03
1.251161418144955493e-03
1.250418550232614999e-03
1.249675601708016750e-03
1.248932466528972478e-03
1.248189034411409512e-03
1.247445820740630210e-03
1.246703475793674255e-03
1.245961434211321486e-03
1.245219936541271935e-03
1.244479362603543486e-03
1.243739827938046679e-03
1.243001946845789362e-03
1.242265896290476943e-03
1.241532201036371413e-03
1.240800391174469138e-03
1.240069919810097773e-03
1.239341729008376809e-03
1.238615681167435593e-03
1.237892475391085424e-03
1.237172865906449983e-03
1.236456812901784658e-03
1.235744433780982697e-03
1.235034987096007451e-03
1.234328325969435069e-03
1.233624666549859583e-03
1.232923469144384500e-03
1.232223229520836971e-03
1.231525710018946222e-03
1.230831541978170832e-03
1.230140463568033362e-03
1.229452471067578193e-03
1.228768525900778312e-03
1.228087375848770394e-03
1.227407907481446346e-03
1.226728015664012034e-03
1.226048850336598425e-03
1.225371568762107779e-03
1.224695432948585006e-03
1.224019655423395697e-03
1.223344596251023939e-03
1.222670166027084795e-03
1.221995916973279452e-03
1.221323582343626949e-03
1.220652408228624104e-03
1.219982819013036308e-03
1.219316141084210957e-03
1.218652622399896569e-03
1.217992780817405514e-03
1.217335360244191410e-03
1.216680480481580453e-03
1.216027785255114138e-03
1.215377825070263103e-03
1.214732721602684124e-03
1.214091336737115881e-03
1.213453174217197497e-03
1.212815793129511403e-03
1.212178686569675848e-03
1.211542627280470536e-03
1.210907848904045365e-03
1.210274760302902132e-03
1.209642942579481619e-03
1.209010948226561669e-03
1.208379623774537759e-03
1.207746768291430035e-03
1.207113012774523302e-03
1.206476636980292026e-03
1.205839890899267986e-03
1.205203030473510394e-03
1.204566043200433912e-03
1.203930928720089305e-03
1.203295746561153668e-03
1.202663443145274465e-03
1.202033828995530129e-03
1.201406084720040143e-03
1.200781527848376494e-03
1.200160088999323782e-03
1.199542493811000393e-03
1.198929013713357543e-03
1.198319553583994390e-03
1.197711696046097887e-03
1.197106512791298438e-03
1.196502477287998733e-03
1.195900628268036512e-03
1.195302112061353769e-03
1.194707645755544671e-03
1.194114434731202235e-03
1.193521308088883086e-03
1.192928884797414589e-03
1.192335772930035176e-03
1.191742142609662118e-03
1.191149427413727745e-03
1.190556321159142198e-03
1.189964821018419652e-03
1.189374082633409217e-03
1.188780645106892776e-03
1.188184330225965828e-03
1.187585439479794686e-03
1.186983914314361380e-03
1.186379468580038912e-03
1.185771484470436385e-03
1.185161279599228432e-03
1.184548401903720918e-03
1.183932889910145310e-03
1.183316193417239702e-03
1.182698549916146079e-03
1.182080839573365974e-03
1.181463338902031006e-03
1.180846135844323573e-03
1.180229827569864070e-03
1.179614671753337687e-03
1.179000730179977172e-03
1.178388520966665472e-03
1.177777892412881083e-03
1.177167298717071925e-03
1.176556174402907089e-03
1.175944999220049315e-03
1.175333499380436502e-03
1.174722995969860410e-03
1.174114012943342118e-03
1.173507347796931511e-03
1.172902647394018357e-03
1.172298973446151598e-03
1.171696013947777460e-03
1.171093816360261946e-03
1.170491987907635971e-03
1.169890912921028956e-03
1.169291463718018015e-03
1.168693563185663415e-03
1.168096784124517899e-03
1.167501015581469317e-03
1.166906024678566588e-03
1.166312135945934275e-03
1.165719032059890940e-03
1.165127515726052752e-03
1.164538206090032528e-03
1.163951300833114154e-03
1.163366807574113797e-03
1.162784893625537106e-03
1.162205315955042000e-03
1.161628327368142630e-03
1.161053514210492977e-03
1.160480968027481933e-03
1.159909965665353870e-03
1.159340577369520706e-03
1.158773945516540808e-03
1.158211216453970769e-03
1.157652430506844916e-03
1.157098168192485180e-03
1.156549181232440935e-03
1.156004801726338068e-03
1.155464682626820014e-03
1.154929941790115580e-03
1.154401428038271055e-03
1.153882250064725825e-03
1.153373289231829964e-03
1.152875587839771038e-03
1.152388621534305643e-03
1.151912257597114591e-03
1.151443352102722020e-03
1.150981560325562347e-03
1.150523367751570599e-03
1.150070573577007720e-03
1.149624109988864502e-03
1.149183920151739544e-03
1.148751203413270324e-03
1.148328848622264366e-03
1.147914479868108236e-03
1.147508084227645032e-03
1.147112134019451831e-03
1.146727087278680323e-03
1.146350645900029398e-03
1.145985311242154851e-03
