5.000000000000018319e-03
5.000000000000018319e-03
5.000000000000013982e-03
5.000000000000014849e-03
5.000000000000015717e-03
5.000000000000018319e-03
5.000000000000020053e-03
5.000000000000021788e-03
5.000000000000022655e-03
5.000000000000023523e-03
5.000000000000025258e-03
5.000000000000025258e-03
5.000000000000026125e-03
5.000000000000026125e-03
5.000000000000026992e-03
5.000000000000026992e-03
5.000000000000027860e-03
5.000000000000027860e-03
5.000000000000027860e-03
5.000000000000027860e-03
5.000000000000027860e-03
5.000000000000027860e-03
5.000000000000027860e-03
5.000000000000026992e-03
5.000000000000026125e-03
5.000000000000025258e-03
5.000000000000024390e-03
5.000000000000022655e-03
5.000000000000020921e-03
5.000000000000019186e-03
5.000000000000017451e-03
5.000000000000015717e-03
5.000000000000013982e-03
5.000000000000012247e-03
5.000000000000010512e-03
5.000000000000008778e-03
5.000000000000007043e-03
5.000000000000005308e-03
5.000000000000003574e-03
5.000000000000000971e-03
5.000000000000000104e-03
4.999999999999998369e-03
4.999999999999997502e-03
4.999999999999995767e-03
4.999999999999994033e-03
4.999999999999994033e-03
4.999999999999993165e-03
4.999999999999993165e-03
4.999999999999993165e-03
4.999999999999992298e-03
4.999999999999992298e-03
4.999999999999992298e-03
4.999999999999992298e-03
4.999999999999993165e-03
4.999999999999993165e-03
4.999999999999993165e-03
4.999999999999994033e-03
4.999999999999994900e-03
4.999999999999994900e-03
4.999999999999995767e-03
4.999999999999996635e-03
4.999999999999996635e-03
4.999999999999997502e-03
4.999999999999998369e-03
4.999999999999999237e-03
5.000000000000000104e-03
5.000000000000000971e-03
5.000000000000001839e-03
5.000000000000001839e-03
5.000000000000002706e-03
5.000000000000003574e-03
5.000000000000005308e-03
5.000000000000006176e-03
5.000000000000007043e-03
5.000000000000007910e-03
5.000000000000009645e-03
5.000000000000010512e-03
5.000000000000011380e-03
5.000000000000012247e-03
5.000000000000013115e-03
5.000000000000013982e-03
5.000000000000014849e-03
5.000000000000016584e-03
5.000000000000017451e-03
5.000000000000018319e-03
5.000000000000019186e-03
5.000000000000019186e-03
5.000000000000020053e-03
5.000000000000020053e-03
5.000000000000020053e-03
5.000000000000020053e-03
5.000000000000020921e-03
5.000000000000020921e-03
5.000000000000020921e-03
5.000000000000020921e-03
5.000000000000020921e-03
5.000000000000020921e-03
5.000000000000020053e-03
5.000000000000020053e-03
5.000000000000019186e-03
5.000000000000019186e-03
5.000000000000019186e-03
5.000000000000018319e-03
5.000000000000018319e-03
5.000000000000017451e-03
5.000000000000016584e-03
5.000000000000015717e-03
5.000000000000015717e-03
5.000000000000014849e-03
5.000000000000013982e-03
5.000000000000013115e-03
5.000000000000012247e-03
5.000000000000011380e-03
5.000000000000010512e-03
5.000000000000009645e-03
5.000000000000008778e-03
5.000000000000007910e-03
5.000000000000006176e-03
5.000000000000005308e-03
5.000000000000004441e-03
5.000000000000003574e-03
5.000000000000002706e-03
5.000000000000001839e-03
5.000000000000000104e-03
4.999999999999999237e-03
4.999999999999998369e-03
4.999999999999996635e-03
4.999999999999995767e-03
4.999999999999994900e-03
4.999999999999994033e-03
4.999999999999992298e-03
4.999999999999991430e-03
4.999999999999989696e-03
4.999999999999988828e-03
4.999999999999987961e-03
4.999999999999986226e-03
4.999999999999985359e-03
4.999999999999984492e-03
4.999999999999982757e-03
4.999999999999981889e-03
4.999999999999980155e-03
4.999999999999979287e-03
4.999999999999978420e-03
4.999999999999976685e-03
4.999999999999975818e-03
4.999999999999974083e-03
4.999999999999973216e-03
4.999999999999971481e-03
4.999999999999970614e-03
4.999999999999968879e-03
4.999999999999968012e-03
4.999999999999966277e-03
4.999999999999965410e-03
4.999999999999963675e-03
4.999999999999962808e-03
4.999999999999961073e-03
4.999999999999960205e-03
4.999999999999959338e-03
4.999999999999958471e-03
4.999999999999956736e-03
4.999999999999955001e-03
4.999999999999954134e-03
4.999999999999953267e-03
4.999999999999952399e-03
4.999999999999950664e-03
4.999999999999948930e-03
4.999999999999948062e-03
4.999999999999946328e-03
4.999999999999945460e-03
4.999999999999944593e-03
4.999999999999943726e-03
4.999999999999942858e-03
4.999999999999941123e-03
4.999999999999940256e-03
4.999999999999939389e-03
4.999999999999938521e-03
4.999999999999938521e-03
4.999999999999936787e-03
4.999999999999936787e-03
4.999999999999935919e-03
4.999999999999935052e-03
4.999999999999935052e-03
4.999999999999935052e-03
4.999999999999935052e-03
4.999999999999934185e-03
4.999999999999934185e-03
4.999999999999933317e-03
4.999999999999933317e-03
4.999999999999933317e-03
4.999999999999933317e-03
4.999999999999933317e-03
4.999999999999933317e-03
4.999999999999933317e-03
4.999999999999933317e-03
4.999999999999932450e-03
4.999999999999933317e-03
4.999999999999933317e-03
4.999999999999933317e-03
4.999999999999933317e-03
4.999999999999933317e-03
4.999999999999933317e-03
4.999999999999933317e-03
4.999999999999934185e-03
4.999999999999934185e-03
4.999999999999934185e-03
4.999999999999935052e-03
4.999999999999935052e-03
4.999999999999935919e-03
4.999999999999936787e-03
4.999999999999936787e-03
4.999999999999936787e-03
4.999999999999937654e-03
4.999999999999938521e-03
4.999999999999938521e-03
4.999999999999938521e-03
4.999999999999939389e-03
4.999999999999940256e-03
4.999999999999941123e-03
4.999999999999941123e-03
4.999999999999941991e-03
4.999999999999942858e-03
4.999999999999942858e-03
4.999999999999943726e-03
4.999999999999943726e-03
4.999999999999944593e-03
4.999999999999945460e-03
4.999999999999946328e-03
4.999999999999947195e-03
4.999999999999947195e-03
4.999999999999948930e-03
4.999999999999948930e-03
4.999999999999949797e-03
4.999999999999950664e-03
4.999999999999951532e-03
4.999999999999952399e-03
4.999999999999953267e-03
4.999999999999954134e-03
4.999999999999955001e-03
4.999999999999955869e-03
4.999999999999956736e-03
4.999999999999956736e-03
4.999999999999958471e-03
4.999999999999958471e-03
4.999999999999960205e-03
4.999999999999961073e-03
4.999999999999961940e-03
4.999999999999962808e-03
4.999999999999963675e-03
4.999999999999964542e-03
4.999999999999966277e-03
4.999999999999966277e-03
4.999999999999968012e-03
4.999999999999968012e-03
4.999999999999969746e-03
4.999999999999970614e-03
4.999999999999972349e-03
4.999999999999972349e-03
4.999999999999974083e-03
4.999999999999974951e-03
4.999999999999975818e-03
4.999999999999976685e-03
4.999999999999977553e-03
4.999999999999978420e-03
4.999999999999980155e-03
4.999999999999981022e-03
4.999999999999981889e-03
4.999999999999982757e-03
4.999999999999984492e-03
4.999999999999985359e-03
4.999999999999986226e-03
4.999999999999987094e-03
4.999999999999988828e-03
4.999999999999989696e-03
4.999999999999990563e-03
4.999999999999991430e-03
4.999999999999993165e-03
4.999999999999994033e-03
4.999999999999994900e-03
4.999999999999995767e-03
4.999999999999997502e-03
4.999999999999998369e-03
5.000000000000000104e-03
5.000000000000000104e-03
5.000000000000001839e-03
5.000000000000002706e-03
5.000000000000004441e-03
5.000000000000005308e-03
5.000000000000006176e-03
5.000000000000007043e-03
5.000000000000008778e-03
5.000000000000009645e-03
5.000000000000010512e-03
5.000000000000012247e-03
5.000000000000013115e-03
5.000000000000013982e-03
5.000000000000015717e-03
5.000000000000016584e-03
5.000000000000017451e-03
5.000000000000019186e-03
5.000000000000020053e-03
5.000000000000020921e-03
5.000000000000021788e-03
5.000000000000023523e-03
5.000000000000024390e-03
5.000000000000025258e-03
5.000000000000026992e-03
5.000000000000027860e-03
5.000000000000028727e-03
5.000000000000029594e-03
5.000000000000031329e-03
5.000000000000033064e-03
5.000000000000033931e-03
5.000000000000034799e-03
5.000000000000036533e-03
5.000000000000037401e-03
5.000000000000039135e-03
5.000000000000040003e-03
5.000000000000040870e-03
5.000000000000041737e-03
5.000000000000042605e-03
5.000000000000044340e-03
5.000000000000045207e-03
5.000000000000046074e-03
5.000000000000047809e-03
5.000000000000048676e-03
5.000000000000049544e-03
5.000000000000051278e-03
5.000000000000053013e-03
5.000000000000053881e-03
5.000000000000054748e-03
5.000000000000055615e-03
5.000000000000057350e-03
5.000000000000058217e-03
5.000000000000059085e-03
5.000000000000059952e-03
5.000000000000061687e-03
5.000000000000062554e-03
5.000000000000063421e-03
5.000000000000065156e-03
5.000000000000066024e-03
5.000000000000066891e-03
5.000000000000068626e-03
5.000000000000069493e-03
5.000000000000070360e-03
5.000000000000071228e-03
5.000000000000072962e-03
5.000000000000073830e-03
5.000000000000074697e-03
5.000000000000076432e-03
5.000000000000077299e-03
5.000000000000078167e-03
5.000000000000079034e-03
5.000000000000080769e-03
5.000000000000081636e-03
5.000000000000082503e-03
5.000000000000083371e-03
5.000000000000085106e-03
5.000000000000085106e-03
5.000000000000086840e-03
5.000000000000087708e-03
5.000000000000089442e-03
5.000000000000090310e-03
5.000000000000091177e-03
5.000000000000092912e-03
5.000000000000093779e-03
5.000000000000094647e-03
5.000000000000096381e-03
5.000000000000098116e-03
5.000000000000098116e-03
5.000000000000099851e-03
5.000000000000100718e-03
5.000000000000101585e-03
5.000000000000102453e-03
5.000000000000104187e-03
5.000000000000105055e-03
5.000000000000105922e-03
5.000000000000106790e-03
5.000000000000108524e-03
5.000000000000109392e-03
5.000000000000110259e-03
5.000000000000111126e-03
5.000000000000112861e-03
5.000000000000112861e-03
5.000000000000114596e-03
5.000000000000115463e-03
5.000000000000116331e-03
5.000000000000118065e-03
5.000000000000118933e-03
5.000000000000119800e-03
5.000000000000121535e-03
5.000000000000122402e-03
5.000000000000123269e-03
5.000000000000124137e-03
5.000000000000125872e-03
5.000000000000125872e-03
5.000000000000127606e-03
5.000000000000128474e-03
5.000000000000129341e-03
5.000000000000131076e-03
5.000000000000131943e-03
5.000000000000131943e-03
5.000000000000133678e-03
5.000000000000134545e-03
5.000000000000135413e-03
5.000000000000136280e-03
5.000000000000137147e-03
5.000000000000138882e-03
5.000000000000139749e-03
5.000000000000140617e-03
5.000000000000141484e-03
5.000000000000143219e-03
5.000000000000144086e-03
5.000000000000144953e-03
5.000000000000145821e-03
5.000000000000147556e-03
5.000000000000148423e-03
5.000000000000149290e-03
5.000000000000150158e-03
5.000000000000151025e-03
5.000000000000152760e-03
5.000000000000153627e-03
5.000000000000154494e-03
5.000000000000155362e-03
5.000000000000156229e-03
5.000000000000157097e-03
5.000000000000157964e-03
5.000000000000159699e-03
5.000000000000160566e-03
5.000000000000161433e-03
5.000000000000162301e-03
5.000000000000163168e-03
5.000000000000164903e-03
5.000000000000165770e-03
5.000000000000166638e-03
5.000000000000167505e-03
5.000000000000169240e-03
5.000000000000169240e-03
5.000000000000170974e-03
5.000000000000170974e-03
5.000000000000172709e-03
5.000000000000173576e-03
5.000000000000174444e-03
5.000000000000175311e-03
5.000000000000176179e-03
5.000000000000177913e-03
5.000000000000178781e-03
5.000000000000179648e-03
5.000000000000179648e-03
5.000000000000181383e-03
5.000000000000182250e-03
5.000000000000183117e-03
5.000000000000184852e-03
5.000000000000185719e-03
5.000000000000185719e-03
5.000000000000187454e-03
5.000000000000188322e-03
5.000000000000189189e-03
5.000000000000190056e-03
5.000000000000190924e-03
5.000000000000191791e-03
5.000000000000192658e-03
5.000000000000193526e-03
5.000000000000195260e-03
5.000000000000195260e-03
5.000000000000196128e-03
5.000000000000196995e-03
5.000000000000198730e-03
5.000000000000198730e-03
5.000000000000200465e-03
5.000000000000201332e-03
5.000000000000202199e-03
5.000000000000203067e-03
5.000000000000203934e-03
5.000000000000204801e-03
5.000000000000205669e-03
5.000000000000206536e-03
5.000000000000207404e-03
5.000000000000208271e-03
5.000000000000209138e-03
5.000000000000210873e-03
5.000000000000211740e-03
5.000000000000212608e-03
5.000000000000213475e-03
5.000000000000214342e-03
5.000000000000215210e-03
5.000000000000216077e-03
5.000000000000216945e-03
5.000000000000217812e-03
5.000000000000218679e-03
5.000000000000219547e-03
5.000000000000220414e-03
5.000000000000221281e-03
5.000000000000223016e-03
5.000000000000223016e-03
5.000000000000224751e-03
5.000000000000224751e-03
5.000000000000225618e-03
5.000000000000227353e-03
5.000000000000228220e-03
5.000000000000229088e-03
5.000000000000229088e-03
5.000000000000230822e-03
5.000000000000231690e-03
5.000000000000231690e-03
5.000000000000233424e-03
5.000000000000234292e-03
5.000000000000235159e-03
5.000000000000236026e-03
5.000000000000236894e-03
5.000000000000237761e-03
5.000000000000238629e-03
5.000000000000239496e-03
5.000000000000240363e-03
5.000000000000241231e-03
5.000000000000242098e-03
5.000000000000242965e-03
5.000000000000243833e-03
5.000000000000244700e-03
5.000000000000245567e-03
5.000000000000246435e-03
5.000000000000247302e-03
5.000000000000248170e-03
5.000000000000249037e-03
5.000000000000249904e-03
5.000000000000250772e-03
5.000000000000250772e-03
5.000000000000252506e-03
5.000000000000252506e-03
5.000000000000254241e-03
5.000000000000255108e-03
5.000000000000255976e-03
5.000000000000255976e-03
5.000000000000257711e-03
5.000000000000257711e-03
5.000000000000258578e-03
5.000000000000259445e-03
5.000000000000260313e-03
5.000000000000261180e-03
5.000000000000262047e-03
5.000000000000262915e-03
5.000000000000263782e-03
5.000000000000264649e-03
5.000000000000265517e-03
5.000000000000266384e-03
5.000000000000267251e-03
5.000000000000268119e-03
5.000000000000268986e-03
5.000000000000269854e-03
5.000000000000270721e-03
5.000000000000271588e-03
5.000000000000272456e-03
5.000000000000273323e-03
5.000000000000273323e-03
5.000000000000274190e-03
5.000000000000275058e-03
5.000000000000275925e-03
5.000000000000277660e-03
5.000000000000277660e-03
5.000000000000278527e-03
5.000000000000279395e-03
5.000000000000280262e-03
5.000000000000281129e-03
5.000000000000281997e-03
5.000000000000282864e-03
5.000000000000282864e-03
5.000000000000283731e-03
5.000000000000284599e-03
5.000000000000285466e-03
5.000000000000286333e-03
5.000000000000287201e-03
5.000000000000288068e-03
5.000000000000288936e-03
5.000000000000289803e-03
5.000000000000290670e-03
5.000000000000290670e-03
5.000000000000292405e-03
5.000000000000293272e-03
5.000000000000293272e-03
5.000000000000294140e-03
5.000000000000295007e-03
5.000000000000295874e-03
5.000000000000295874e-03
5.000000000000297609e-03
5.000000000000297609e-03
5.000000000000298477e-03
5.000000000000299344e-03
5.000000000000300211e-03
5.000000000000301079e-03
5.000000000000301946e-03
5.000000000000301946e-03
5.000000000000303681e-03
5.000000000000304548e-03
5.000000000000305415e-03
5.000000000000305415e-03
5.000000000000307150e-03
5.000000000000307150e-03
5.000000000000308018e-03
5.000000000000308885e-03
5.000000000000309752e-03
5.000000000000309752e-03
5.000000000000310620e-03
5.000000000000311487e-03
5.000000000000312354e-03
5.000000000000313222e-03
5.000000000000313222e-03
5.000000000000314089e-03
5.000000000000314956e-03
5.000000000000315824e-03
5.000000000000316691e-03
5.000000000000317558e-03
5.000000000000317558e-03
5.000000000000319293e-03
5.000000000000319293e-03
5.000000000000320161e-03
5.000000000000321028e-03
5.000000000000321895e-03
5.000000000000322763e-03
5.000000000000322763e-03
5.000000000000323630e-03
5.000000000000324497e-03
5.000000000000325365e-03
5.000000000000326232e-03
5.000000000000327099e-03
5.000000000000327099e-03
5.000000000000327967e-03
5.000000000000328834e-03
5.000000000000329702e-03
5.000000000000329702e-03
5.000000000000330569e-03
5.000000000000331436e-03
5.000000000000332304e-03
5.000000000000333171e-03
5.000000000000333171e-03
5.000000000000334038e-03
5.000000000000334906e-03
5.000000000000335773e-03
5.000000000000336640e-03
5.000000000000336640e-03
5.000000000000337508e-03
5.000000000000338375e-03
5.000000000000339243e-03
5.000000000000339243e-03
5.000000000000340110e-03
5.000000000000340977e-03
5.000000000000341845e-03
5.000000000000342712e-03
5.000000000000342712e-03
5.000000000000343579e-03
5.000000000000344447e-03
5.000000000000345314e-03
5.000000000000346181e-03
5.000000000000346181e-03
5.000000000000347049e-03
5.000000000000347049e-03
5.000000000000348784e-03
5.000000000000349651e-03
5.000000000000349651e-03
5.000000000000351386e-03
5.000000000000351386e-03
5.000000000000352253e-03
5.000000000000353120e-03
5.000000000000353120e-03
5.000000000000354855e-03
5.000000000000354855e-03
5.000000000000355722e-03
5.000000000000355722e-03
5.000000000000357457e-03
5.000000000000358324e-03
5.000000000000358324e-03
5.000000000000359192e-03
5.000000000000359192e-03
5.000000000000360059e-03
5.000000000000360927e-03
5.000000000000360927e-03
5.000000000000361794e-03
5.000000000000362661e-03
5.000000000000363529e-03
5.000000000000364396e-03
5.000000000000364396e-03
5.000000000000365263e-03
5.000000000000366131e-03
5.000000000000366998e-03
5.000000000000366998e-03
5.000000000000367865e-03
5.000000000000368733e-03
5.000000000000368733e-03
5.000000000000369600e-03
5.000000000000370468e-03
5.000000000000371335e-03
5.000000000000372202e-03
5.000000000000372202e-03
5.000000000000373070e-03
5.000000000000373070e-03
5.000000000000373937e-03
5.000000000000374804e-03
5.000000000000375672e-03
5.000000000000376539e-03
5.000000000000376539e-03
5.000000000000377406e-03
5.000000000000378274e-03
5.000000000000379141e-03
5.000000000000379141e-03
5.000000000000380009e-03
5.000000000000380876e-03
5.000000000000380876e-03
5.000000000000381743e-03
5.000000000000382611e-03
5.000000000000382611e-03
5.000000000000383478e-03
5.000000000000384345e-03
5.000000000000384345e-03
5.000000000000385213e-03
5.000000000000386080e-03
5.000000000000386080e-03
5.000000000000386947e-03
5.000000000000387815e-03
5.000000000000388682e-03
5.000000000000388682e-03
5.000000000000389550e-03
5.000000000000389550e-03
5.000000000000390417e-03
5.000000000000391284e-03
5.000000000000392152e-03
5.000000000000392152e-03
5.000000000000393019e-03
5.000000000000393886e-03
5.000000000000393886e-03
5.000000000000394754e-03
5.000000000000394754e-03
5.000000000000395621e-03
5.000000000000396488e-03
5.000000000000396488e-03
5.000000000000398223e-03
5.000000000000398223e-03
5.000000000000398223e-03
5.000000000000399958e-03
5.000000000000399958e-03
5.000000000000400825e-03
5.000000000000401693e-03
5.000000000000401693e-03
5.000000000000402560e-03
5.000000000000402560e-03
5.000000000000403427e-03
5.000000000000404295e-03
5.000000000000404295e-03
5.000000000000406029e-03
5.000000000000406029e-03
5.000000000000406029e-03
5.000000000000407764e-03
5.000000000000407764e-03
5.000000000000408631e-03
5.000000000000408631e-03
5.000000000000409499e-03
5.000000000000410366e-03
5.000000000000410366e-03
5.000000000000411234e-03
5.000000000000412101e-03
5.000000000000412101e-03
5.000000000000412968e-03
5.000000000000412968e-03
5.000000000000413836e-03
5.000000000000413836e-03
5.000000000000414703e-03
5.000000000000415570e-03
5.000000000000415570e-03
5.000000000000416438e-03
5.000000000000417305e-03
5.000000000000417305e-03
5.000000000000417305e-03
5.000000000000418172e-03
5.000000000000419907e-03
5.000000000000419907e-03
5.000000000000419907e-03
5.000000000000420775e-03
5.000000000000421642e-03
5.000000000000422509e-03
5.000000000000422509e-03
5.000000000000423377e-03
5.000000000000423377e-03
5.000000000000424244e-03
5.000000000000424244e-03
5.000000000000424244e-03
5.000000000000425979e-03
5.000000000000426846e-03
5.000000000000425979e-03
5.000000000000427713e-03
5.000000000000427713e-03
5.000000000000428581e-03
5.000000000000429448e-03
5.000000000000429448e-03
5.000000000000430316e-03
5.000000000000430316e-03
5.000000000000431183e-03
5.000000000000432050e-03
5.000000000000432050e-03
5.000000000000432050e-03
5.000000000000432918e-03
5.000000000000433785e-03
5.000000000000433785e-03
5.000000000000434652e-03
5.000000000000435520e-03
5.000000000000435520e-03
5.000000000000436387e-03
5.000000000000436387e-03
5.000000000000437254e-03
5.000000000000437254e-03
5.000000000000438122e-03
5.000000000000438989e-03
5.000000000000438989e-03
5.000000000000439856e-03
5.000000000000439856e-03
5.000000000000440724e-03
5.000000000000441591e-03
5.000000000000441591e-03
5.000000000000442459e-03
5.000000000000443326e-03
5.000000000000443326e-03
5.000000000000444193e-03
5.000000000000444193e-03
5.000000000000445061e-03
5.000000000000445928e-03
5.000000000000445928e-03
5.000000000000445928e-03
5.000000000000447663e-03
5.000000000000447663e-03
5.000000000000447663e-03
5.000000000000448530e-03
5.000000000000449397e-03
5.000000000000449397e-03
5.000000000000450265e-03
5.000000000000451132e-03
5.000000000000451132e-03
5.000000000000452000e-03
5.000000000000452000e-03
5.000000000000452867e-03
5.000000000000453734e-03
5.000000000000453734e-03
5.000000000000453734e-03
5.000000000000454602e-03
5.000000000000455469e-03
5.000000000000455469e-03
5.000000000000456336e-03
5.000000000000457204e-03
5.000000000000457204e-03
5.000000000000457204e-03
5.000000000000458071e-03
5.000000000000458938e-03
5.000000000000458938e-03
5.000000000000459806e-03
5.000000000000459806e-03
5.000000000000459806e-03
5.000000000000460673e-03
5.000000000000461541e-03
5.000000000000461541e-03
5.000000000000462408e-03
5.000000000000463275e-03
5.000000000000463275e-03
5.000000000000464143e-03
5.000000000000465010e-03
5.000000000000465010e-03
5.000000000000465010e-03
5.000000000000465877e-03
5.000000000000466745e-03
5.000000000000466745e-03
5.000000000000467612e-03
5.000000000000467612e-03
5.000000000000467612e-03
5.000000000000469347e-03
5.000000000000469347e-03
5.000000000000470214e-03
5.000000000000470214e-03
5.000000000000471082e-03
5.000000000000471082e-03
5.000000000000471949e-03
5.000000000000472816e-03
5.000000000000472816e-03
5.000000000000472816e-03
5.000000000000473684e-03
5.000000000000474551e-03
5.000000000000474551e-03
5.000000000000474551e-03
5.000000000000475418e-03
5.000000000000475418e-03
5.000000000000476286e-03
5.000000000000476286e-03
5.000000000000477153e-03
5.000000000000477153e-03
5.000000000000478020e-03
5.000000000000478888e-03
5.000000000000478888e-03
5.000000000000478888e-03
5.000000000000479755e-03
5.000000000000480622e-03
5.000000000000480622e-03
5.000000000000481490e-03
5.000000000000481490e-03
5.000000000000481490e-03
5.000000000000482357e-03
5.000000000000482357e-03
5.000000000000483225e-03
5.000000000000484092e-03
5.000000000000484092e-03
5.000000000000484959e-03
5.000000000000484959e-03
5.000000000000484959e-03
5.000000000000485827e-03
5.000000000000486694e-03
5.000000000000486694e-03
5.000000000000487561e-03
5.000000000000488429e-03
5.000000000000488429e-03
5.000000000000488429e-03
5.000000000000489296e-03
5.000000000000490163e-03
5.000000000000490163e-03
5.000000000000490163e-03
5.000000000000491031e-03
5.000000000000491031e-03
5.000000000000491898e-03
5.000000000000492766e-03
5.000000000000492766e-03
5.000000000000492766e-03
5.000000000000493633e-03
5.000000000000494500e-03
5.000000000000494500e-03
5.000000000000495368e-03
5.000000000000495368e-03
5.000000000000495368e-03
5.000000000000496235e-03
5.000000000000496235e-03
5.000000000000497102e-03
5.000000000000497102e-03
5.000000000000497970e-03
5.000000000000497970e-03
5.000000000000498837e-03
5.000000000000498837e-03
5.000000000000498837e-03
5.000000000000499704e-03
5.000000000000499704e-03
5.000000000000500572e-03
5.000000000000501439e-03
5.000000000000501439e-03
5.000000000000501439e-03
5.000000000000502307e-03
5.000000000000503174e-03
5.000000000000503174e-03
5.000000000000503174e-03
5.000000000000504041e-03
5.000000000000504909e-03
5.000000000000504909e-03
5.000000000000504909e-03
5.000000000000505776e-03
5.000000000000506643e-03
5.000000000000506643e-03
5.000000000000506643e-03
5.000000000000507511e-03
5.000000000000507511e-03
5.000000000000508378e-03
5.000000000000508378e-03
5.000000000000509245e-03
5.000000000000510113e-03
5.000000000000510113e-03
5.000000000000510113e-03
5.000000000000510980e-03
5.000000000000510980e-03
5.000000000000510980e-03
5.000000000000511848e-03
5.000000000000511848e-03
5.000000000000512715e-03
5.000000000000512715e-03
5.000000000000513582e-03
5.000000000000513582e-03
5.000000000000514450e-03
5.000000000000514450e-03
5.000000000000515317e-03
5.000000000000515317e-03
5.000000000000516184e-03
5.000000000000516184e-03
5.000000000000517052e-03
5.000000000000517919e-03
5.000000000000517919e-03
5.000000000000517919e-03
5.000000000000518786e-03
5.000000000000518786e-03
5.000000000000518786e-03
5.000000000000519654e-03
5.000000000000520521e-03
5.000000000000520521e-03
5.000000000000520521e-03
5.000000000000521388e-03
5.000000000000521388e-03
5.000000000000522256e-03
5.000000000000522256e-03
5.000000000000522256e-03
5.000000000000523123e-03
5.000000000000523991e-03
5.000000000000523991e-03
5.000000000000523991e-03
5.000000000000524858e-03
5.000000000000524858e-03
