7.499999999999982375e-03
7.499999999999982375e-03
7.499999999999982375e-03
7.499999999999982375e-03
7.499999999999982375e-03
7.499999999999982375e-03
7.499999999999981508e-03
7.499999999999982375e-03
7.499999999999982375e-03
7.499999999999982375e-03
7.499999999999982375e-03
7.499999999999982375e-03
7.499999999999983243e-03
7.499999999999984110e-03
7.499999999999984110e-03
7.499999999999984110e-03
7.499999999999984977e-03
7.499999999999985845e-03
7.499999999999985845e-03
7.499999999999985845e-03
7.499999999999986712e-03
7.499999999999986712e-03
7.499999999999986712e-03
7.499999999999986712e-03
7.499999999999987579e-03
7.499999999999987579e-03
7.499999999999987579e-03
7.499999999999987579e-03
7.499999999999987579e-03
7.499999999999987579e-03
7.499999999999988447e-03
7.499999999999987579e-03
7.499999999999987579e-03
7.499999999999987579e-03
7.499999999999987579e-03
7.499999999999987579e-03
7.499999999999987579e-03
7.499999999999988447e-03
7.499999999999988447e-03
7.499999999999985845e-03
7.499999999999985845e-03
7.499999999999984977e-03
7.499999999999984110e-03
7.499999999999984110e-03
7.499999999999983243e-03
7.499999999999983243e-03
7.499999999999982375e-03
7.499999999999984110e-03
7.499999999999983243e-03
7.499999999999983243e-03
7.499999999999982375e-03
7.499999999999982375e-03
7.499999999999981508e-03
7.499999999999981508e-03
7.499999999999981508e-03
7.499999999999981508e-03
7.499999999999981508e-03
7.499999999999981508e-03
7.499999999999980640e-03
7.499999999999980640e-03
7.499999999999980640e-03
7.499999999999979773e-03
7.499999999999979773e-03
7.499999999999980640e-03
7.499999999999980640e-03
7.499999999999980640e-03
7.499999999999980640e-03
7.499999999999980640e-03
7.499999999999981508e-03
7.499999999999980640e-03
7.499999999999981508e-03
7.499999999999980640e-03
7.499999999999980640e-03
7.499999999999980640e-03
7.499999999999980640e-03
7.499999999999980640e-03
7.499999999999981508e-03
7.499999999999981508e-03
7.499999999999981508e-03
7.499999999999980640e-03
7.499999999999980640e-03
7.499999999999981508e-03
7.499999999999981508e-03
7.499999999999981508e-03
7.499999999999981508e-03
7.499999999999981508e-03
7.499999999999981508e-03
7.499999999999982375e-03
7.499999999999982375e-03
7.499999999999982375e-03
7.499999999999982375e-03
7.499999999999983243e-03
7.499999999999983243e-03
7.499999999999983243e-03
7.499999999999983243e-03
7.499999999999984110e-03
7.499999999999984110e-03
7.499999999999984110e-03
7.499999999999984110e-03
7.499999999999984110e-03
7.499999999999984110e-03
7.499999999999984110e-03
7.499999999999984110e-03
7.499999999999985845e-03
7.499999999999985845e-03
7.499999999999985845e-03
7.499999999999985845e-03
7.499999999999985845e-03
7.499999999999985845e-03
7.499999999999985845e-03
7.499999999999985845e-03
7.499999999999987579e-03
7.499999999999987579e-03
7.499999999999987579e-03
7.499999999999987579e-03
7.499999999999987579e-03
7.499999999999987579e-03
7.499999999999987579e-03
7.499999999999987579e-03
7.499999999999989314e-03
7.499999999999989314e-03
7.499999999999989314e-03
7.499999999999989314e-03
7.499999999999989314e-03
7.499999999999989314e-03
7.499999999999989314e-03
7.499999999999989314e-03
7.499999999999990181e-03
7.499999999999990181e-03
7.499999999999990181e-03
7.499999999999990181e-03
7.499999999999991049e-03
7.499999999999991049e-03
7.499999999999991049e-03
7.499999999999991049e-03
7.499999999999991049e-03
7.499999999999991049e-03
7.499999999999991049e-03
7.499999999999991049e-03
7.499999999999991916e-03
7.499999999999991049e-03
7.499999999999991049e-03
7.499999999999991049e-03
7.499999999999992784e-03
7.499999999999991916e-03
7.499999999999992784e-03
7.499999999999992784e-03
7.499999999999992784e-03
7.499999999999992784e-03
7.499999999999992784e-03
7.499999999999993651e-03
7.499999999999993651e-03
7.499999999999994518e-03
7.499999999999994518e-03
7.499999999999994518e-03
7.499999999999995386e-03
7.499999999999996253e-03
7.499999999999996253e-03
7.499999999999996253e-03
7.499999999999995386e-03
7.499999999999994518e-03
7.499999999999995386e-03
7.499999999999996253e-03
7.499999999999996253e-03
7.499999999999996253e-03
7.499999999999997120e-03
7.499999999999997120e-03
7.499999999999997120e-03
7.499999999999997120e-03
7.499999999999997120e-03
7.499999999999997988e-03
7.499999999999997988e-03
7.499999999999997988e-03
7.499999999999998855e-03
7.499999999999998855e-03
7.499999999999997988e-03
7.499999999999997988e-03
7.499999999999997988e-03
7.499999999999998855e-03
7.499999999999998855e-03
7.499999999999998855e-03
7.499999999999999722e-03
7.499999999999999722e-03
7.499999999999998855e-03
7.499999999999998855e-03
7.499999999999999722e-03
7.499999999999999722e-03
7.499999999999999722e-03
7.499999999999999722e-03
7.500000000000000590e-03
7.500000000000000590e-03
7.500000000000000590e-03
7.500000000000000590e-03
7.500000000000000590e-03
7.500000000000000590e-03
7.500000000000001457e-03
7.500000000000001457e-03
7.500000000000001457e-03
7.500000000000002325e-03
7.500000000000000590e-03
7.500000000000001457e-03
7.500000000000001457e-03
7.500000000000001457e-03
7.500000000000002325e-03
7.500000000000002325e-03
7.500000000000002325e-03
7.500000000000002325e-03
7.500000000000002325e-03
7.500000000000002325e-03
7.500000000000002325e-03
7.500000000000003192e-03
7.500000000000003192e-03
7.500000000000003192e-03
7.500000000000003192e-03
7.500000000000004059e-03
7.500000000000003192e-03
7.500000000000004059e-03
7.500000000000004059e-03
7.500000000000004059e-03
7.500000000000004059e-03
7.500000000000004059e-03
7.500000000000004927e-03
7.500000000000004927e-03
7.500000000000004059e-03
7.500000000000004059e-03
7.500000000000004059e-03
7.500000000000004927e-03
7.500000000000004927e-03
7.500000000000004927e-03
7.500000000000004927e-03
7.500000000000004927e-03
7.500000000000004927e-03
7.500000000000004927e-03
7.500000000000005794e-03
7.500000000000005794e-03
7.500000000000005794e-03
7.500000000000005794e-03
7.500000000000005794e-03
7.500000000000006661e-03
7.500000000000005794e-03
7.500000000000005794e-03
7.500000000000006661e-03
7.500000000000006661e-03
7.500000000000007529e-03
7.500000000000007529e-03
7.500000000000007529e-03
7.500000000000007529e-03
7.500000000000006661e-03
7.500000000000006661e-03
7.500000000000007529e-03
7.500000000000007529e-03
7.500000000000007529e-03
7.500000000000007529e-03
7.500000000000007529e-03
7.500000000000007529e-03
7.500000000000007529e-03
7.500000000000008396e-03
7.500000000000008396e-03
7.500000000000007529e-03
7.500000000000007529e-03
7.500000000000008396e-03
7.500000000000008396e-03
7.500000000000008396e-03
7.500000000000008396e-03
7.500000000000008396e-03
7.500000000000009263e-03
7.500000000000009263e-03
7.500000000000009263e-03
7.500000000000009263e-03
7.500000000000009263e-03
7.500000000000009263e-03
7.500000000000009263e-03
7.500000000000009263e-03
7.500000000000009263e-03
7.500000000000009263e-03
7.500000000000009263e-03
7.500000000000009263e-03
7.500000000000010131e-03
7.500000000000010131e-03
7.500000000000010131e-03
7.500000000000010131e-03
7.500000000000010131e-03
7.500000000000010131e-03
7.500000000000010131e-03
7.500000000000010998e-03
7.500000000000010998e-03
7.500000000000010998e-03
7.500000000000009263e-03
7.500000000000009263e-03
7.500000000000010131e-03
7.500000000000010131e-03
7.500000000000010131e-03
7.500000000000010131e-03
7.500000000000010131e-03
7.500000000000010131e-03
7.500000000000010998e-03
7.500000000000010998e-03
7.500000000000010998e-03
7.500000000000010998e-03
7.500000000000010998e-03
7.500000000000010998e-03
7.500000000000010998e-03
7.500000000000011866e-03
7.500000000000011866e-03
7.500000000000011866e-03
7.500000000000011866e-03
7.500000000000011866e-03
7.500000000000011866e-03
7.500000000000011866e-03
7.500000000000011866e-03
7.500000000000012733e-03
7.500000000000012733e-03
7.500000000000012733e-03
7.500000000000012733e-03
7.500000000000012733e-03
7.500000000000012733e-03
7.500000000000012733e-03
7.500000000000012733e-03
7.500000000000013600e-03
7.500000000000011866e-03
7.500000000000011866e-03
7.500000000000011866e-03
7.500000000000012733e-03
7.500000000000012733e-03
7.500000000000012733e-03
7.500000000000012733e-03
7.500000000000012733e-03
7.500000000000012733e-03
7.500000000000012733e-03
7.500000000000012733e-03
7.500000000000013600e-03
7.500000000000013600e-03
7.500000000000013600e-03
7.500000000000013600e-03
7.500000000000013600e-03
7.500000000000013600e-03
7.500000000000013600e-03
7.500000000000013600e-03
7.500000000000013600e-03
7.500000000000014468e-03
7.500000000000014468e-03
7.500000000000014468e-03
7.500000000000014468e-03
7.500000000000013600e-03
7.500000000000013600e-03
7.500000000000014468e-03
7.500000000000014468e-03
7.500000000000014468e-03
7.500000000000014468e-03
7.500000000000014468e-03
7.500000000000014468e-03
7.500000000000013600e-03
7.500000000000014468e-03
7.500000000000014468e-03
7.500000000000014468e-03
7.500000000000014468e-03
7.500000000000014468e-03
7.500000000000014468e-03
7.500000000000014468e-03
7.500000000000014468e-03
7.500000000000014468e-03
7.500000000000015335e-03
7.500000000000015335e-03
7.500000000000015335e-03
7.500000000000015335e-03
7.500000000000015335e-03
7.500000000000015335e-03
7.500000000000015335e-03
7.500000000000015335e-03
7.500000000000015335e-03
7.500000000000015335e-03
7.500000000000016202e-03
7.500000000000016202e-03
7.500000000000016202e-03
7.500000000000016202e-03
7.500000000000015335e-03
7.500000000000015335e-03
7.500000000000016202e-03
7.500000000000016202e-03
7.500000000000016202e-03
7.500000000000016202e-03
7.500000000000016202e-03
7.500000000000016202e-03
7.500000000000016202e-03
7.500000000000016202e-03
7.500000000000016202e-03
7.500000000000016202e-03
7.500000000000016202e-03
7.500000000000017070e-03
7.500000000000017070e-03
7.500000000000017070e-03
7.500000000000016202e-03
7.500000000000016202e-03
7.500000000000016202e-03
7.500000000000016202e-03
7.500000000000017070e-03
7.500000000000017070e-03
7.500000000000017070e-03
7.500000000000017070e-03
7.500000000000017070e-03
7.500000000000017070e-03
7.500000000000017937e-03
7.500000000000017937e-03
7.500000000000017937e-03
7.500000000000017937e-03
7.500000000000017937e-03
7.500000000000017937e-03
7.500000000000017937e-03
7.500000000000017937e-03
7.500000000000017937e-03
7.500000000000017937e-03
7.500000000000017937e-03
7.500000000000018804e-03
7.500000000000018804e-03
7.500000000000018804e-03
7.500000000000018804e-03
7.500000000000018804e-03
7.500000000000018804e-03
7.500000000000018804e-03
7.500000000000018804e-03
7.500000000000018804e-03
7.500000000000018804e-03
7.500000000000018804e-03
7.500000000000018804e-03
7.500000000000018804e-03
7.500000000000018804e-03
7.500000000000018804e-03
7.500000000000018804e-03
7.500000000000018804e-03
7.500000000000018804e-03
7.500000000000018804e-03
7.500000000000018804e-03
7.500000000000019672e-03
7.500000000000019672e-03
7.500000000000019672e-03
7.500000000000019672e-03
7.500000000000019672e-03
7.500000000000019672e-03
7.500000000000019672e-03
7.500000000000019672e-03
7.500000000000019672e-03
7.500000000000019672e-03
7.500000000000019672e-03
7.500000000000019672e-03
7.500000000000019672e-03
7.500000000000020539e-03
7.500000000000020539e-03
7.500000000000019672e-03
7.500000000000019672e-03
7.500000000000019672e-03
7.500000000000019672e-03
7.500000000000019672e-03
7.500000000000019672e-03
7.500000000000020539e-03
7.500000000000020539e-03
7.500000000000020539e-03
7.500000000000020539e-03
7.500000000000020539e-03
7.500000000000020539e-03
7.500000000000020539e-03
7.500000000000020539e-03
7.500000000000020539e-03
7.500000000000020539e-03
7.500000000000020539e-03
7.500000000000020539e-03
7.500000000000020539e-03
7.500000000000020539e-03
7.500000000000021406e-03
7.500000000000021406e-03
7.500000000000021406e-03
7.500000000000021406e-03
7.500000000000021406e-03
7.500000000000021406e-03
7.500000000000021406e-03
7.500000000000021406e-03
7.500000000000021406e-03
7.500000000000021406e-03
7.500000000000021406e-03
7.500000000000021406e-03
7.500000000000021406e-03
7.500000000000021406e-03
7.500000000000021406e-03
7.500000000000022274e-03
7.500000000000022274e-03
7.500000000000022274e-03
7.500000000000022274e-03
7.500000000000022274e-03
7.500000000000021406e-03
7.500000000000021406e-03
7.500000000000021406e-03
7.500000000000021406e-03
7.500000000000022274e-03
7.500000000000022274e-03
7.500000000000022274e-03
7.500000000000022274e-03
7.500000000000022274e-03
7.500000000000021406e-03
7.500000000000021406e-03
7.500000000000021406e-03
7.500000000000022274e-03
7.500000000000022274e-03
7.500000000000022274e-03
7.500000000000022274e-03
7.500000000000022274e-03
7.500000000000022274e-03
7.500000000000022274e-03
7.500000000000022274e-03
7.500000000000022274e-03
7.500000000000022274e-03
7.500000000000022274e-03
7.500000000000022274e-03
7.500000000000022274e-03
7.500000000000022274e-03
7.500000000000022274e-03
7.500000000000022274e-03
7.500000000000022274e-03
7.500000000000023141e-03
7.500000000000022274e-03
7.500000000000022274e-03
7.500000000000022274e-03
7.500000000000022274e-03
7.500000000000022274e-03
7.500000000000022274e-03
7.500000000000022274e-03
7.500000000000023141e-03
7.500000000000023141e-03
7.500000000000023141e-03
7.500000000000023141e-03
7.500000000000023141e-03
7.500000000000023141e-03
7.500000000000023141e-03
7.500000000000023141e-03
7.500000000000023141e-03
7.500000000000023141e-03
7.500000000000024009e-03
7.500000000000024009e-03
7.500000000000024009e-03
7.500000000000024009e-03
7.500000000000024009e-03
7.500000000000024009e-03
7.500000000000024009e-03
7.500000000000024009e-03
7.500000000000024009e-03
7.500000000000024009e-03
7.500000000000024009e-03
7.500000000000024009e-03
7.500000000000024009e-03
7.500000000000024009e-03
7.500000000000024009e-03
7.500000000000024009e-03
7.500000000000024009e-03
7.500000000000024009e-03
7.500000000000024009e-03
7.500000000000024009e-03
7.500000000000024009e-03
7.500000000000024876e-03
7.500000000000024009e-03
7.500000000000024876e-03
7.500000000000024009e-03
7.500000000000024876e-03
7.500000000000024876e-03
7.500000000000024876e-03
7.500000000000024876e-03
7.500000000000024876e-03
7.500000000000024876e-03
7.500000000000024876e-03
7.500000000000024876e-03
7.500000000000024876e-03
7.500000000000024009e-03
7.500000000000024876e-03
7.500000000000024009e-03
7.500000000000024876e-03
7.500000000000024876e-03
7.500000000000024876e-03
7.500000000000024876e-03
7.500000000000024009e-03
7.500000000000024876e-03
7.500000000000024009e-03
7.500000000000024876e-03
7.500000000000024009e-03
7.500000000000024876e-03
7.500000000000024009e-03
7.500000000000024876e-03
7.500000000000024009e-03
7.500000000000024876e-03
7.500000000000024009e-03
7.500000000000024876e-03
7.500000000000024009e-03
7.500000000000024876e-03
7.500000000000024009e-03
7.500000000000024876e-03
7.500000000000024876e-03
7.500000000000024876e-03
7.500000000000024876e-03
7.500000000000025743e-03
7.500000000000024876e-03
7.500000000000025743e-03
7.500000000000024876e-03
7.500000000000025743e-03
7.500000000000024876e-03
7.500000000000025743e-03
7.500000000000024876e-03
7.500000000000025743e-03
7.500000000000024876e-03
7.500000000000025743e-03
7.500000000000024876e-03
7.500000000000025743e-03
7.500000000000025743e-03
7.500000000000025743e-03
7.500000000000025743e-03
7.500000000000025743e-03
7.500000000000025743e-03
7.500000000000025743e-03
7.500000000000025743e-03
7.500000000000025743e-03
7.500000000000025743e-03
7.500000000000026611e-03
7.500000000000025743e-03
7.500000000000026611e-03
7.500000000000025743e-03
7.500000000000026611e-03
7.500000000000025743e-03
7.500000000000026611e-03
7.500000000000026611e-03
7.500000000000026611e-03
7.500000000000026611e-03
7.500000000000026611e-03
7.500000000000026611e-03
7.500000000000026611e-03
7.500000000000026611e-03
7.500000000000026611e-03
7.500000000000025743e-03
7.500000000000026611e-03
7.500000000000025743e-03
7.500000000000026611e-03
7.500000000000025743e-03
7.500000000000026611e-03
7.500000000000026611e-03
7.500000000000026611e-03
7.500000000000026611e-03
7.500000000000025743e-03
7.500000000000026611e-03
7.500000000000025743e-03
7.500000000000026611e-03
7.500000000000025743e-03
7.500000000000026611e-03
7.500000000000025743e-03
7.500000000000026611e-03
7.500000000000025743e-03
7.500000000000026611e-03
7.500000000000025743e-03
7.500000000000026611e-03
7.500000000000025743e-03
7.500000000000026611e-03
7.500000000000025743e-03
7.500000000000026611e-03
7.500000000000026611e-03
7.500000000000026611e-03
7.500000000000026611e-03
7.500000000000026611e-03
7.500000000000026611e-03
7.500000000000027478e-03
7.500000000000027478e-03
7.500000000000027478e-03
7.500000000000026611e-03
7.500000000000027478e-03
7.500000000000026611e-03
7.500000000000027478e-03
7.500000000000026611e-03
7.500000000000027478e-03
7.500000000000026611e-03
7.500000000000027478e-03
7.500000000000027478e-03
7.500000000000027478e-03
7.500000000000027478e-03
7.500000000000027478e-03
7.500000000000027478e-03
7.500000000000027478e-03
7.500000000000027478e-03
7.500000000000027478e-03
7.500000000000027478e-03
7.500000000000027478e-03
7.500000000000027478e-03
7.500000000000027478e-03
7.500000000000027478e-03
7.500000000000027478e-03
7.500000000000027478e-03
7.500000000000027478e-03
7.500000000000027478e-03
7.500000000000028345e-03
7.500000000000027478e-03
7.500000000000028345e-03
7.500000000000027478e-03
7.500000000000028345e-03
7.500000000000027478e-03
7.500000000000028345e-03
7.500000000000027478e-03
7.500000000000028345e-03
7.500000000000027478e-03
7.500000000000028345e-03
7.500000000000027478e-03
7.500000000000028345e-03
7.500000000000027478e-03
7.500000000000027478e-03
7.500000000000027478e-03
7.500000000000027478e-03
7.500000000000027478e-03
7.500000000000027478e-03
7.500000000000027478e-03
7.500000000000027478e-03
7.500000000000027478e-03
7.500000000000028345e-03
7.500000000000028345e-03
7.500000000000028345e-03
7.500000000000028345e-03
7.500000000000028345e-03
7.500000000000028345e-03
7.500000000000028345e-03
7.500000000000028345e-03
7.500000000000028345e-03
7.500000000000028345e-03
7.500000000000028345e-03
7.500000000000028345e-03
7.500000000000028345e-03
7.500000000000028345e-03
7.500000000000028345e-03
7.500000000000029213e-03
7.500000000000029213e-03
7.500000000000029213e-03
7.500000000000029213e-03
7.500000000000029213e-03
7.500000000000029213e-03
7.500000000000029213e-03
7.500000000000029213e-03
7.500000000000029213e-03
7.500000000000029213e-03
7.500000000000029213e-03
7.500000000000029213e-03
7.500000000000029213e-03
7.500000000000029213e-03
7.500000000000029213e-03
7.500000000000029213e-03
7.500000000000029213e-03
7.500000000000029213e-03
7.500000000000029213e-03
7.500000000000029213e-03
7.500000000000029213e-03
7.500000000000029213e-03
7.500000000000029213e-03
7.500000000000029213e-03
7.500000000000029213e-03
7.500000000000029213e-03
7.500000000000029213e-03
7.500000000000029213e-03
7.500000000000029213e-03
7.500000000000029213e-03
7.500000000000029213e-03
7.500000000000029213e-03
7.500000000000029213e-03
7.500000000000029213e-03
7.500000000000030080e-03
7.500000000000029213e-03
7.500000000000030080e-03
7.500000000000029213e-03
7.500000000000030080e-03
7.500000000000029213e-03
7.500000000000030080e-03
7.500000000000029213e-03
7.500000000000030080e-03
7.500000000000029213e-03
7.500000000000030080e-03
7.500000000000029213e-03
7.500000000000030080e-03
7.500000000000029213e-03
7.500000000000030080e-03
7.500000000000029213e-03
7.500000000000030080e-03
7.500000000000029213e-03
7.500000000000030080e-03
7.500000000000029213e-03
7.500000000000030080e-03
7.500000000000029213e-03
7.500000000000030080e-03
7.500000000000030080e-03
7.500000000000030080e-03
7.500000000000030080e-03
7.500000000000030080e-03
7.500000000000030080e-03
7.500000000000030080e-03
7.500000000000030080e-03
7.500000000000030080e-03
7.500000000000030080e-03
7.500000000000030080e-03
7.500000000000030080e-03
7.500000000000030080e-03
7.500000000000030080e-03
7.500000000000030080e-03
7.500000000000030080e-03
7.500000000000030080e-03
7.500000000000030080e-03
7.500000000000030080e-03
7.500000000000030080e-03
7.500000000000030080e-03
7.500000000000030080e-03
7.500000000000030080e-03
7.500000000000030080e-03
7.500000000000030080e-03
7.500000000000030080e-03
7.500000000000030080e-03
7.500000000000030080e-03
7.500000000000030080e-03
7.500000000000030080e-03
7.500000000000030080e-03
7.500000000000030080e-03
7.500000000000030080e-03
7.500000000000030080e-03
7.500000000000030080e-03
7.500000000000030080e-03
7.500000000000030080e-03
7.500000000000030947e-03
7.500000000000030947e-03
7.500000000000030947e-03
7.500000000000030947e-03
7.500000000000030947e-03
7.500000000000030947e-03
7.500000000000030947e-03
7.500000000000030947e-03
7.500000000000030947e-03
7.500000000000030947e-03
7.500000000000030947e-03
7.500000000000030947e-03
7.500000000000030947e-03
7.500000000000030947e-03
7.500000000000030947e-03
7.500000000000030947e-03
7.500000000000030947e-03
7.500000000000030947e-03
7.500000000000030947e-03
7.500000000000030947e-03
7.500000000000030947e-03
7.500000000000030947e-03
7.500000000000030947e-03
7.500000000000030947e-03
7.500000000000030947e-03
7.500000000000030947e-03
7.500000000000030947e-03
7.500000000000030947e-03
7.500000000000030947e-03
7.500000000000030947e-03
7.500000000000030947e-03
7.500000000000030947e-03
7.500000000000030947e-03
7.500000000000030947e-03
7.500000000000030947e-03
7.500000000000030947e-03
7.500000000000030947e-03
7.500000000000030947e-03
7.500000000000030947e-03
7.500000000000030947e-03
7.500000000000031815e-03
7.500000000000030947e-03
7.500000000000031815e-03
7.500000000000030947e-03
7.500000000000031815e-03
7.500000000000030947e-03
7.500000000000031815e-03
7.500000000000030947e-03
7.500000000000031815e-03
7.500000000000030947e-03
7.500000000000031815e-03
7.500000000000030947e-03
7.500000000000031815e-03
7.500000000000030947e-03
7.500000000000031815e-03
7.500000000000030947e-03
7.500000000000031815e-03
7.500000000000030947e-03
7.500000000000031815e-03
7.500000000000030947e-03
7.500000000000031815e-03
7.500000000000030947e-03
7.500000000000031815e-03
7.500000000000030947e-03
7.500000000000031815e-03
7.500000000000031815e-03
7.500000000000031815e-03
7.500000000000031815e-03
7.500000000000031815e-03
7.500000000000031815e-03
7.500000000000031815e-03
7.500000000000031815e-03
7.500000000000031815e-03
7.500000000000031815e-03
7.500000000000031815e-03
7.500000000000031815e-03
7.500000000000031815e-03
7.500000000000031815e-03
7.500000000000031815e-03
7.500000000000031815e-03
7.500000000000031815e-03
7.500000000000031815e-03
7.500000000000031815e-03
7.500000000000031815e-03
7.500000000000030947e-03
7.500000000000031815e-03
7.500000000000030947e-03
7.500000000000031815e-03
7.500000000000030947e-03
7.500000000000031815e-03
7.500000000000030947e-03
7.500000000000031815e-03
7.500000000000031815e-03
7.500000000000031815e-03
7.500000000000031815e-03
7.500000000000031815e-03
7.500000000000031815e-03
7.500000000000031815e-03
7.500000000000031815e-03
7.500000000000031815e-03
7.500000000000031815e-03
7.500000000000031815e-03
7.500000000000031815e-03
7.500000000000031815e-03
7.500000000000031815e-03
7.500000000000031815e-03
7.500000000000031815e-03
7.500000000000031815e-03
7.500000000000031815e-03
7.500000000000031815e-03
7.500000000000031815e-03
7.500000000000031815e-03
7.500000000000031815e-03
7.500000000000031815e-03
7.500000000000031815e-03
7.500000000000030947e-03
7.500000000000031815e-03
7.500000000000031815e-03
7.500000000000031815e-03
7.500000000000031815e-03
7.500000000000031815e-03
7.500000000000031815e-03
7.500000000000031815e-03
7.500000000000031815e-03
7.500000000000031815e-03
7.500000000000031815e-03
7.500000000000031815e-03
7.500000000000031815e-03
7.500000000000030947e-03
7.500000000000031815e-03
7.500000000000030947e-03
7.500000000000030947e-03
7.500000000000030947e-03
7.500000000000030947e-03
7.500000000000030947e-03
7.500000000000030947e-03
7.500000000000030947e-03
7.500000000000030947e-03
7.500000000000030947e-03
7.500000000000030947e-03
7.500000000000030080e-03
7.500000000000030947e-03
7.500000000000030080e-03
7.500000000000030080e-03
7.500000000000030947e-03
7.500000000000030080e-03
7.500000000000030080e-03
7.500000000000030080e-03
7.500000000000030080e-03
7.500000000000030080e-03
7.500000000000030080e-03
7.500000000000030080e-03
7.500000000000030080e-03
7.500000000000030080e-03
7.500000000000030080e-03
7.500000000000029213e-03
7.500000000000029213e-03
7.500000000000029213e-03
7.500000000000029213e-03
7.500000000000029213e-03
7.500000000000029213e-03
7.500000000000028345e-03
7.500000000000029213e-03
7.500000000000028345e-03
7.500000000000027478e-03
7.500000000000028345e-03
7.500000000000027478e-03
7.500000000000027478e-03
7.500000000000027478e-03
7.500000000000027478e-03
7.500000000000027478e-03
7.500000000000027478e-03
7.500000000000026611e-03
7.500000000000027478e-03
7.500000000000027478e-03
7.500000000000026611e-03
7.500000000000027478e-03
7.500000000000026611e-03
7.500000000000026611e-03
7.500000000000026611e-03
7.500000000000026611e-03
