5.896277499999602600e-04
6.505547863770769733e-04
7.474355068898514516e-04
6.708987351554220654e-04
6.262949696555946463e-04
6.048479669858921205e-04
5.776080816741618624e-04
5.544688131564857406e-04
5.329120378156372009e-04
5.065562185756159602e-04
4.863046914119237654e-04
4.696430772108775055e-04
4.583450502623860807e-04
4.495366052321434283e-04
4.396087718544571085e-04
4.259804494016369543e-04
4.135106750993988722e-04
4.018648239444576786e-04
3.911716471112154148e-04
3.813157508609695012e-04
3.722608095645617808e-04
3.637123108796275184e-04
3.562519022009398529e-04
3.494556893779073329e-04
3.429280743317371567e-04
3.376459729949904832e-04
3.329251924211613901e-04
3.284576033509974623e-04
3.247605240954999097e-04
3.209129500596744522e-04
3.188603205713214073e-04
3.185415168541764130e-04
3.184151989916243460e-04
3.179486665276634919e-04
3.158243562139357663e-04
3.135411135463000466e-04
3.117371726923501393e-04
3.106276378736380845e-04
3.088766651947974398e-04
3.064672395582370627e-04
3.041471486741506277e-04
3.015014733918689707e-04
2.993179869350767481e-04
2.972483719621966773e-04
2.943800104871469687e-04
2.920457113437986436e-04
2.894760630479073808e-04
2.874160096461487080e-04
2.849753535106020049e-04
2.826284362956750355e-04
2.801475730699728365e-04
2.778995416186588480e-04
2.755604150324347410e-04
2.735916474616664784e-04
2.713653728410043010e-04
2.694180179194301012e-04
2.673226409543413731e-04
2.651196390942241231e-04
2.629026969364337192e-04
2.607501513996914174e-04
2.588221307400902726e-04
2.569050341343653994e-04
2.550381783845287942e-04
2.531629600252624382e-04
2.513339354379227203e-04
2.495166588866551708e-04
2.478303248094450100e-04
2.461812895805314764e-04
2.446121646535229753e-04
2.429335318630477982e-04
2.412503356338119309e-04
2.395784218401233003e-04
2.380480629916807006e-04
2.366619700119814535e-04
2.352252091494347623e-04
2.337265962690845001e-04
2.322897487173049497e-04
2.308501745598856710e-04
2.294415433617775157e-04
2.280960623928710680e-04
2.267655852304106834e-04
2.254442203806341163e-04
2.242099724042922136e-04
2.230258586871271677e-04
2.217879147774001064e-04
2.206816777672542906e-04
2.195957678879389182e-04
2.183748092701774213e-04
2.172048407085250428e-04
2.160534984066398117e-04
2.148679201916651495e-04
2.137233011452077832e-04
2.125876086331306863e-04
2.114548130754651900e-04
2.103393692128572071e-04
2.092440448518483140e-04
2.081627375992494366e-04
2.070981431724916997e-04
2.060495788207466008e-04
2.050244522300439609e-04
2.040121854258669870e-04
2.030553294510121251e-04
2.020969107220063512e-04
2.011556642220875503e-04
2.002272989684709167e-04
1.992919921173940301e-04
1.983795858090250063e-04
1.974703863469954841e-04
1.965686160541644612e-04
1.956926155198740523e-04
1.948419004775384144e-04
1.939924761849435089e-04
1.931529717063189342e-04
1.923090685223840200e-04
1.914838450848212095e-04
1.906617819383532966e-04
1.898475531918830488e-04
1.890600610013654266e-04
1.882875703714773790e-04
1.875228636240714787e-04
1.867513258602987339e-04
1.859970536096334983e-04
1.852543223404013177e-04
1.845191362260852216e-04
1.837850210469667170e-04
1.830581706220906423e-04
1.823464818488375013e-04
1.816364379614310580e-04
1.809329038003899381e-04
1.802388766453043268e-04
1.795506330614956138e-04
1.788703598196944935e-04
1.782002988478042723e-04
1.775382605513841857e-04
1.768950793492760575e-04
1.762459075525294968e-04
1.756204802016559209e-04
1.749949823973543414e-04
1.743887481046590428e-04
1.738003188144918653e-04
1.732034616241207665e-04
1.726155992752321264e-04
1.720330641476922149e-04
1.714481783683578873e-04
1.708765283730791576e-04
1.703151243751269898e-04
1.697707120832566677e-04
1.692386832246959433e-04
1.687048970010699821e-04
1.681667446098239428e-04
1.676571831937017558e-04
1.671303233509405944e-04
1.666156637232870004e-04
1.661034093715036742e-04
1.655741232156449463e-04
1.650559095351393404e-04
1.645306428539276681e-04
1.640141163019965761e-04
1.635000688192996411e-04
1.629884823000577528e-04
1.624817479161829706e-04
1.619855208108259589e-04
1.615007688211514858e-04
1.610100250304498317e-04
1.605345569506302190e-04
1.600597354976867010e-04
1.595915690097386296e-04
1.591229129675151308e-04
1.586553132994116195e-04
1.581917392658782943e-04
1.577327510356334780e-04
1.572821803502987307e-04
1.568410503090564387e-04
1.563994471548178842e-04
1.559628289894147068e-04
1.555264986473967449e-04
1.551004932032469085e-04
1.546714876814747630e-04
1.542435107691029637e-04
1.538198514096458011e-04
1.534016309099943908e-04
1.529907007263671057e-04
1.525817624802235128e-04
1.521796029160915717e-04
1.517794290775151885e-04
1.513741173617715236e-04
1.509703404389997714e-04
1.505709124151171372e-04
1.501736534022766751e-04
1.497792294861264488e-04
1.493992870464751145e-04
1.490106678527981408e-04
1.486266424770007284e-04
1.482452762051468087e-04
1.478662768853858725e-04
1.474999134587046373e-04
1.471307685504786114e-04
1.467838306313460337e-04
1.464217904327960794e-04
1.460678560761305260e-04
1.457187982590455919e-04
1.453716543557707821e-04
1.450299646799921077e-04
1.446928054623544506e-04
1.443570926911804829e-04
1.440434088893237971e-04
1.437122014212538306e-04
1.433989823832926183e-04
1.430884363115410513e-04
1.427882281892468245e-04
1.424958400544196050e-04
1.422009961495664945e-04
1.418928710307175130e-04
1.415793338176420341e-04
1.412680900460193097e-04
1.409528472911987518e-04
1.406469887763379825e-04
1.403446725059996018e-04
1.400543817445742089e-04
1.397597113932523723e-04
1.394579906073564279e-04
1.391526250339999787e-04
1.388481297423958729e-04
1.385514769738716359e-04
1.382506529531345944e-04
1.379485827593755201e-04
1.376481049711643638e-04
1.373468707516799843e-04
1.370466856704599873e-04
1.367513290202463565e-04
1.364550323271693233e-04
1.361606653248041991e-04
1.358682269885661616e-04
1.355778783697066472e-04
1.352891800103096624e-04
1.350027075227214061e-04
1.347210849696419180e-04
1.344414698733017890e-04
1.341636104186075837e-04
1.338873684453556197e-04
1.336136801431328232e-04
1.333433605268609292e-04
1.330750640929373061e-04
1.328086732191110662e-04
1.325392794603384012e-04
1.322718268258387200e-04
1.320043641513082475e-04
1.317414502965598845e-04
1.314808114699102368e-04
1.312215249311795477e-04
1.309678151638469948e-04
1.307112256971317086e-04
1.304545045700720388e-04
1.301979384064324218e-04
1.299424931332227842e-04
1.296888100986202203e-04
1.294373888124522468e-04
1.291868485383100844e-04
1.289372231781111123e-04
1.286891272369313324e-04
1.284426655252347089e-04
1.281978260240985198e-04
1.279548637878384317e-04
1.277157482531763851e-04
1.274806903838167035e-04
1.272490738158541868e-04
1.270131640715048752e-04
1.267782686948249057e-04
1.265445545230845415e-04
1.263101425216170686e-04
1.260773201183101346e-04
1.258455451975527654e-04
1.256174849312071556e-04
1.253893580059354726e-04
1.251648654526085953e-04
1.249395671088051110e-04
1.247155791840637881e-04
1.244961026851791619e-04
1.242742615962631617e-04
1.240585501172455094e-04
1.238410702439066884e-04
1.236241491430098123e-04
1.234078690014761581e-04
1.231909325855699031e-04
1.229749552399972152e-04
1.227602451175121949e-04
1.225463508867842978e-04
1.223334122525756326e-04
1.221215808405405872e-04
1.219120670707435388e-04
1.217043110787064536e-04
1.214963949452291800e-04
1.212897116761548128e-04
1.210835800297468137e-04
1.208784585733427682e-04
1.206747817480185363e-04
1.204731637783031041e-04
1.202709303204515606e-04
1.200696514239722783e-04
1.198700423733961356e-04
1.196712444134556745e-04
1.194732849156185633e-04
1.192765022614328306e-04
1.190806457329845851e-04
1.188856796837519189e-04
1.186912951789213913e-04
1.184979672532445138e-04
1.183059798504766219e-04
1.181146501294653056e-04
1.179242412287320491e-04
1.177355353997163525e-04
1.175477729124392828e-04
1.173598594177193484e-04
1.171729286522223498e-04
1.169869737453616676e-04
1.168019822917561092e-04
1.166176097039350158e-04
1.164341117061467234e-04
1.162518965974245958e-04
1.160701112122516389e-04
1.158893686914072937e-04
1.157095498174150254e-04
1.155304610712923520e-04
1.153521617246031810e-04
1.151749323319470840e-04
1.149981695026284850e-04
1.148222519428766287e-04
1.146470907203873268e-04
1.144727225359908610e-04
1.142991590905990501e-04
1.141266003128907716e-04
1.139553013261370996e-04
1.137847115049242665e-04
1.136151652489976883e-04
1.134470726946959929e-04
1.132781457526600314e-04
1.131104919134950243e-04
1.129430727077999512e-04
1.127783661273599938e-04
1.126153089751058003e-04
1.124516817522603832e-04
1.122936571376324398e-04
1.121351552821248148e-04
1.119776360000233596e-04
1.118222996096503906e-04
1.116674261939277108e-04
1.115120818108929386e-04
1.113589616168733827e-04
1.112122219992958233e-04
1.110657022467684073e-04
1.109169589598787292e-04
1.107657433011264333e-04
1.106114527539520885e-04
1.104566958735007232e-04
1.103015104752399052e-04
1.101467508963236211e-04
1.099933534208372485e-04
1.098406836565118190e-04
1.096879571684620798e-04
1.095363851826199064e-04
1.093852550226793899e-04
1.092364308314974401e-04
1.090882440587483051e-04
1.089429969929978179e-04
1.087983854143196786e-04
1.086571309673938309e-04
1.085140905311234217e-04
1.083711442916087140e-04
1.082285628397542765e-04
1.080861001131634003e-04
1.079468975120431734e-04
1.078064222144932031e-04
1.076679784098622005e-04
1.075302673677609830e-04
1.073986069782985325e-04
1.072651199845862149e-04
1.071387985497729951e-04
1.070116777951906289e-04
1.068822869664626208e-04
1.067573232608459558e-04
1.066331827752356004e-04
1.065105603472666832e-04
1.063818735773005685e-04
1.062566124445677779e-04
1.061309648965223844e-04
1.060069037354742201e-04
1.058809314067349512e-04
1.057522696591924906e-04
1.056279936764529257e-04
1.055019072099253383e-04
1.053744692043864827e-04
1.052465908179367715e-04
1.051196195246582258e-04
1.049951758586482750e-04
1.048709613840253575e-04
1.047477438891885210e-04
1.046247738818142827e-04
1.044990625316669276e-04
1.043737346569340675e-04
1.042503983161453118e-04
1.041299420151595812e-04
1.040137796389133329e-04
1.038963456518934289e-04
1.037758411616197704e-04
1.036598533714526497e-04
1.035417862974618100e-04
1.034254024741312184e-04
1.033062471314297442e-04
1.031863990238826860e-04
1.030656857102821788e-04
1.029433676621893152e-04
1.028229487935933463e-04
1.027009492313950815e-04
1.025810864328744203e-04
1.024591753636009897e-04
1.023398837016206253e-04
1.022219263727631766e-04
1.021028727119720984e-04
1.019850308386672524e-04
1.018669805769194979e-04
1.017499124324017874e-04
1.016329382257028364e-04
1.015159015615490823e-04
1.013997482378492119e-04
1.012825825751060866e-04
1.011658628705049714e-04
1.010482461433256641e-04
1.009334815804036246e-04
1.008173634463025749e-04
1.007026427394072286e-04
1.005869418601114981e-04
1.004713040583773742e-04
1.003567683774670669e-04
1.002427355812713294e-04
1.001274564089603338e-04
1.000129474331256231e-04
9.989974971867838800e-05
9.978573393942662963e-05
9.967238881612113563e-05
9.955907786609497379e-05
9.944619376007861593e-05
9.933363457839374444e-05
9.922145695721291774e-05
9.910980962351848499e-05
9.899862013052118301e-05
9.888860934696420925e-05
9.877927760356862918e-05
9.866990540115780134e-05
9.856353024747735317e-05
9.845534568069308685e-05
9.834983660625293235e-05
9.824397983730668389e-05
9.813941661627072807e-05
9.803390770460252335e-05
9.792849382539113026e-05
9.782263843259910439e-05
9.771952641450643126e-05
9.761697999608689340e-05
9.751301780713620413e-05
9.741188291783951347e-05
9.731043015685034039e-05
9.721101638595334602e-05
9.711090218681292443e-05
9.701124842125714040e-05
9.691011185453220678e-05
9.681046652976920590e-05
9.671094128384980198e-05
9.661107643816291507e-05
9.651206610820555279e-05
9.641361060833840066e-05
9.631543470357134540e-05
9.621454844060207999e-05
9.611387871967056059e-05
9.601371794406946024e-05
9.591387706890295260e-05
9.581511738376436024e-05
9.571680931118510148e-05
9.561850767388104769e-05
9.551964779016213327e-05
9.542095197859581154e-05
9.532225709364199561e-05
9.522347086876310849e-05
9.512492913508849453e-05
9.502669010603417496e-05
9.492890463460002773e-05
9.483167126722632091e-05
9.473469601626277701e-05
9.463839140404697457e-05
9.454319531338641470e-05
9.444862649885393542e-05
9.435493248229387983e-05
9.426160868405895042e-05
9.416952492496222054e-05
9.407766773670280479e-05
9.398455254230323917e-05
9.389133159812179034e-05
9.379837893605691586e-05
9.370532560401020992e-05
9.361365723792605621e-05
9.352118184653562003e-05
9.342858894096076527e-05
9.333568154368588102e-05
9.324353605314240098e-05
9.315126584358233964e-05
9.305975778084988768e-05
9.296812421740342086e-05
9.287676265048960508e-05
9.278555843782979214e-05
9.269474590096316415e-05
9.260397688994581567e-05
9.251337019273449909e-05
9.242299629497696906e-05
9.233403209016812917e-05
9.224611012626556666e-05
9.215810106638161687e-05
9.207034871611227862e-05
9.198329037791355808e-05
9.189589172819280602e-05
9.180927800704903716e-05
9.172430274364450293e-05
9.163764565230893744e-05
9.155215580384053935e-05
9.146738128494216042e-05
9.138376627636102408e-05
9.129909507555083374e-05
9.121435197218098572e-05
9.112993524688431921e-05
9.104759188298924605e-05
9.096516263530651531e-05
9.088471569614101585e-05
9.080433065839312902e-05
9.072512499421576601e-05
9.064575288190250264e-05
9.056573585836447441e-05
9.048498743561555623e-05
9.040430374511983290e-05
9.032454986618831917e-05
9.024398021669998685e-05
9.016568177320728121e-05
9.008672572380917686e-05
9.000788323047545871e-05
8.992822817633636990e-05
8.984994704692502593e-05
8.976898974692739904e-05
8.968940512512382475e-05
8.960928212317448782e-05
8.952906438314032860e-05
8.945028955011553884e-05
8.937223643381954157e-05
8.929319913020898592e-05
8.921477145968579594e-05
8.913546943793593138e-05
8.905641689981659863e-05
8.897925637134100250e-05
8.890363855039460706e-05
8.882896785026524785e-05
8.875190392925123839e-05
8.867584694659007749e-05
8.859874890147370694e-05
8.852131255169507114e-05
8.844379732222963609e-05
8.836613512947506083e-05
8.828959009760551247e-05
8.821333219560817005e-05
8.813650337899270218e-05
8.805951452556174243e-05
8.798346630038368285e-05
8.790778565904174122e-05
8.783220217976012514e-05
8.775589742395631713e-05
8.768006593348397443e-05
8.760492540160556136e-05
8.753006834213849119e-05
8.745568256007498409e-05
8.738067077077465202e-05
8.730580083505973016e-05
8.723105146190481148e-05
8.715708507124390566e-05
8.708303136077266834e-05
8.700894507832067392e-05
8.693640448944322402e-05
8.686272223806886688e-05
8.679033639717780111e-05
8.671942851515118645e-05
8.664726166275530490e-05
8.657496667295425010e-05
8.650369696787753076e-05
8.643168983603012254e-05
8.635991305032861254e-05
8.628815096741739802e-05
8.621710127181759684e-05
8.614635742375747291e-05
8.607559461374670055e-05
8.600488276923203381e-05
8.593427548118545126e-05
8.586348378613138232e-05
8.579263874219380213e-05
8.572151888836322708e-05
8.565078595866382823e-05
8.557965775611277521e-05
8.550903417113408643e-05
8.543928114766351971e-05
8.536893704665896206e-05
8.529988582321246845e-05
8.523053966990035678e-05
8.516108600098697828e-05
8.509239580905910327e-05
8.502402946118921647e-05
8.495590472787507136e-05
8.488822378486089943e-05
8.482129992931260740e-05
8.475463106410103576e-05
8.468828307396491638e-05
8.462202848472128597e-05
8.455516402281864881e-05
8.448874610462833756e-05
8.442182739242801907e-05
8.435557064443280405e-05
8.428940982669191624e-05
8.422443931550449190e-05
8.415878515202803172e-05
8.409492840822960593e-05
8.403150544797479771e-05
8.396857456285644606e-05
8.390694470905682477e-05
8.384418537561204245e-05
8.378236558760583435e-05
8.372130741553810091e-05
8.366037576650701686e-05
8.359754053321820757e-05
8.353526322000954228e-05
8.347216939476602600e-05
8.341042747542641079e-05
8.334878549152942078e-05
8.328568487418660507e-05
8.322326486219561094e-05
8.316016968520701703e-05
8.309723678688841705e-05
8.303346957741558284e-05
8.296988611131787795e-05
8.290562105841124837e-05
8.284151619185906121e-05
8.277786520689547824e-05
8.271444470990795819e-05
8.265113776862427291e-05
8.258759419286931954e-05
8.252420337436476442e-05
8.246098820712926538e-05
8.239794764298138334e-05
8.233539173000469316e-05
8.227238969462621941e-05
8.220989306189170262e-05
8.214748309628907164e-05
8.208476461741506011e-05
8.202262414158777301e-05
8.196100402669592494e-05
8.189915752811197038e-05
8.183777719835426715e-05
8.177655854751239768e-05
8.171542023968423718e-05
8.165406655598529293e-05
8.159266210943359222e-05
8.153168124630901436e-05
8.147041784641723388e-05
8.140945317256184665e-05
8.134879895917943591e-05
8.128789543878228187e-05
8.122727123171446996e-05
8.116668145631656208e-05
8.110610099932478122e-05
8.104568397028773610e-05
8.098546911489288484e-05
8.092532351271133212e-05
8.086534247583994307e-05
8.080556416338562770e-05
8.074623767821844473e-05
8.068726315827546647e-05
8.062804759230179127e-05
8.056908301141469829e-05
8.050989764937792239e-05
8.045083872474216862e-05
8.039210910798692627e-05
8.033380818560388050e-05
8.027510939129582602e-05
8.021668827848389531e-05
8.015885752245219015e-05
8.010075499716628935e-05
8.004256936388826136e-05
7.998464918782467097e-05
7.992680904608306448e-05
7.986924554583358846e-05
7.981156365021645173e-05
7.975417265264972747e-05
7.969682088649592130e-05
7.963956575676745810e-05
7.958235025353614688e-05
7.952526375318390696e-05
7.946828333509805132e-05
7.941149647907943545e-05
7.935490691029942157e-05
7.929839330800279634e-05
7.924189291730142750e-05
7.918557396018333094e-05
7.912933899594494307e-05
7.907326297352963707e-05
7.901731561970756713e-05
7.896147833486973837e-05
7.890582112249704095e-05
7.885036220100394993e-05
7.879531636626759504e-05
7.874063335344645221e-05
7.868626093729912379e-05
7.863135735030346856e-05
7.857637745979726557e-05
7.852156719872025869e-05
7.846687816217885628e-05
7.841221827271693855e-05
7.835762730357604983e-05
7.830311870380400087e-05
7.824874270172209041e-05
7.819446058453806924e-05
7.814039855381387412e-05
7.808653655018376976e-05
7.803268925262631518e-05
7.797899869295289840e-05
7.792574498224291116e-05
7.787275938829642903e-05
7.781945104671744002e-05
7.776649572900565645e-05
7.771340493145665804e-05
7.766033405669061967e-05
7.760740528569729998e-05
7.755452427162976784e-05
7.750178534946528517e-05
7.744908627406835741e-05
7.739655350889693565e-05
7.734405106474944445e-05
7.729163472561474864e-05
7.723935307149925309e-05
7.718731866727277728e-05
7.713543686268839830e-05
7.708370323937910383e-05
7.703203855111916923e-05
7.698097007773038226e-05
7.693014651196371809e-05
7.687976339928158116e-05
7.682939948059732999e-05
7.677928508993873513e-05
7.672890632242375505e-05
7.667869466046829446e-05
7.662886395178828292e-05
7.657905302593420217e-05
7.652928724042870666e-05
7.648038032026617864e-05
7.643063804843877541e-05
7.638196421219008441e-05
7.633284393950768762e-05
7.628300479368420903e-05
7.623357676871769285e-05
7.618368937459050582e-05
7.613392682367493369e-05
7.608427967984522687e-05
7.603458805010794087e-05
7.598498478396614828e-05
7.593539917589688321e-05
7.588588522233442261e-05
7.583648054875150447e-05
7.578711764623370878e-05
7.573790292601536537e-05
7.568885251154574320e-05
7.563997637375457735e-05
7.559157449210297970e-05
7.554321407810000576e-05
7.549482684248523285e-05
7.544657726287656071e-05
7.539847699294851538e-05
7.535041266748518699e-05
7.530258212335663064e-05
7.525521816116758126e-05
7.520733880005447188e-05
7.516005018239245374e-05
7.511266598247313020e-05
7.506522548902106449e-05
7.501794124456326481e-05
7.497065599969986909e-05
7.492332157780473676e-05
7.487622664522353686e-05
7.482914497089790081e-05
7.478187524538735707e-05
7.473475498941291317e-05
7.468760253101282027e-05
7.464079752632135417e-05
7.459389143608480223e-05
7.454695913807236484e-05
7.450025212871782794e-05
7.445362266161631871e-05
7.440702584631816259e-05
7.436069756002074540e-05
7.431442480691797527e-05
7.426806754080865394e-05
7.422178037621767280e-05
7.417554461643289816e-05
7.412957186117024211e-05
7.408361352694909545e-05
7.403777754990016743e-05
7.399207441813748386e-05
7.394635997293104749e-05
7.390066701228634009e-05
7.385518560791272348e-05
7.380975766818045816e-05
7.376444693698859219e-05
7.371911862362919281e-05
7.367406932529089601e-05
7.362940042749020688e-05
7.358476668880062745e-05
7.354015426931499147e-05
7.349567735054365566e-05
7.345090054674279130e-05
7.340640457639490920e-05
7.336186075568179609e-05
7.331724762522604541e-05
7.327289487680736628e-05
7.322850634879204870e-05
7.318417082487048029e-05
7.314012785656735522e-05
7.309611827342400627e-05
7.305223015890918855e-05
7.300818595902963139e-05
7.296430388568425011e-05
7.292053381725371961e-05
7.287684591162508759e-05
7.283316457508512594e-05
7.278958411824460145e-05
7.274598044637775368e-05
7.270247300050274801e-05
7.265900296462497504e-05
7.261558579793458295e-05
7.257227393037391742e-05
7.252904501754772347e-05
7.248588166907197355e-05
7.244278852845448171e-05
7.239977487192759097e-05
7.235683076608251016e-05
7.231395288973225882e-05
7.227125491692875205e-05
7.222871166736105565e-05
7.218618969742057593e-05
7.214364405903837796e-05
7.210116648494345926e-05
7.205882110606082332e-05
7.201666494798305152e-05
7.197458748224216040e-05
7.193269084640727714e-05
7.189079601044651353e-05
7.184893325503806231e-05
7.180719898674419507e-05
7.176570339499562532e-05
7.172427155125483684e-05
7.168293836172200660e-05
7.164159587646043881e-05
7.160098279897972307e-05
7.155983124121733491e-05
7.151953019349916157e-05
7.147906852163070943e-05
7.143867065532256630e-05
7.139855050077979109e-05
7.135796161133304313e-05
7.131725881856646788e-05
7.127651184390149130e-05
7.123611332623449850e-05
7.119570361445787449e-05
7.115532297269601067e-05
7.111485389808055047e-05
7.107446050420664400e-05
7.103409333176562656e-05
7.099382967964786343e-05
7.095368907351933723e-05
7.091358087773714971e-05
7.087372685473279849e-05
7.083379670302377513e-05
7.079388705543554613e-05
7.075426998577153965e-05
7.071445195866068306e-05
7.067511057020426149e-05
7.063549576164885951e-05
7.059585977244900673e-05
7.055645455988186158e-05
7.051707448336548220e-05
7.047817229325646963e-05
7.043909640000577002e-05
7.040029739723160061e-05
7.036118191904825207e-05
7.032237407319552375e-05
7.028324037811006732e-05
7.024447555892719892e-05
7.020540756250628228e-05
7.016638483038597411e-05
7.012745603325431902e-05
7.008862998181378300e-05
7.004994323281267651e-05
7.001120279670937504e-05
6.997249024050888704e-05
6.993394014209520549e-05
6.989542070753707969e-05
6.985688916940157689e-05
6.981851939641110869e-05
6.978026694398136397e-05
6.974203262915368946e-05
6.970379576826271986e-05
6.966586691057749471e-05
6.962797586219366785e-05
6.959032640831259943e-05
6.955285560812649102e-05
6.951571969481440579e-05
6.947815955774863368e-05
6.944074820785697117e-05
6.940326482547343960e-05
6.936621951846663628e-05
6.932951565048093244e-05
6.929278463186533973e-05
6.925635213810460737e-05
6.921968716424514517e-05
6.918303965657438882e-05
6.914662046808041623e-05
6.911006565048353784e-05
6.907380559318361340e-05
6.903750493436573233e-05
6.900126499739829132e-05
6.896468979107072436e-05
6.892850187252761427e-05
6.889236844716285226e-05
6.885651568283606598e-05
6.882090180734240612e-05
6.878542093984505964e-05
6.875004485720133157e-05
6.871484697737745425e-05
6.867904776135900645e-05
6.864317051071989616e-05
6.860718325889856412e-05
6.857115286666824879e-05
6.853486449505589539e-05
6.849856711517808138e-05
6.846232852653064203e-05
6.842625232352898552e-05
6.839023381600999778e-05
6.835433141658607233e-05
6.831860635150083445e-05
6.828274933124773476e-05
6.824715543074906738e-05
6.821151900313812938e-05
6.817592879096479616e-05
6.814044075698648579e-05
6.810475883850063258e-05
6.806924078748599388e-05
6.803383062465471413e-05
6.799848501063595068e-05
6.796322093524621247e-05
6.792802114120824084e-05
6.789305434111428590e-05
6.785804687049104935e-05
6.782330889644142956e-05
6.778827118555962646e-05
6.775341687390510606e-05
6.771836152937509923e-05
6.768345675962219947e-05
6.764875189331765435e-05
6.761425347464443826e-05
6.757981646694702761e-05
6.754562296646651667e-05
6.751145787316543295e-05
6.747725981584814831e-05
6.744289322532048641e-05
6.740902437715051709e-05
6.737517857945108345e-05
6.734124020312380761e-05
6.730753602338043773e-05
6.727357031721495383e-05
6.723947408901619787e-05
6.720564694450997139e-05
6.717181700386721296e-05
6.713818335901775448e-05
6.710442545897738853e-05
6.707088932494867774e-05
6.703734602542656216e-05
6.700387670723835011e-05
6.697019212688339019e-05
6.693660107357888732e-05
6.690285314031408162e-05
6.686955247641246445e-05
6.683622120306727862e-05
6.680292679401393110e-05
6.676982893739275059e-05
6.673692294857172806e-05
6.670392865700158671e-05
6.667096159459474610e-05
6.663804674693886106e-05
6.660502944335505195e-05
6.657223604731149740e-05
6.653945447763359462e-05
6.650659549620180485e-05
