9.323458702500085626e-04
6.981600696290558546e-04
5.804198649769292621e-04
5.234149470292844605e-04
4.721376999114181255e-04
4.468761913207764096e-04
4.177529271473340799e-04
3.953414078992156604e-04
3.736293522008684014e-04
3.556316012450666162e-04
3.419967187363965266e-04
3.286700150234371748e-04
3.167220721595514674e-04
3.063495013907341922e-04
2.973520740180814539e-04
2.881760473943231261e-04
2.797202564643577923e-04
2.719138344003903447e-04
2.649130287605164051e-04
2.584505260700649724e-04
2.524673218730411669e-04
2.468519318605609091e-04
2.414276113168684415e-04
2.364727734542116429e-04
2.317676424433912563e-04
2.274899427189509067e-04
2.234407266100847244e-04
2.195677252389060597e-04
2.162570451053791212e-04
2.129586097474661308e-04
2.096532518129469794e-04
2.065144044056170481e-04
2.034925798213689193e-04
2.005719215154556868e-04
1.978271671724721832e-04
1.953840463075642267e-04
1.930184286667628536e-04
1.907877110527187001e-04
1.887640702228125203e-04
1.866474250047471517e-04
1.845118133503994781e-04
1.824258289180068552e-04
1.803277175263424969e-04
1.783192493812078751e-04
1.763583250423654677e-04
1.744693375659120578e-04
1.726040011220687765e-04
1.708173796961978783e-04
1.691247526619458325e-04
1.675233843304898662e-04
1.659705305497681115e-04
1.644117338045968883e-04
1.628895004332763798e-04
1.614319390092247531e-04
1.599910417803194725e-04
1.586054580337571934e-04
1.572845563185907430e-04
1.559684234093526719e-04
1.546977838768037717e-04
1.534193357546744321e-04
1.521757026465147557e-04
1.509698021732275124e-04
1.497956363964814770e-04
1.486604343860401618e-04
1.475718221669822413e-04
1.465126868356664486e-04
1.455229498012538755e-04
1.445746546969031514e-04
1.436379554240582355e-04
1.427122813614802553e-04
1.418194640937814224e-04
1.409664284681416550e-04
1.401142073394995942e-04
1.392329941376411974e-04
1.383691307341564677e-04
1.375949545364477924e-04
1.368334683723165942e-04
1.360816451487294697e-04
1.353560037375561864e-04
1.346360274598349868e-04
1.339469328298404391e-04
1.332437427925634715e-04
1.325886197456459410e-04
1.319737203154853643e-04
1.313520580399337790e-04
1.307552078517592458e-04
1.301650346995501025e-04
1.296200686053138897e-04
1.290556480156997382e-04
1.285301528050599102e-04
1.280643863580670932e-04
1.275501101783319089e-04
1.270390733951542268e-04
1.265201635209940289e-04
1.260686475825812953e-04
1.256458399627774676e-04
1.252093391344819581e-04
1.247615999503674420e-04
1.242864609506793281e-04
1.238513152979300348e-04
1.234147662703027383e-04
1.229806599538748246e-04
1.225687166834274304e-04
1.221678324790891198e-04
1.217661815402595632e-04
1.213638880259375032e-04
1.209594536414967681e-04
1.205774052737812170e-04
1.202503643596430113e-04
1.199474695169755733e-04
1.196726985992442377e-04
1.193762973980529922e-04
1.191030324607398266e-04
1.188394319954728056e-04
1.185576918597756299e-04
1.183072303895066438e-04
1.180516567663413019e-04
1.177600888980739717e-04
1.174579783546567937e-04
1.171536490918569724e-04
1.168193345464186786e-04
1.164675476034724631e-04
1.161474399650135563e-04
1.158330541399745948e-04
1.155497546817490199e-04
1.152797883999494836e-04
1.149775317772784014e-04
1.146995698784629354e-04
1.144304239470757826e-04
1.141944679572589867e-04
1.139645234039411280e-04
1.137532900058819052e-04
1.135534209019342390e-04
1.133393847896791578e-04
1.131035670015912993e-04
1.128887541164359982e-04
1.126623635193718713e-04
1.124391336648241079e-04
1.122141398409338698e-04
1.119802405193172536e-04
1.117435154246099519e-04
1.115105091149543314e-04
1.113129026119247581e-04
1.111060493602288387e-04
1.108970840171497697e-04
1.106637713518025882e-04
1.104330870461406994e-04
1.101850292296001886e-04
1.099458257503250835e-04
1.097131608924706769e-04
1.094862045037954372e-04
1.092449002959075668e-04
1.090129526111765791e-04
1.087580236526252867e-04
1.085175454451041676e-04
1.083059328269993476e-04
1.080894173436235963e-04
1.078777910904270499e-04
1.076721391154257578e-04
1.074637885625230572e-04
1.072615425290035220e-04
1.070421464221193661e-04
1.068259771000328772e-04
1.066105260334730443e-04
1.063934757821586755e-04
1.061792078430205460e-04
1.059648123305124848e-04
1.057491988770190537e-04
1.055489556756678877e-04
1.053539647941528865e-04
1.051402989317720222e-04
1.049330036413860951e-04
1.047415069288448405e-04
1.045547069873176360e-04
1.043767788451109004e-04
1.041815337920388610e-04
1.039820955566698036e-04
1.037969775338776359e-04
1.036152714202809072e-04
1.034212129976426741e-04
1.032292752755895244e-04
1.030497423057011552e-04
1.028714554057058063e-04
1.026900196919427051e-04
1.025226360010908819e-04
1.023483192674073689e-04
1.021882088769642596e-04
1.020314682088722935e-04
1.018683700124261020e-04
1.017102979337789392e-04
1.015516558720967765e-04
1.013860362507430703e-04
1.012212677620332206e-04
1.010560381238717652e-04
1.008840517193362705e-04
1.007295729225129430e-04
1.005811517222833014e-04
1.004439533913582518e-04
1.003083230233887474e-04
1.001711520788681621e-04
1.000407309378611927e-04
9.991814819931039580e-05
9.979338630348656605e-05
9.968557690243759679e-05
9.956608663916147737e-05
9.944605567683728229e-05
9.931629459246432365e-05
9.918695330611098065e-05
9.907566594922733176e-05
9.895985398470516178e-05
9.886326638594962685e-05
9.875188629491846854e-05
9.864768148976206204e-05
9.853496645568716919e-05
9.842561509305630273e-05
9.832917599680064279e-05
9.823773965591994220e-05
9.814534645260797894e-05
9.805762883655493056e-05
9.797581630451204619e-05
9.788784624434799955e-05
9.779965562763813416e-05
9.770118034733216628e-05
9.761588023198828408e-05
9.754396487840158057e-05
9.746058268589910230e-05
9.737422331665667721e-05
9.728638089545167081e-05
9.719018328548987662e-05
9.709820597586727364e-05
9.700595183894063017e-05
9.691149934789581764e-05
9.680958195646321767e-05
9.671201658244073436e-05
9.661870336392956108e-05
9.653335326537434275e-05
9.644121834034480767e-05
9.635771604851145846e-05
9.627804359854589113e-05
9.620044259468446090e-05
9.611317713565331957e-05
9.603428235780165907e-05
9.594709792609271224e-05
9.586160056565662239e-05
9.577774597416305769e-05
9.569928352333019971e-05
9.562080467700877792e-05
9.552621793971725081e-05
9.543117704850630982e-05
9.533346635547320389e-05
9.523287885162752574e-05
9.512663403867596950e-05
9.502763175335385054e-05
9.491995159147515024e-05
9.481963490896103271e-05
9.471640191340820007e-05
9.461035875101251626e-05
9.450434509765390559e-05
9.439881093208283658e-05
9.429654279928542464e-05
9.419893188659476805e-05
9.409661084946404394e-05
9.399654577050277858e-05
9.389287160885991771e-05
9.379126357350900335e-05
9.368766832806214883e-05
9.358101299302676356e-05
9.347296038230871540e-05
9.336383066022687553e-05
9.325891811952789399e-05
9.315486572443909975e-05
9.305045047390004263e-05
9.295055034722907530e-05
9.284448569900849923e-05
9.274426400033204427e-05
9.264273079629921966e-05
9.254206200406959917e-05
9.244065406110440618e-05
9.234204956991717242e-05
9.224971165699597810e-05
9.216739094199588502e-05
9.207963771781771845e-05
9.200276942332625846e-05
9.192132142384050887e-05
9.185130517760472959e-05
9.178230323546562376e-05
9.171160521739009613e-05
9.163653700224262861e-05
9.156307799570993810e-05
9.148717578892931154e-05
9.141253366446446492e-05
9.133336401799657385e-05
9.125157191468524472e-05
9.117705782024152611e-05
9.110615461905153525e-05
9.103174551229499393e-05
9.095798406878780496e-05
9.088270295415082280e-05
9.080845211091791928e-05
9.073701126029778399e-05
9.066560412198911489e-05
9.059648978119964479e-05
9.052173107746712866e-05
9.043998267893642523e-05
9.035598812944366383e-05
9.027742454462049052e-05
9.019494797783369393e-05
9.011147543567440954e-05
9.002635019817859690e-05
8.994448953828610652e-05
8.985634008752323512e-05
8.976531246257723410e-05
8.967237827298202085e-05
8.958440105635728811e-05
8.949690609272752584e-05
8.940807514267946801e-05
8.931783493575058209e-05
8.922547790740665565e-05
8.913122313381757278e-05
8.903942245009659130e-05
8.895109392138749534e-05
8.886512701975958918e-05
8.878174409981282880e-05
8.869518235735362717e-05
8.861040866315300732e-05
8.852550744637150001e-05
8.844238920204205946e-05
8.835751914597196025e-05
8.827637250026181665e-05
8.819670720046761414e-05
8.811829187232893062e-05
8.803739362759050813e-05
8.796187405535082257e-05
8.788490952975385384e-05
8.780904578573268037e-05
8.773689356112277405e-05
8.766317938128131743e-05
8.758929938102686394e-05
8.751586431705810152e-05
8.744069945335804250e-05
8.736004689358889646e-05
8.728414578009779132e-05
8.720989481574873087e-05
8.713506108549556048e-05
8.705487752068969526e-05
8.698167727338398144e-05
8.690454406284664783e-05
8.683083165968269695e-05
8.675314316185022767e-05
8.667553819168198159e-05
8.660058506055571138e-05
8.653104799624757634e-05
8.645504435594849127e-05
8.638325172400103500e-05
8.630784907333270543e-05
8.623278802537089256e-05
8.615666212080755641e-05
8.608388961983337519e-05
8.601069630518432636e-05
8.594147408223815705e-05
8.587203459463093236e-05
8.580684276117152948e-05
8.574123087247840689e-05
8.567483583389422360e-05
8.560804428942868946e-05
8.554076796351321396e-05
8.547528710859513543e-05
8.540549592290580874e-05
8.533738194288522359e-05
8.526964974503181162e-05
8.520091329530555006e-05
8.513222893320869131e-05
8.506234372496485204e-05
8.499376931044324809e-05
8.492276777402584518e-05
8.485541673281127718e-05
8.478607446918862579e-05
8.471625411487392543e-05
8.464392338620794598e-05
8.457524616793382492e-05
8.450243403854001154e-05
8.442700631969392376e-05
8.435250429019068249e-05
8.427945306695349889e-05
8.420335981267941397e-05
8.412893565974991980e-05
8.405737427124965156e-05
8.398433039643422512e-05
8.391243403022055614e-05
8.383972893372850367e-05
8.376406020453251429e-05
8.369052802792504762e-05
8.361644843155143414e-05
8.354380052444432324e-05
8.346867187621213110e-05
8.339415929032163678e-05
8.331988094576205073e-05
8.324720903721430723e-05
8.317568932728339399e-05
8.310327726914624850e-05
8.303230602905142517e-05
8.295908382444573302e-05
8.288413037407522509e-05
8.281005301212168517e-05
8.273806873054831803e-05
8.266344174160427847e-05
8.258830088880222563e-05
8.251139057826030964e-05
8.243520709503294173e-05
8.236030817136953078e-05
8.228568828135328719e-05
8.220908777297020555e-05
8.213441622500519646e-05
8.205737253516084539e-05
8.198080707511431120e-05
8.190577594297679203e-05
8.182929858692546729e-05
8.175166394669739585e-05
8.167380201077603045e-05
8.159759777646245619e-05
8.151978383160090669e-05
8.144354239732933399e-05
8.136789220224224393e-05
8.129348317362137491e-05
8.121817899871853770e-05
8.114394424548329523e-05
8.106978805950509600e-05
8.099668094237007167e-05
8.092455422779524902e-05
8.085447202756298731e-05
8.078670097902621700e-05
8.072186778443398033e-05
8.065584871615188870e-05
8.059009244853753979e-05
8.052423161069219011e-05
8.045429530271210560e-05
8.038454630486982608e-05
8.031522705106109111e-05
8.024647203369026955e-05
8.017777990235287831e-05
8.011017942923875045e-05
8.004516471018995548e-05
7.998049900954197012e-05
7.991594613155221017e-05
7.985093584738018387e-05
7.978600448792076173e-05
7.972105383211753346e-05
7.965672594175898726e-05
7.959456749071690479e-05
7.953307784247449000e-05
7.947120795233372325e-05
7.940962960671256172e-05
7.934879042032490866e-05
7.928869720480974479e-05
7.922787051464001934e-05
7.916746267752489672e-05
7.910675338034568206e-05
7.904482411236986902e-05
7.898445603869164720e-05
7.892244228303998618e-05
7.886061846368316668e-05
7.879664818960131355e-05
7.873476980332845846e-05
7.867218901470295913e-05
7.861004114414678627e-05
7.854688734616039301e-05
7.848657305420325898e-05
7.842516277362130501e-05
7.836482120877514570e-05
7.830373697750350455e-05
7.824055098563084188e-05
7.817785544552604128e-05
7.811570378810919150e-05
7.805445791252401538e-05
7.799376446962781573e-05
7.793305094905843592e-05
7.787053061833704116e-05
7.780945821428038864e-05
7.774817275371350344e-05
7.768709292469253458e-05
7.762691346778506087e-05
7.756668865826312810e-05
7.750797063569871668e-05
7.744808359041492553e-05
7.738830282424523799e-05
7.732842032555946245e-05
7.726965002894260054e-05
7.721124182300082256e-05
7.715239067688462403e-05
7.709521779583344435e-05
7.703815924791062447e-05
7.697954048069384698e-05
7.692179240223562882e-05
7.686414959770872018e-05
7.680686131643368561e-05
7.674909023567267328e-05
7.669192400062022704e-05
7.663377396929316535e-05
7.657571022161883880e-05
7.651840427951865002e-05
7.645999474532607601e-05
7.640124745600184548e-05
7.634366321596022938e-05
7.628585768704858620e-05
7.622940531780192288e-05
7.617410168119373101e-05
7.611793739772266664e-05
7.606245865519787816e-05
7.600692306518468957e-05
7.595251079590339819e-05
7.589731746595002135e-05
7.584258228368679950e-05
7.578786801887757159e-05
7.573397614483659427e-05
7.567912132996882269e-05
7.562640977143433797e-05
7.557321514885526395e-05
7.552026068597321006e-05
7.546773119086657637e-05
7.541507568902988169e-05
7.536369026924878624e-05
7.531040874888491373e-05
7.525856844162945043e-05
7.520491316076008165e-05
7.515216762192518482e-05
7.509926695106248595e-05
7.504753995743686419e-05
7.499548646995440329e-05
7.494391670239909295e-05
7.489263482397585817e-05
7.484114197204339871e-05
7.478978633784091564e-05
7.473874613476574967e-05
7.468802112482506137e-05
7.463628960084903380e-05
7.458534819173749187e-05
7.453473550758493292e-05
7.448379960556059532e-05
7.443383488509806422e-05
7.438429922647948910e-05
7.433439554831530348e-05
7.428448145466084312e-05
7.423428850671883502e-05
7.418467045868854708e-05
7.413302237776747542e-05
7.408229925503279545e-05
7.403097114894677678e-05
7.398023265559024793e-05
7.392917730014483802e-05
7.387792074340946498e-05
7.382756612407295044e-05
7.377814264191397066e-05
7.372826611758870905e-05
7.367849322831574236e-05
7.362690664849838671e-05
7.357499820733610885e-05
7.352256946125621797e-05
7.346995986962789752e-05
7.341744621226682112e-05
7.336519816815088824e-05
7.331455446873650511e-05
7.326331464353222323e-05
7.321201045652219364e-05
7.316003098882623511e-05
7.310863948337635978e-05
7.305807466621092180e-05
7.300691840379651984e-05
7.295621030888679870e-05
7.290561945613858628e-05
7.285533689752546761e-05
7.280520496850042948e-05
7.275559153406384186e-05
7.270605619359532762e-05
7.265798811881358436e-05
7.260899904967056716e-05
7.255972676901274959e-05
7.251132816463909641e-05
7.246335586637491584e-05
7.241586903933351399e-05
7.236823275126877473e-05
7.232045069680432528e-05
7.227310687426343090e-05
7.222605996585770123e-05
7.217827834433666000e-05
7.213013491395037506e-05
7.208061259890663442e-05
7.203298796265700092e-05
7.198518507078369958e-05
7.193769546517825709e-05
7.188950337950359641e-05
7.184257991042108287e-05
7.179523333855313666e-05
7.174834799751752612e-05
7.170145476893877146e-05
7.165337280797464954e-05
7.160718958731425248e-05
7.156137202065454507e-05
7.151588492578348454e-05
7.147072060089804905e-05
7.142499475002215365e-05
7.137935323436287068e-05
7.133457606644714013e-05
7.128998637652334848e-05
7.124612683967322018e-05
7.120257446980550670e-05
7.115818554605971653e-05
7.111308078995790265e-05
7.106832679634243299e-05
7.102402960704403301e-05
7.098009192610563146e-05
7.093622875642530113e-05
7.089155082087878629e-05
7.084774543614010965e-05
7.080397560563407317e-05
7.076061962378218104e-05
7.071658033459222244e-05
7.067278523956352072e-05
7.062863421002515626e-05
7.058430876059405118e-05
7.054011090810337879e-05
7.049612056782283975e-05
7.045197182033481067e-05
7.040781041727355049e-05
7.036458810650241371e-05
7.032055197971107498e-05
7.027687125235814413e-05
7.023262082088459679e-05
7.018836241249656459e-05
7.014429636411915656e-05
7.009985845599078975e-05
7.005513920088112033e-05
7.001023513582170434e-05
6.996564197182369429e-05
6.992064091887908019e-05
6.987630888605633349e-05
6.983152384126165783e-05
6.978745174766866571e-05
6.974302919310393421e-05
6.969835608912977674e-05
6.965419080771094765e-05
6.960956741231991932e-05
6.956533019023381328e-05
6.952106068885986268e-05
6.947660570565841027e-05
6.943210452307328371e-05
6.938741069943702908e-05
6.934347468816177387e-05
6.929972631882493712e-05
6.925493106582176963e-05
6.921003120884699935e-05
6.916519215354668818e-05
6.912078927529438882e-05
6.907624345261078691e-05
6.903153009854844134e-05
6.898679374624765029e-05
6.894278975522681022e-05
6.889770393867881970e-05
6.885317106711869495e-05
6.880820814386482407e-05
6.876339820096335164e-05
6.872039647130158250e-05
6.867697707783727650e-05
6.863425835188337798e-05
6.859070335436721303e-05
6.854710658724878542e-05
6.850371547420206506e-05
6.845980840326895732e-05
6.841645347580843487e-05
6.837312299387326899e-05
6.833005225884719743e-05
6.828728849539454410e-05
6.824405732585230944e-05
6.820170587465289758e-05
6.815905977939762785e-05
6.811572892496667233e-05
6.807245720626229225e-05
6.802892723615216466e-05
6.798523067675900583e-05
6.794081330828946640e-05
6.789677555889273020e-05
6.785213383203520302e-05
6.780796120220312776e-05
6.776370657864273078e-05
6.771987040659774250e-05
6.767636070083471358e-05
6.763279885159287309e-05
6.758968195101916628e-05
6.754611136595968740e-05
6.750236527102706705e-05
6.745891974401814614e-05
6.741519698999428071e-05
6.737142091394782313e-05
6.732747325128333679e-05
6.728367809843333362e-05
6.723950044711575231e-05
6.719499828636066102e-05
6.715066214765198142e-05
6.710624061600757801e-05
6.706244022389816332e-05
6.701926277283776700e-05
6.697580290140878515e-05
6.693263764912228090e-05
6.688969926712992056e-05
6.684751164827777410e-05
6.680492631059979126e-05
6.676246389076572114e-05
6.672033206961740725e-05
6.667813719832443896e-05
6.663614259028082724e-05
6.659435462037885823e-05
6.655277626517648332e-05
6.651163633362414031e-05
6.646993011545580918e-05
6.642828221950856764e-05
6.638679394917914429e-05
6.634553139641111619e-05
6.630439700729033137e-05
6.626351093963229067e-05
6.622244705940153289e-05
6.618202577226444706e-05
6.614215534412888186e-05
6.610226731187144819e-05
6.606263150108962609e-05
6.602296311801937741e-05
6.598331254473801004e-05
6.594362753670440606e-05
6.590447626535156313e-05
6.586553810228146331e-05
6.582670613870773109e-05
6.578832499598506723e-05
6.574896785961470002e-05
6.570988176102804802e-05
6.567134068123393073e-05
6.563236830588074571e-05
6.559369910884391575e-05
6.555484308173088216e-05
6.551671901389326583e-05
6.547874332725990500e-05
6.544061176518235952e-05
6.540228512212838965e-05
6.536422267444959148e-05
6.532612705978554891e-05
6.528800848032351503e-05
6.525001590951221985e-05
6.521193466820639380e-05
6.517375814944848856e-05
6.513568166707977625e-05
6.509759684315273066e-05
6.506015403497027541e-05
6.502257768216951751e-05
6.498502649291314421e-05
6.494722693966255094e-05
6.491001432394159635e-05
6.487268655325956776e-05
6.483528759889860629e-05
6.479798465023613955e-05
6.476018498459220241e-05
6.472250417100360574e-05
6.468509595728662634e-05
6.464768877579900265e-05
6.461033446399558192e-05
6.457301148698275841e-05
6.453599941472014899e-05
6.449866714490269475e-05
6.446183992128140246e-05
6.442489408707795229e-05
6.438795814369541182e-05
6.435101642545894187e-05
6.431387867461927645e-05
6.427671218852998476e-05
6.423963957930922501e-05
6.420204768705366661e-05
6.416504103560700717e-05
6.412797641253185996e-05
6.409109182293486911e-05
6.405434100933553613e-05
6.401749305465638225e-05
6.398043813880910867e-05
6.394379549836795074e-05
6.390628416986693957e-05
6.386919516630551507e-05
6.383192070484956565e-05
6.379450677686845494e-05
6.375720171509824440e-05
6.372002785318200697e-05
6.368307446470194879e-05
6.364644178282125638e-05
6.360966305670939856e-05
6.357331470992830648e-05
6.353748799031375127e-05
6.350138608304014545e-05
6.346474432370941194e-05
6.342807994715341999e-05
6.339200091970397519e-05
6.335608796721239335e-05
6.332003573188519383e-05
6.328423297569598532e-05
6.324862595852122414e-05
6.321264851405524582e-05
6.317645765169397287e-05
6.314016775108889385e-05
6.310421584807127994e-05
6.306817936026347133e-05
6.303203387861207622e-05
6.299610688634042722e-05
6.296052887212386356e-05
6.292531103385048811e-05
6.288998395855879668e-05
6.285491768061260301e-05
6.281990041373517234e-05
6.278466398963954392e-05
6.274923387006931181e-05
6.271425987737696552e-05
6.267905361644319519e-05
6.264395540124115594e-05
6.260880085737018748e-05
6.257361030677931516e-05
6.253835143761051580e-05
6.250319164042879435e-05
6.246815239915357130e-05
6.243327843116739414e-05
6.239805507452241104e-05
6.236295420516863887e-05
6.232770203214854773e-05
6.229279839960249956e-05
6.225826174753607966e-05
6.222369440324196973e-05
6.218908913534698180e-05
6.215487467486616104e-05
6.212018511964118213e-05
6.208544245652523419e-05
6.205124406108939188e-05
6.201690633808838520e-05
6.198272935157353848e-05
6.194844957356539770e-05
6.191462953166277847e-05
6.188027088957286873e-05
6.184633069534138086e-05
6.181243900254407156e-05
6.177876001552988429e-05
6.174470802271876581e-05
6.171117255657538486e-05
6.167747187284468486e-05
6.164403016177181062e-05
6.161064908448844312e-05
6.157744068381503844e-05
6.154435795087931078e-05
6.151140221084611863e-05
6.147862861475254662e-05
6.144608989452233496e-05
6.141340869735351028e-05
6.138091610083077243e-05
6.134823491904341556e-05
6.131589110478004464e-05
6.128381832220051843e-05
6.125171114848673758e-05
6.121953138276847348e-05
6.118710641940630938e-05
6.115468920508517815e-05
6.112223571289370427e-05
6.108969107451107700e-05
6.105758628381634408e-05
6.102544939224480419e-05
6.099356378201409214e-05
6.096133891515244737e-05
6.092933194857077552e-05
6.089737834538353612e-05
6.086524095181007312e-05
6.083298656264654819e-05
6.080083326244630041e-05
6.076873776676495521e-05
6.073669421278394729e-05
6.070480051867346470e-05
6.067296812580118335e-05
6.064108729362326197e-05
6.060909290508874157e-05
6.057733626219206793e-05
6.054559205520917037e-05
6.051390630741666928e-05
6.048260056988859424e-05
6.045137280384451809e-05
6.042008337545306076e-05
6.038882254890858882e-05
6.035775619741853110e-05
6.032649006137592450e-05
6.029501935826066559e-05
6.026384933446758609e-05
6.023247492375777295e-05
6.020135925984099429e-05
6.017027351465747118e-05
6.013905249976763681e-05
6.010800873646751711e-05
6.007700729984012921e-05
6.004619825119002848e-05
6.001527858139215385e-05
5.998433980905198412e-05
5.995319403144718656e-05
5.992232630888141810e-05
5.989140637361731239e-05
5.986012367321327137e-05
5.982885065791786856e-05
5.979767523843202603e-05
5.976629268861624654e-05
5.973502526495428255e-05
5.970371746535534975e-05
5.967233070500274384e-05
5.964107008216722238e-05
5.960974555138762610e-05
5.957830071210215572e-05
5.954692727593949319e-05
5.951542059474118623e-05
5.948406075590687188e-05
5.945275509430308295e-05
5.942144779285516332e-05
5.939032840886069231e-05
5.935908965959022995e-05
5.932801103733120372e-05
5.929697777904632415e-05
5.926605183955015410e-05
5.923530866010405868e-05
5.920462391217265594e-05
5.917421519130752186e-05
5.914377646249882939e-05
5.911351535890161909e-05
5.908324176493796095e-05
5.905324784862139923e-05
5.902317593485042221e-05
5.899319292274557782e-05
5.896326281707958656e-05
5.893326941816463035e-05
5.890329546896596642e-05
5.887325800740521200e-05
5.884305323193836704e-05
5.881311445475781956e-05
5.878308616551793374e-05
5.875316819561427433e-05
5.872318440180547083e-05
5.869327649630878797e-05
5.866332038539943461e-05
5.863335526947369673e-05
5.860362254393248257e-05
5.857415620316425273e-05
5.854480914838443810e-05
5.851552043417334117e-05
5.848643375550100155e-05
5.845731250344133668e-05
5.842800585487880743e-05
5.839860044087676646e-05
5.836931904398363826e-05
5.833992438919382369e-05
5.831057597279490573e-05
5.828107953210266457e-05
5.825158620202233658e-05
5.822209797866959686e-05
5.819254740403005124e-05
5.816301558294592264e-05
5.813347748529153387e-05
5.810393593426368009e-05
5.807447952261906107e-05
5.804492601919243334e-05
5.801540184625570605e-05
5.798587132820665665e-05
5.795632849111350700e-05
5.792682758792295605e-05
5.789731489323183563e-05
5.786789676055279196e-05
5.783851209426421445e-05
5.780918739913862807e-05
5.777982787327663597e-05
5.775060889589930547e-05
5.772138466661965481e-05
5.769222593111213935e-05
5.766310307069215862e-05
5.763403758878276467e-05
5.760504565638951182e-05
5.757601453620692002e-05
5.754707473994321432e-05
5.751826321854020598e-05
5.748952271442304713e-05
5.746084197752269871e-05
5.743217467322959036e-05
5.740352945843155748e-05
5.737489270664969436e-05
5.734636656460652534e-05
5.731794946255997240e-05
5.728949990488463166e-05
5.726116836244576306e-05
5.723293676095167628e-05
5.720474526926004534e-05
5.717662522463994008e-05
5.714853171200228355e-05
5.712048627807978976e-05
5.709239912378364631e-05
5.706426211672130735e-05
5.703616733770895041e-05
5.700811151844277567e-05
5.698021448846097523e-05
5.695224240745032693e-05
5.692437044559116657e-05
5.689655833935943906e-05
