5.975925252500069451e-03
4.241754363013469468e-03
3.463431330288238054e-03
3.016436888111360872e-03
2.698016181955128611e-03
2.473369261070610878e-03
2.304633930414640239e-03
2.164117194087851817e-03
2.041044511191079588e-03
1.944912574820878643e-03
1.857153191302805687e-03
1.781655729567754127e-03
1.712133408395434672e-03
1.653876851036599352e-03
1.597799480989296360e-03
1.547062811637387597e-03
1.500900996159679592e-03
1.459521579845438890e-03
1.421618012648498278e-03
1.385952891903574190e-03
1.353576431223244610e-03
1.323513914227261072e-03
1.295494628648567129e-03
1.269750511797212728e-03
1.245177433123862169e-03
1.221122891802200929e-03
1.198699306820074240e-03
1.177113386151433560e-03
1.156640288498363015e-03
1.137539965949385277e-03
1.119116621674481719e-03
1.101818393861735829e-03
1.085675096164697437e-03
1.073506935615654292e-03
1.060133569480320535e-03
1.048840755442809755e-03
1.035828421249883205e-03
1.022687348043410703e-03
1.009948566618377530e-03
9.972678045213100636e-04
9.859173233312628053e-04
9.743312717991732758e-04
9.629356179150543515e-04
9.519303876232901567e-04
9.414634987986242797e-04
9.316573904423865529e-04
9.231499990956344107e-04
9.158064502013934377e-04
9.080961717220601293e-04
8.996823678147061656e-04
8.915681311823455031e-04
8.832437694936074238e-04
8.754880795733794652e-04
8.673572443341047303e-04
8.596173774510346404e-04
8.519078685035920157e-04
8.444019503938350775e-04
8.371092039546244000e-04
8.300026032671439617e-04
8.230783829849593752e-04
8.163070059018733395e-04
8.096985158099508214e-04
8.032635156689719568e-04
7.969650176199980819e-04
7.910999652372373292e-04
7.851978383735916433e-04
7.793277836837280608e-04
7.737121317850948485e-04
7.681054594553976024e-04
7.626565114664501498e-04
7.573759992774139809e-04
7.521013229039735532e-04
7.469321918834251209e-04
7.418708600029596308e-04
7.369436197972069336e-04
7.321356942574695163e-04
7.273686103949625944e-04
7.227024328556782553e-04
7.181154368655840370e-04
7.136359542157567643e-04
7.092425599671974045e-04
7.049133877008850052e-04
7.006889374263331567e-04
6.965779653508217227e-04
6.929778900104043536e-04
6.891626700451030599e-04
6.853613006487797431e-04
6.815240819500236738e-04
6.778109303691587113e-04
6.742566882830296681e-04
6.707115086072021944e-04
6.670974897831107291e-04
6.635052039227201789e-04
6.599666101742484789e-04
6.566289541634592105e-04
6.533833677651905902e-04
6.501537517190514748e-04
6.468915041598747879e-04
6.436562177183350513e-04
6.404298507555461744e-04
6.372823581572518775e-04
6.342446759155475526e-04
6.312624373365757552e-04
6.285514903802025700e-04
6.258023277518739904e-04
6.231534424084220593e-04
6.203767671032838459e-04
6.175884010084060297e-04
6.148714622072493780e-04
6.122379517845810129e-04
6.096821825595452344e-04
6.070877332824414644e-04
6.045760559511224310e-04
6.020747717257687610e-04
5.996230691404850870e-04
5.971392413006415805e-04
5.946076568346177638e-04
5.921110829587631057e-04
5.896346571479574826e-04
5.871865263566462692e-04
5.848225530594986215e-04
5.826681043982233008e-04
5.804044008964890419e-04
5.783158132330784617e-04
5.761840094277091403e-04
5.742766751271492559e-04
5.725416050060905607e-04
5.709054803385089005e-04
5.692133358044393224e-04
5.675341990976561857e-04
5.660249212157857698e-04
5.643437740801631689e-04
5.630229805694779823e-04
5.617336363645310813e-04
5.606133512297467375e-04
5.590674436015716058e-04
5.574079297454759187e-04
5.557451488804738800e-04
5.543169766884992926e-04
5.529227056517183351e-04
5.516007539039428182e-04
5.502811479309773759e-04
5.488609190133075929e-04
5.475271050984169665e-04
5.460517649084467833e-04
5.446733120928831879e-04
5.433329932594413783e-04
5.422526108030505110e-04
5.408873178278473604e-04
5.395367250588482128e-04
5.382973356085552418e-04
5.370130181349066925e-04
5.357619597065037698e-04
5.345661538300062327e-04
5.333961644615293563e-04
5.325195158706750231e-04
5.316611413995114615e-04
5.305633780823987853e-04
5.294141160775864231e-04
5.283438314573651092e-04
5.273603918804008975e-04
5.263383330177108478e-04
5.254178672984802408e-04
5.245130778383670428e-04
5.236869723736650804e-04
5.228092996580479971e-04
5.219138834812489221e-04
5.209789806088568767e-04
5.198915959842167036e-04
5.189031584727073166e-04
5.178099711056520981e-04
5.167886717935040852e-04
5.157616582886597996e-04
5.147240285974313215e-04
5.137683189772983012e-04
5.128290849874356195e-04
5.119058813755100095e-04
5.109702556529739648e-04
5.099969311136835250e-04
5.090569834657109136e-04
5.079470072342261514e-04
5.068518405507507502e-04
5.058482567349286037e-04
5.048895497415710693e-04
5.039022612896479868e-04
5.028035796833919087e-04
5.018484921055026658e-04
5.008039061166896788e-04
4.998014286912226241e-04
4.987930088428144809e-04
4.977863205311789177e-04
4.968471941974735538e-04
4.958805984594632761e-04
4.948813808341255950e-04
4.939514769566441706e-04
4.929947332229623431e-04
4.920135735288355553e-04
4.910783469177491291e-04
4.901792920091312686e-04
4.893485559310685592e-04
4.884691173837442738e-04
4.876071885874463138e-04
4.867528937467183073e-04
4.858880054178794363e-04
4.849904757770893602e-04
4.840677494011711899e-04
4.831850809939375389e-04
4.823566478783645919e-04
4.816104202617161527e-04
4.807808277698857728e-04
4.799031901555596497e-04
4.790392183105644558e-04
4.781538081488491518e-04
4.772383618913974375e-04
4.762624305993566013e-04
4.753110394947806182e-04
4.743502444498221568e-04
4.733970865850262795e-04
4.724878976812835868e-04
4.716185214890672439e-04
4.707200015701811522e-04
4.698273344933315515e-04
4.688847409446733790e-04
4.679973179858750972e-04
4.671120246171740721e-04
4.662407239084192471e-04
4.653708062544605452e-04
4.644994072470157859e-04
4.636905329090565647e-04
4.628693703170906073e-04
4.620225086817649255e-04
4.612496868301514566e-04
4.604911407221012822e-04
4.597085221197620003e-04
4.589330930679222029e-04
4.581321001761910023e-04
4.573775003328334004e-04
4.566405027474589170e-04
4.559438689361890022e-04
4.551911828202533745e-04
4.544290904133540588e-04
4.536784980613957851e-04
4.529299367053858639e-04
4.521612090028256491e-04
4.513862164994607924e-04
4.506055464530370896e-04
4.498732024142849256e-04
4.491413617174847017e-04
4.483795966298907807e-04
4.476493305578770196e-04
4.469033377400099096e-04
4.461718029402361447e-04
4.453853226739176610e-04
4.445930037981293088e-04
4.438070388393450987e-04
4.430070861853948488e-04
4.421969975994381220e-04
4.414042882757263737e-04
4.406399482691728681e-04
4.398726439537064452e-04
4.391549061902284097e-04
4.384469043926631860e-04
4.377459670641993539e-04
4.370368881025421038e-04
4.363454457694356707e-04
4.356478622707529529e-04
4.349420287673091837e-04
4.342233493638599645e-04
4.334887022068047418e-04
4.327519782905023087e-04
4.320213968213527846e-04
4.312621694430884313e-04
4.305285972048958419e-04
4.297727377796226370e-04
4.290178060699496279e-04
4.282609262393149790e-04
4.275119733085658443e-04
4.267725511492258803e-04
4.260414910388250482e-04
4.253081106137114966e-04
4.245687951908148385e-04
4.238607900074192075e-04
4.231712540307297379e-04
4.224987436908187182e-04
4.218349879029435322e-04
4.211560044538282610e-04
4.204768591369939458e-04
4.198251965995448303e-04
4.191646739491792064e-04
4.185049310734418053e-04
4.178855423212433071e-04
4.172750957818379650e-04
4.166157652287816077e-04
4.159894886048143953e-04
4.153771551919602256e-04
4.147958886381324008e-04
4.142213259072483902e-04
4.136333075401097542e-04
4.130718197959867811e-04
4.124707768338423293e-04
4.118656975464485281e-04
4.112942363977598026e-04
4.107285171352457196e-04
4.101770921085049187e-04
4.096409170504872123e-04
4.091240833293980912e-04
4.086267135102515202e-04
4.081291906747700491e-04
4.076186387290610153e-04
4.071046264556993648e-04
4.065787798088326289e-04
4.060597665277741524e-04
4.055384722633666975e-04
4.049865242133587851e-04
4.044261347510292844e-04
4.038855381175488792e-04
4.033350128691206454e-04
4.028064170723891766e-04
4.022906302689720215e-04
4.017804861027668905e-04
4.012726624309435842e-04
4.007617466265755274e-04
4.002356768437961582e-04
3.997155411394264857e-04
3.992183293829436211e-04
3.986873274572713677e-04
3.981714813341623673e-04
3.976684501269583320e-04
3.971592085342133993e-04
3.966221725192353460e-04
3.960928591601276059e-04
3.955728895737913790e-04
3.950491380026012814e-04
3.945360939002622589e-04
3.940096073666662533e-04
3.934714188223988008e-04
3.929346102409340675e-04
3.923945361775051295e-04
3.918632945948983333e-04
3.913394181521939567e-04
3.908277446444611137e-04
3.903396991840859718e-04
3.898572936510759672e-04
3.893823000157087483e-04
3.888873073310364120e-04
3.883860450282695834e-04
3.878730112269574109e-04
3.873618658190581252e-04
3.868551244928473140e-04
3.863399711595129175e-04
3.858199145073362593e-04
3.853037095533337121e-04
3.847902638488698160e-04
3.842681596968167525e-04
3.837541418157020164e-04
3.832414075362090291e-04
3.827318596968239074e-04
3.822464138637412232e-04
3.817434698682238992e-04
3.812380670397488044e-04
3.807332300657317262e-04
3.802251807007513314e-04
3.797220067421793865e-04
3.792121323442539647e-04
3.787041213630076950e-04
3.782003436985512590e-04
3.776980190485800838e-04
3.771977477601246129e-04
3.766976409981873108e-04
3.761985653882219229e-04
3.756945870120509314e-04
3.751943754825508401e-04
3.746927381914926707e-04
3.741915027702057400e-04
3.736926578877260803e-04
3.731958310503858908e-04
3.727013765320830413e-04
3.722080605337126026e-04
3.717167119933530183e-04
3.712273212208479505e-04
3.707398868301052032e-04
3.702549519455227713e-04
3.697712966915787697e-04
3.692913186400785140e-04
3.688114076934843086e-04
3.683335179964444426e-04
3.678575477129158999e-04
3.673846112228472969e-04
3.669120960596749712e-04
3.664429167129497171e-04
3.659758575646865721e-04
3.655096232782415453e-04
3.650469392645985540e-04
3.645836703768935119e-04
3.641221445127264191e-04
3.636621073394900004e-04
3.632038955154893848e-04
3.627473477539824723e-04
3.622928527777331473e-04
3.618397158803461351e-04
3.613886590164061465e-04
3.609403107844407410e-04
3.604934877318625259e-04
3.600478062922712885e-04
3.596044789398337776e-04
3.591638077241401938e-04
3.587241336409444374e-04
3.582877375701405903e-04
3.578523312600151072e-04
3.574171728138528649e-04
3.569843056994494472e-04
3.565511819741201075e-04
3.561193739819168425e-04
3.556899094560598477e-04
3.552625115242223543e-04
3.548356326833368869e-04
3.544121978043766321e-04
3.539888972857423025e-04
3.535670990002411627e-04
3.531478961173950765e-04
3.527282312909518465e-04
3.523118588821807715e-04
3.518951687495001229e-04
3.514804247153519067e-04
3.510667438056122927e-04
3.506550306801309714e-04
3.502446703732125513e-04
3.498355548747274376e-04
3.494287116379220823e-04
3.490230973287048377e-04
3.486211287062623040e-04
3.482190755026815616e-04
3.478219110098908998e-04
3.474223632776235406e-04
3.470276635336405993e-04
3.466337062857232114e-04
3.462431495811689962e-04
3.458597093869907285e-04
3.454722266312768302e-04
3.450870093629217314e-04
3.447078897174735558e-04
3.443259527216278068e-04
3.439447817148006911e-04
3.435711023926222478e-04
3.431932241593865199e-04
3.428193924026879920e-04
3.424456670573128476e-04
3.420729712359871027e-04
3.417048489476320482e-04
3.413348655655958639e-04
3.409654378115421053e-04
3.405955444106000571e-04
3.402255486294633547e-04
3.398597742588632133e-04
3.394946431256787149e-04
3.391263032597358236e-04
3.387567961924787619e-04
3.383868083611511648e-04
3.380186325768573660e-04
3.376517009837082099e-04
3.372876243780425663e-04
3.369238440047003162e-04
3.365621004876511260e-04
3.362033657315224660e-04
3.358434226855095892e-04
3.354842846309761119e-04
3.351263928219640740e-04
3.347692738940678597e-04
3.344148318548790882e-04
3.340597381487763091e-04
3.337062149177940306e-04
3.333546762004511630e-04
3.330033017032787437e-04
3.326545378417472575e-04
3.323086746123719501e-04
3.319690569529817111e-04
3.316243566644128289e-04
3.312812279002419198e-04
3.309374810627981100e-04
3.305943524261073128e-04
3.302522882281270296e-04
3.299102794844194849e-04
3.295686905830229221e-04
3.292281174617491348e-04
3.288885320045412770e-04
3.285503605368131764e-04
3.282129042693685667e-04
3.278765506491790349e-04
3.275419616449881817e-04
3.272092889317158642e-04
3.268770522500063992e-04
3.265455831086425055e-04
3.262145897829032515e-04
3.258845106738183085e-04
3.255559420618013935e-04
3.252280044519928622e-04
3.249006884839116286e-04
3.245743351130322128e-04
3.242489680720580798e-04
3.239247033240400778e-04
3.236013249455739959e-04
3.232792772632311928e-04
3.229588582063860902e-04
3.226397694855472195e-04
3.223223149479820769e-04
3.220056773399274097e-04
3.216884458250049384e-04
3.213717972940007689e-04
3.210566033593271920e-04
3.207417201382809142e-04
3.204277856590459863e-04
3.201150353386749596e-04
3.198030813470916205e-04
3.194924766979830586e-04
3.191821717170932301e-04
3.188749771942688319e-04
3.185677100381679788e-04
3.182627404101906064e-04
3.179594649855213692e-04
3.176563062774448486e-04
3.173518370006027834e-04
3.170481571467885875e-04
3.167463628558395247e-04
3.164450854639614254e-04
3.161447205265895924e-04
3.158463848385969141e-04
3.155477962434630971e-04
3.152492046509447672e-04
3.149520297288601776e-04
3.146558274469912438e-04
3.143604754594154561e-04
3.140662693482141948e-04
3.137738013178985839e-04
3.134804262911321010e-04
3.131898558805665733e-04
3.128981650767414862e-04
3.126073298003665519e-04
3.123171742214145286e-04
3.120278499002580668e-04
3.117389148124624252e-04
3.114512010966397982e-04
3.111637530290396660e-04
3.108771448041409936e-04
3.105914266430806546e-04
3.103063526262626556e-04
3.100220761198607070e-04
3.097390441380603503e-04
3.094577372558222710e-04
3.091785881082190386e-04
3.088984649017914304e-04
3.086191807595741322e-04
3.083405709188688135e-04
3.080624534747876202e-04
3.077853411647293153e-04
3.075095649779545294e-04
3.072339201820182197e-04
3.069604262982905609e-04
3.066872148155457630e-04
3.064141246060880590e-04
3.061407321706637714e-04
3.058678583526391599e-04
3.055960545384393497e-04
3.053245537355839083e-04
3.050537690461239374e-04
3.047837131976536976e-04
3.045144618061063546e-04
3.042464371896070404e-04
3.039796105478798972e-04
3.037139797081271761e-04
3.034480135843102707e-04
3.031824669212842822e-04
3.029175111015151010e-04
3.026530996741897501e-04
3.023893509507311712e-04
3.021263911064971238e-04
3.018643942736601565e-04
3.016031701584910899e-04
3.013422378392911923e-04
3.010829450467859868e-04
3.008239551413367666e-04
3.005662277945177273e-04
3.003084194568025693e-04
3.000509315624416088e-04
2.997940072355367511e-04
2.995377963162918259e-04
2.992826209538250329e-04
2.990277135885185652e-04
2.987744378511000181e-04
2.985211701120820782e-04
2.982689396210691816e-04
2.980185655274813356e-04
2.977681483460507881e-04
2.975173421260592717e-04
2.972680226194631607e-04
2.970202507496150809e-04
2.967722196980503852e-04
2.965243998084025260e-04
2.962782027322564092e-04
2.960320182601763037e-04
2.957882451603870079e-04
2.955435742717804105e-04
2.952993178788542675e-04
2.950550665796665439e-04
2.948126388895577765e-04
2.945700449533315509e-04
2.943274621961027232e-04
2.940859008407916385e-04
2.938456411294387534e-04
2.936064820948547805e-04
2.933665575658127842e-04
2.931277153791833146e-04
2.928895027481553427e-04
2.926515872629672057e-04
2.924170240486359692e-04
2.921800498924540033e-04
2.919481757430409871e-04
2.917150214069624196e-04
2.914832885688261026e-04
2.912534745941612233e-04
2.910217389324255876e-04
2.907902213772334656e-04
2.905592515941711365e-04
2.903304836887320183e-04
2.901003181548673644e-04
2.898710988454908507e-04
2.896401457602499783e-04
2.894097146918619729e-04
2.891813782256058996e-04
2.889522568705015751e-04
2.887248391818430160e-04
2.884979043382680883e-04
2.882698170708921336e-04
2.880423523494442901e-04
2.878157326648300859e-04
2.875898431728568256e-04
2.873650219917818060e-04
2.871414273573059364e-04
2.869184010560071906e-04
2.866951251716221504e-04
2.864719417064636245e-04
2.862499810665886210e-04
2.860294200327717835e-04
2.858105321784343528e-04
2.855915546857779107e-04
2.853705405762795543e-04
2.851505390221129336e-04
2.849311593828704405e-04
2.847114817165167112e-04
2.844922312114462151e-04
2.842739608290606088e-04
2.840571946249009880e-04
2.838408923741341070e-04
2.836272154783147704e-04
2.834144963878323215e-04
2.832016312615769343e-04
2.829892095466586001e-04
2.827794222465559006e-04
2.825706858649866039e-04
2.823648934732782821e-04
2.821581124670185180e-04
2.819517272751592154e-04
2.817430092572111976e-04
2.815360712784896577e-04
2.813274001834461667e-04
2.811226023315953229e-04
2.809168629619903648e-04
2.807131540680319671e-04
2.805076128095001283e-04
2.803009702607307373e-04
2.800959017790459211e-04
2.798911948126820391e-04
2.796858780573165831e-04
2.794800581003227037e-04
2.792750524444488473e-04
2.790699964088021547e-04
2.788655004679306548e-04
2.786599095971253794e-04
2.784554356005611449e-04
2.782503944513161341e-04
2.780457297721285084e-04
2.778415544473691184e-04
2.776377846972243654e-04
2.774348097481926659e-04
2.772319465650925998e-04
2.770295530055834170e-04
2.768286064390987128e-04
2.766275760000880594e-04
2.764275311874730642e-04
2.762274144746674608e-04
2.760275211879364824e-04
2.758279249087385466e-04
2.756287517309206599e-04
2.754300712372706504e-04
2.752318176243253082e-04
2.750342452255818753e-04
2.748370849937957451e-04
2.746406076093022139e-04
2.744443455473296180e-04
2.742479652038855992e-04
2.740520669047783191e-04
2.738565349835107268e-04
2.736614503048100089e-04
2.734667496531963311e-04
2.732725442492122347e-04
2.730787856969466346e-04
2.728853266390328250e-04
2.726926184352703852e-04
2.725001868146937701e-04
2.723079496733194285e-04
2.721161328923322651e-04
2.719247552778436788e-04
2.717338341499565954e-04
2.715435034021788951e-04
2.713535522455785874e-04
2.711641861164118409e-04
2.709747927269402952e-04
2.707858215731456732e-04
2.705973292988402825e-04
2.704093170759032860e-04
2.702219613555112161e-04
2.700350961742788939e-04
2.698483806208206641e-04
2.696623556470460412e-04
2.694765334785161840e-04
2.692910470973354791e-04
2.691066129896544463e-04
2.689218658485972835e-04
2.687374355031420790e-04
2.685532496476282418e-04
2.683697379142976642e-04
2.681867761280813558e-04
2.680039665091086425e-04
2.678220549217821540e-04
2.676409071910584186e-04
2.674610867881767220e-04
2.672810317706596347e-04
2.671010468546464677e-04
2.669212093964188660e-04
2.667413158720761891e-04
2.665620563189946882e-04
2.663838100935940131e-04
2.662059444113283190e-04
2.660274758399089855e-04
2.658490878398786224e-04
2.656709659149331841e-04
2.654929646064161579e-04
2.653152171130167096e-04
2.651378878137812382e-04
2.649608473217533538e-04
2.647845359668940263e-04
2.646084298502953303e-04
2.644328186022524901e-04
2.642578893019953260e-04
2.640831866909109120e-04
2.639099400172812424e-04
2.637357117414481896e-04
2.635618409389647236e-04
2.633887370066318638e-04
2.632151800732284840e-04
2.630423685965699939e-04
2.628695089292854264e-04
2.626969866654457232e-04
2.625248096472626276e-04
2.623530562219878403e-04
2.621815275664858883e-04
2.620103721691063718e-04
2.618395604851304600e-04
2.616693357615478693e-04
2.614991769534480946e-04
2.613295139095625063e-04
2.611601833930129340e-04
2.609909969929195437e-04
2.608221506551645225e-04
2.606536064806599766e-04
2.604854503365989821e-04
2.603175882489104469e-04
2.601500497604497834e-04
2.599829265861463169e-04
2.598160145793846905e-04
2.596494124608111453e-04
2.594832432898105750e-04
2.593173568472196991e-04
2.591517604359866943e-04
2.589865243661549927e-04
2.588221192457894814e-04
2.586580422168761970e-04
2.584944215536288188e-04
2.583314665751987142e-04
2.581690739116210601e-04
2.580069213969971888e-04
2.578452737297084237e-04
2.576843031753745569e-04
2.575230715341686244e-04
2.573629868559709852e-04
2.572034489765872558e-04
2.570453868042793240e-04
2.568875301635355451e-04
2.567305176807793644e-04
2.565753165514167954e-04
2.564206662223554828e-04
2.562646237988427380e-04
2.561110051535508731e-04
2.559572145147838819e-04
2.558021916323047662e-04
2.556499286382752636e-04
2.554977945437913122e-04
2.553458697199497882e-04
2.551940422678345604e-04
2.550462739292622323e-04
2.548990145494766952e-04
2.547504205003509417e-04
2.546022858040864379e-04
2.544555443955635703e-04
2.543089703802324042e-04
2.541607670178290990e-04
2.540140880422568593e-04
2.538688696901386199e-04
2.537244684503349858e-04
2.535812401144101904e-04
2.534387233519137220e-04
2.532930271640510943e-04
2.531486820851646313e-04
2.530063098868082813e-04
2.528631398780981261e-04
2.527237075130866909e-04
2.525820355209019768e-04
2.524371944577366383e-04
2.522932869330893270e-04
2.521495232588581866e-04
2.520049493513930794e-04
2.518629024038782885e-04
2.517214383023217892e-04
2.515798588361045402e-04
2.514391537887854201e-04
2.512990083759885089e-04
2.511592994796286895e-04
2.510207520331017182e-04
2.508815225189524214e-04
2.507452463107769222e-04
2.506093940147042175e-04
2.504740951849441155e-04
2.503383687513869704e-04
2.502036686544963583e-04
2.500698768470346585e-04
2.499348426145751693e-04
2.498002727168695410e-04
2.496679324596030414e-04
2.495379549916637444e-04
2.494111412712283864e-04
2.492869546706673735e-04
2.491607022671088923e-04
2.490338817607472754e-04
2.489086212362556306e-04
2.487860809106101612e-04
2.486686520592654810e-04
2.485455115557479839e-04
2.484227958557853953e-04
2.483020907266646747e-04
2.481809821099517665e-04
2.480601287768251207e-04
2.479403882422134852e-04
2.478212817980943107e-04
2.477057237436695696e-04
2.475925861182939653e-04
2.474783936006368697e-04
2.473670306665181175e-04
2.472566878258774777e-04
2.471437405829888839e-04
2.470315973727145410e-04
2.469169115285178872e-04
2.468052240280420003e-04
2.466930609256178810e-04
2.465810385494415281e-04
2.464673839339199721e-04
2.463581315998868734e-04
2.462536301499069070e-04
2.461455569485907846e-04
2.460386100853640279e-04
2.459299110005214216e-04
2.458287224280777733e-04
2.457252805654146200e-04
2.456280213643340354e-04
2.455332380085063315e-04
2.454378849277183850e-04
2.453396266795205768e-04
2.452400814890742537e-04
2.451405979006801117e-04
2.450399914183612081e-04
2.449367233374323376e-04
2.448374197482747943e-04
2.447377485024701538e-04
2.446390268893756546e-04
2.445404880215315655e-04
2.444375456198939018e-04
2.443340462879968955e-04
2.442309571923613541e-04
2.441266309746451999e-04
2.440257283435896590e-04
2.439249846210186608e-04
2.438227760753458714e-04
2.437201992185080953e-04
2.436163204243401304e-04
2.435123846569617822e-04
2.434037264773547006e-04
2.432964555240279994e-04
2.431894670669289347e-04
2.430840498874044752e-04
2.429768776991397664e-04
2.428649466201235937e-04
2.427553204863799094e-04
2.426471238529806561e-04
2.425347287671187062e-04
2.424232545649379427e-04
2.423117117926839486e-04
2.422008220051771201e-04
2.420904515353084190e-04
2.419805144187121468e-04
2.418703828543473868e-04
2.417612825107654103e-04
2.416502200396539158e-04
2.415397558026817308e-04
2.414293083583113602e-04
2.413177228764490823e-04
2.412034243810234338e-04
2.410932242716874068e-04
2.409790379339657809e-04
2.408631694597286534e-04
2.407478255779053325e-04
2.406346274429072962e-04
2.405200085209837583e-04
2.404061337462070637e-04
2.402920296075187437e-04
2.401749973592058921e-04
2.400607735608161809e-04
2.399439275129054314e-04
2.398282209499203420e-04
2.397131282766409236e-04
2.395980222585843719e-04
2.394821249834615771e-04
2.393667442187297992e-04
2.392523516472866397e-04
2.391360450648147631e-04
2.390212427032200031e-04
2.389050832072626171e-04
2.387898803085869242e-04
2.386761337061448732e-04
2.385632474236725191e-04
2.384467993694862808e-04
2.383314464165098973e-04
2.382138655267580167e-04
2.380989280439123172e-04
2.379863184999483742e-04
2.378737297394534255e-04
2.377617695665769023e-04
2.376500349271464104e-04
2.375387664107261713e-04
2.374289256165579602e-04
2.373212140603739458e-04
2.372148762341648660e-04
2.371087861910814280e-04
2.370025790708103102e-04
2.368951293822749008e-04
2.367862471871034200e-04
2.366777145632317433e-04
2.365704946283632990e-04
2.364649551387183117e-04
2.363585318614169848e-04
2.362492044602251796e-04
2.361405159641683080e-04
2.360350794259152526e-04
2.359293774673105386e-04
2.358251602905585493e-04
2.357208745889810705e-04
2.356175994615581693e-04
2.355158786725960790e-04
2.354122405253949047e-04
2.353078227306218319e-04
2.352024339166457808e-04
2.350975095115042247e-04
2.349918637383631545e-04
2.348834949679996049e-04
2.347756076110706709e-04
2.346682247402418755e-04
2.345604548338351227e-04
2.344510173318671651e-04
2.343433924937268938e-04
2.342360958286785139e-04
2.341305263357293777e-04
2.340232958092031200e-04
2.339160731016746444e-04
2.338082816594771356e-04
2.337033683377313096e-04
2.335978147757100556e-04
2.334927443704605001e-04
2.333877955509812050e-04
2.332820453219505317e-04
2.331765135657096037e-04
2.330696053121840037e-04
2.329654905009686887e-04
2.328573483165121316e-04
