1.255658214999980267e-05
8.948575610589010201e-06
1.243816700250343840e-05
1.262359513679674108e-05
1.165586361935241560e-05
1.280151619225797790e-05
1.283687137011574534e-05
1.442026124306052722e-05
1.481206232936049729e-05
1.570368005987367793e-05
1.619645465453269637e-05
1.725228982972390086e-05
1.829631628730907973e-05
1.899651889120916395e-05
1.955541118041752912e-05
2.000111885699651100e-05
2.050062336746970055e-05
2.124375286143001724e-05
2.150506013617565300e-05
2.176240168444806261e-05
2.217278444997638879e-05
2.264046969189942508e-05
2.302823604319291303e-05
2.332044847073342657e-05
2.364930651977181422e-05
2.382969982546458867e-05
2.401547700438755727e-05
2.413875610690129371e-05
2.433260194071716376e-05
2.452904794477959427e-05
2.462825709547397090e-05
2.475185897672425677e-05
2.475438974626108305e-05
2.476919194365081951e-05
2.479990634944099202e-05
2.482453466465267832e-05
2.484159135384940100e-05
2.482587700816848354e-05
2.476979204214080327e-05
2.471413328825598934e-05
2.465183666383507087e-05
2.460823659077316584e-05
2.456434812081348078e-05
2.448733513573076606e-05
2.438916682226292275e-05
2.431282667377326236e-05
2.422617482278858149e-05
2.414440288772407554e-05
2.405475289493066906e-05
2.396829004051808686e-05
2.386477810511591335e-05
2.379389535399310265e-05
2.372627898483078786e-05
2.364198857285992777e-05
2.353698695124937742e-05
2.343488941921813526e-05
2.333621020189327366e-05
2.322470445473627409e-05
2.310599675136518820e-05
2.299947512665562082e-05
2.290413598871679434e-05
2.282111307865373424e-05
2.273694926626814071e-05
2.265191431567859564e-05
2.255443051802388416e-05
2.245694839136585044e-05
2.236512147440297522e-05
2.226681106013038281e-05
2.217551504012201175e-05
2.207804402549517475e-05
2.197510769875683290e-05
2.186794403331016170e-05
2.176737406626291977e-05
2.166304038159442633e-05
2.155573788132614561e-05
2.144644030815422975e-05
2.135054961677177276e-05
2.125871113375214059e-05
2.116953544434382821e-05
2.108157192541769355e-05
2.099715695655896851e-05
2.091224090046413001e-05
2.082576868232628158e-05
2.073860751666153665e-05
2.064904821675096373e-05
2.056095593841199534e-05
2.047634050586715656e-05
2.039717861374610596e-05
2.031868029856566412e-05
2.023831636932262409e-05
2.015814593755470350e-05
2.008097204030456160e-05
2.000655762999188273e-05
1.993176824534395405e-05
1.985873432567543341e-05
1.978648150276499719e-05
1.971260189159911925e-05
1.963342591398666909e-05
1.955589828277753278e-05
1.947864306968606916e-05
1.940184445769597914e-05
1.932528235660082018e-05
1.924817687840335538e-05
1.917481052996599297e-05
1.910341880368843836e-05
1.903261979911621889e-05
1.896170622330909449e-05
1.889043155033973126e-05
1.881902593178672747e-05
1.874964147978507188e-05
1.868039853359828773e-05
1.861103700702210954e-05
1.854442526722996026e-05
1.847787502948398329e-05
1.841178764112017620e-05
1.834686521331878970e-05
1.828398866374224464e-05
1.822090087110580012e-05
1.815899018314563607e-05
1.809789924961729485e-05
1.803852688340857181e-05
1.797900479936550687e-05
1.792224578280201438e-05
1.786419911765823446e-05
1.780801186174129798e-05
1.775012197179327587e-05
1.769347377709754531e-05
1.763668502531862017e-05
1.758037125991041927e-05
1.752575006935068775e-05
1.747150883294804183e-05
1.741779385728321687e-05
1.736351585175932170e-05
1.730899037593855753e-05
1.725372501382383745e-05
1.719901191678165431e-05
1.714420380258918525e-05
1.708933872331018514e-05
1.703572575493597505e-05
1.698309722615762264e-05
1.693028551810613208e-05
1.687736548266772826e-05
1.682600519725799314e-05
1.677520891092501191e-05
1.672549476774748664e-05
1.667501000194054515e-05
1.662465114538745189e-05
1.657526391340035626e-05
1.652483035098288426e-05
1.647396942491411562e-05
1.642454565923860894e-05
1.637406501565798737e-05
1.632453324148412584e-05
1.627500153171434330e-05
1.622583239985481892e-05
1.617724801039072886e-05
1.612979285184291947e-05
1.608272459247604992e-05
1.603578672450243323e-05
1.598968508207771895e-05
1.594388234574410971e-05
1.589877012145013413e-05
1.585526295573148921e-05
1.581296069357182398e-05
1.577140548401841395e-05
1.572974514407679010e-05
1.568770622836770790e-05
1.564589317482333085e-05
1.560398756815801466e-05
1.556197936801305442e-05
1.552136466676897600e-05
1.547996045668808778e-05
1.543988382185751312e-05
1.539936652445988765e-05
1.535924999241070714e-05
1.531976219236714677e-05
1.528040745782067382e-05
1.524067758285105702e-05
1.520128158807117296e-05
1.516218633404738392e-05
1.512371407902419176e-05
1.508540086519413623e-05
1.504704076284841906e-05
1.500914339219992335e-05
1.497093481073128246e-05
1.493307216553394071e-05
1.489589294316180393e-05
1.485996226474718930e-05
1.482382276796566622e-05
1.478815503875546433e-05
1.475233424828653845e-05
1.471686947533715637e-05
1.468136695138976626e-05
1.464680103492646626e-05
1.461257928849314757e-05
1.457852464642097801e-05
1.454383341901688029e-05
1.450957534447067873e-05
1.447514758445877797e-05
1.444081422747904533e-05
1.440652970710241933e-05
1.437245863411367744e-05
1.433837758225037024e-05
1.430456582155898819e-05
1.427091578512322466e-05
1.423795681997290209e-05
1.420532762431781397e-05
1.417322239504441176e-05
1.414161006761262551e-05
1.411002547634110789e-05
1.407866876041256154e-05
1.404790078621864450e-05
1.401708516516475753e-05
1.398662204793659237e-05
1.395673673175159359e-05
1.392675692326646632e-05
1.389689176427432779e-05
1.386754840564166636e-05
1.383839387123064266e-05
1.380945365293620994e-05
1.378084808284692705e-05
1.375264120298613821e-05
1.372457263985458448e-05
1.369679704290809635e-05
1.366924630064744335e-05
1.364184840738480064e-05
1.361453973323398764e-05
1.358766001991777573e-05
1.356106609078720879e-05
1.353398729794317575e-05
1.350706052462855539e-05
1.348005036037289635e-05
1.345303638152933496e-05
1.342611390867251126e-05
1.339939341086524882e-05
1.337340363748447839e-05
1.334770612785491290e-05
1.332262801525603754e-05
1.329762831128081118e-05
1.327234331603957081e-05
1.324722778654115895e-05
1.322237102694647245e-05
1.319710994181490815e-05
1.317248559367820512e-05
1.314804940974395595e-05
1.312382164365685063e-05
1.309970252964287459e-05
1.307571114517170554e-05
1.305182278266594574e-05
1.302792635467679872e-05
1.300402232944294776e-05
1.298037926023398946e-05
1.295687954937575633e-05
1.293321057701165331e-05
1.290968165373325999e-05
1.288634545948224341e-05
1.286320933196760640e-05
1.284032272750852605e-05
1.281739762278476792e-05
1.279492098321419651e-05
1.277290387977177271e-05
1.275086944020946391e-05
1.272904345999282321e-05
1.270748731979573678e-05
1.268600021680887253e-05
1.266465885478711816e-05
1.264307974194212363e-05
1.262195563104646835e-05
1.260071426585504237e-05
1.257936561750091951e-05
1.255838672517653091e-05
1.253796150873863961e-05
1.251740311237857636e-05
1.249669729478022901e-05
1.247568624716470177e-05
1.245492318280894229e-05
1.243426997027858810e-05
1.241407592782070875e-05
1.239400588695282801e-05
1.237403967750262709e-05
1.235415386730710351e-05
1.233438939210452098e-05
1.231487522259642612e-05
1.229555933085291826e-05
1.227649555188974433e-05
1.225739599511446944e-05
1.223819938515589618e-05
1.221976613573677717e-05
1.220096638944553816e-05
1.218243333987818126e-05
1.216405345904913043e-05
1.214558734739181899e-05
1.212718648882563247e-05
1.210877290650221916e-05
1.209044811267625622e-05
1.207210804891825950e-05
1.205448712704820713e-05
1.203691635779679357e-05
1.201950056970774062e-05
1.200212750266898563e-05
1.198462936616704888e-05
1.196755964219939782e-05
1.195039013192326322e-05
1.193334216523775888e-05
1.191647604354402870e-05
1.189970599922984411e-05
1.188289205950700795e-05
1.186653565022523639e-05
1.185009594691737116e-05
1.183368563076964765e-05
1.181725591719047864e-05
1.180103841322731026e-05
1.178460712278411365e-05
1.176816793828281900e-05
1.175198907669427486e-05
1.173574878014814401e-05
1.171962351417199422e-05
1.170342751377826722e-05
1.168739452628540685e-05
1.167147478333584992e-05
1.165557636375312555e-05
1.163976574022370961e-05
1.162387313607695439e-05
1.160811528347982420e-05
1.159231717804648370e-05
1.157668783222050424e-05
1.156105554425064280e-05
1.154559334034337533e-05
1.153042943794276770e-05
1.151529544315031889e-05
1.150022628071721166e-05
1.148506908767279037e-05
1.147011890735973295e-05
1.145531471160922499e-05
1.144050282701487239e-05
1.142587233898265857e-05
1.141139436444814397e-05
1.139700321849912764e-05
1.138275770620567928e-05
1.136814127978786005e-05
1.135382736490576133e-05
1.133931540514549388e-05
1.132507123754402041e-05
1.131080687393674309e-05
1.129669336862943724e-05
1.128271973280185686e-05
1.126885542075130073e-05
1.125497322933899275e-05
1.124126968961799683e-05
1.122764040854917288e-05
1.121405854213197756e-05
1.120029404294437602e-05
1.118675015149477767e-05
1.117349541284518358e-05
1.116024038013862524e-05
1.114696411443564028e-05
1.113366290276377905e-05
1.112050164987881450e-05
1.110763466462365821e-05
1.109474366972175991e-05
1.108166358535738487e-05
1.106876078703862212e-05
1.105574714663915201e-05
1.104282275194953538e-05
1.103017338022477657e-05
1.101745138966048212e-05
1.100493561240104245e-05
1.099249233593452895e-05
1.097999433486158741e-05
1.096748994204597755e-05
1.095510026903396556e-05
1.094278369460825182e-05
1.093042528322175229e-05
1.091806330770694270e-05
1.090587882317735684e-05
1.089372351774744396e-05
1.088143742674800774e-05
1.086917756384197709e-05
1.085692925325464383e-05
1.084492523451791065e-05
1.083325866196365665e-05
1.082161643496022109e-05
1.080990663295565218e-05
1.079825864738244304e-05
1.078658421767021738e-05
1.077487144772353325e-05
1.076316561692690935e-05
1.075149804890699442e-05
1.073984344898915250e-05
1.072816838719530699e-05
1.071667573843431287e-05
1.070492607845726961e-05
1.069313265770102770e-05
1.068138808667921381e-05
1.066965040880020154e-05
1.065768997514921438e-05
1.064580571429127427e-05
1.063383916139024906e-05
1.062199302109247238e-05
1.061012760402670360e-05
1.059834048306684638e-05
1.058648359286897785e-05
1.057469370151925626e-05
1.056288092937954093e-05
1.055116859734663743e-05
1.053935244523236699e-05
1.052757771271738211e-05
1.051575153004487444e-05
1.050388178094611622e-05
1.049201303884762900e-05
1.048018660292849755e-05
1.046835611828020344e-05
1.045658829955827008e-05
1.044481116150433154e-05
1.043306063060510321e-05
1.042122427038990325e-05
1.040947171326465229e-05
1.039770503725897434e-05
1.038594746543399477e-05
1.037421723433785113e-05
1.036252383477320487e-05
1.035092561690714268e-05
1.033929979696945795e-05
1.032777694932893398e-05
1.031621364972403050e-05
1.030481811113461318e-05
1.029337726179622790e-05
1.028187792716123002e-05
1.027042267858351110e-05
1.025900136108585496e-05
1.024749024451760946e-05
1.023606915583538047e-05
1.022462107756539663e-05
1.021317392034048114e-05
1.020176364380435586e-05
1.019040411561232232e-05
1.017903738401208330e-05
1.016769273206987892e-05
1.015639095387369455e-05
1.014507823344269223e-05
1.013387221753926351e-05
1.012263245701972461e-05
1.011141337720725457e-05
1.010019507275310822e-05
1.008900967494239068e-05
1.007789874604618109e-05
1.006682405179676494e-05
1.005572580755475008e-05
1.004466652915967563e-05
1.003367944177731073e-05
1.002272490929742654e-05
1.001180292114589753e-05
1.000092211707374090e-05
9.990088717331674294e-06
9.979312460821075827e-06
9.968538750628990253e-06
9.957784122509916777e-06
9.947061623127707408e-06
9.936356145594589081e-06
9.925700865483222729e-06
9.915084235880067059e-06
9.904531107562492633e-06
9.894000431033112241e-06
9.883509551461470250e-06
9.873086873799115970e-06
9.862649832994094544e-06
9.852259737478037918e-06
9.841940914013415020e-06
9.831587192914157918e-06
9.821363685564001104e-06
9.811171988388708295e-06
9.800989349190916209e-06
9.790892092198870040e-06
9.780804613653153165e-06
9.770749004853280443e-06
9.760771721122723230e-06
9.750843723232533613e-06
9.740987260358191966e-06
9.731158070610268439e-06
9.721322598264237454e-06
9.711536213810716483e-06
9.701748923345208616e-06
9.692022584660869814e-06
9.682312955950401581e-06
9.672651619282398764e-06
9.663021480039168129e-06
9.653398041993014594e-06
9.643774173242291353e-06
9.634213784326250030e-06
9.624668917137199167e-06
9.615165285777122270e-06
9.605706337180065446e-06
9.596228250888090653e-06
9.586808933091116560e-06
9.577376121615847242e-06
9.568050376683792240e-06
9.558738555355387762e-06
9.549417133618815800e-06
9.540125295556433203e-06
9.530882652192715931e-06
9.521690335281659653e-06
9.512589575953761821e-06
9.503529649862725950e-06
9.494463140177873551e-06
9.485453490238604648e-06
9.476495375344055975e-06
9.467490771070705301e-06
9.458618150895535260e-06
9.449738417637596686e-06
9.440970897104931816e-06
9.432222698178151408e-06
9.423498482244722075e-06
9.414783772361946549e-06
9.406112858129027135e-06
9.397488122470489666e-06
9.388805716124804150e-06
9.380124519051319916e-06
9.371465175483535072e-06
9.362874092623442722e-06
9.354333910878560290e-06
9.345796652562859833e-06
9.337252349849350634e-06
9.328733231391433503e-06
9.320235121418844201e-06
9.311783990096723633e-06
9.303301592463070573e-06
9.294842363180330744e-06
9.286419490405577916e-06
9.278030120430079216e-06
9.269634045939300973e-06
9.261248323387722987e-06
9.252875802578034825e-06
9.244571857999284845e-06
9.236280767164831965e-06
9.227963705096855194e-06
9.219700916967616921e-06
9.211364226539711661e-06
9.203041501746637843e-06
9.194774789486139698e-06
9.186493843518226462e-06
9.178243172431339638e-06
9.170043266940726978e-06
9.161871159656808397e-06
9.153697047961335072e-06
9.145549283060502808e-06
9.137411856423881317e-06
9.129265740440435759e-06
9.121172656521266546e-06
9.113087266582712306e-06
9.105011545450347851e-06
9.096917549925252327e-06
9.088881493367818146e-06
9.080846386183898339e-06
9.072807799667782777e-06
9.064785156989905337e-06
9.056761979190403354e-06
9.048753810159143544e-06
9.040746638335639017e-06
9.032778400158858212e-06
9.024825575082223708e-06
9.016888194878459740e-06
9.008989465613012843e-06
9.001088969487343159e-06
8.993263520104470245e-06
8.985426572829271320e-06
8.977644684783051590e-06
8.969858253152932171e-06
8.962095227841960780e-06
8.954373873634441830e-06
8.946727731680430187e-06
8.939092145519721928e-06
8.931482261918448709e-06
8.923875640714082610e-06
8.916268240935330694e-06
8.908683636679263961e-06
8.901096432980278825e-06
8.893533631161420954e-06
8.885959632381901981e-06
8.878380015119028052e-06
8.870811933408389980e-06
8.863262182823463989e-06
8.855749538380102326e-06
8.848245146979892095e-06
8.840754214169129030e-06
8.833262618918919271e-06
8.825786931724201713e-06
8.818335592097770751e-06
8.810940712845235628e-06
8.803545600227905121e-06
8.796204941864124995e-06
8.788862747910980869e-06
8.781556281251740769e-06
8.774259632702929875e-06
8.766971009475857453e-06
8.759695113545764208e-06
8.752440584496151338e-06
8.745206538632400235e-06
8.737992804233449661e-06
8.730800271523554603e-06
8.723621009432118179e-06
8.716477425941561883e-06
8.709368830528382334e-06
8.702281642745645428e-06
8.695219420244493436e-06
8.688159692201418498e-06
8.681137561235984198e-06
8.674118334397479003e-06
8.667128813334726043e-06
8.660159542180153417e-06
8.653213114090588836e-06
8.646306619361221536e-06
8.639382084176316310e-06
8.632485546297578575e-06
8.625595741675115495e-06
8.618725587562873640e-06
8.611851356771413042e-06
8.604966059214181178e-06
8.598113150587332170e-06
8.591324717560336856e-06
8.584538324380977032e-06
8.577769024799357413e-06
8.571009450138127305e-06
8.564289370908861779e-06
8.557582444751193155e-06
8.550938738121598639e-06
8.544309151865213167e-06
8.537728722842698908e-06
8.531136979334745659e-06
8.524582188585633346e-06
8.518019880348862933e-06
8.511518106912624622e-06
8.505031421219134456e-06
8.498579627693217839e-06
8.492136269432269433e-06
8.485691701311084061e-06
8.479285028243047393e-06
8.472864779248596593e-06
8.466460059673411754e-06
8.460082152213978476e-06
8.453715403560849444e-06
8.447355858318292504e-06
8.440986411789998083e-06
8.434629318682378574e-06
8.428274277403458755e-06
8.421946260806335857e-06
8.415655555228167365e-06
8.409399682974794970e-06
8.403145255534250370e-06
8.396888743978449637e-06
8.390678498521555152e-06
8.384496314751783153e-06
8.378323970901190777e-06
8.372192719495857771e-06
8.366112197265335954e-06
8.360079468926445956e-06
8.354024406486765052e-06
8.347960215518425398e-06
8.341966372999751626e-06
8.335969302631185369e-06
8.329972943205867625e-06
8.324007370331972221e-06
8.318083175612551872e-06
8.312120092739690199e-06
8.306161731759381526e-06
8.300220706206488103e-06
8.294271349763165336e-06
8.288397912268770509e-06
8.282511697053640350e-06
8.276650339382644010e-06
8.270809104265808748e-06
8.264959536692942650e-06
8.259136471567902658e-06
8.253331217512437445e-06
8.247534471040830821e-06
8.241763382591018043e-06
8.236000639066194665e-06
8.230236433730921580e-06
8.224457409288389909e-06
8.218690183106690833e-06
8.212924772610809260e-06
8.207204136979551814e-06
8.201462820967907487e-06
8.195744973394717062e-06
8.190067022741270468e-06
8.184387764313210783e-06
8.178773892602965589e-06
8.173155154739583962e-06
8.167566006668691944e-06
8.161999360501858721e-06
8.156427938351602395e-06
8.150887755944748270e-06
8.145339654465241132e-06
8.139808566733813786e-06
8.134282874555117984e-06
8.128733542465975385e-06
8.123152477106239830e-06
8.117596655704666447e-06
8.112030118365000676e-06
8.106474223968540248e-06
8.100900848062446999e-06
8.095337715898638360e-06
8.089764248877620939e-06
8.084207079775559022e-06
8.078665554880521695e-06
8.073112587877782646e-06
8.067558901462046675e-06
8.061999392625438513e-06
8.056465841034055739e-06
8.050950812710602574e-06
8.045449553606737907e-06
8.039954232407519507e-06
8.034487215490682590e-06
8.029012560333599212e-06
8.023559169620355223e-06
8.018129047172945027e-06
8.012719081682465915e-06
8.007327656334059553e-06
8.001956232300390333e-06
7.996596597025866753e-06
7.991254209608213127e-06
7.985904949581808417e-06
7.980589147185253727e-06
7.975287356598293237e-06
7.970012796570116880e-06
7.964747213133129236e-06
7.959487608452578734e-06
7.954242145961451746e-06
7.949029391746331778e-06
7.943844699534103096e-06
7.938658739054211215e-06
7.933507296347123140e-06
7.928323345535121802e-06
7.923199790080062496e-06
7.918093587183622529e-06
7.913025184379440444e-06
7.907961777280505205e-06
7.902937119222301087e-06
7.897949256504614127e-06
7.892970206132545610e-06
7.888003881720426623e-06
7.883039645980299481e-06
7.878107277713786237e-06
7.873192464761071853e-06
7.868332025483644942e-06
7.863474702487398957e-06
7.858653545823753278e-06
7.853812907706727450e-06
7.848986141115938653e-06
7.844206422806211047e-06
7.839427111479055203e-06
7.834660764545275875e-06
7.829917801052896229e-06
7.825178246008384063e-06
7.820458727632436109e-06
7.815746604179669716e-06
7.811061996257916715e-06
7.806364390414370337e-06
7.801661618005180970e-06
7.796954669542816667e-06
7.792254672887122830e-06
7.787561595704263330e-06
7.782886618863780489e-06
7.778249279271506303e-06
7.773650182785106920e-06
7.769072777529421539e-06
7.764498270469481374e-06
7.759918994161979906e-06
7.755308927983100298e-06
7.750726460268145244e-06
7.746106102825302050e-06
7.741527841666543780e-06
7.736968366423438987e-06
7.732396681477684229e-06
7.727848069577468662e-06
7.723303257961262628e-06
7.718780198799159558e-06
7.714308980675251226e-06
7.709853619739411555e-06
7.705406950030959864e-06
7.700986965444934213e-06
7.696546677149096160e-06
7.692090307856511353e-06
7.687612866238199822e-06
7.683112826604757717e-06
7.678609739318504208e-06
7.674114664103436035e-06
7.669617386576958588e-06
7.665109308054566693e-06
7.660607076063939783e-06
7.656091153878579679e-06
7.651576890896960839e-06
7.647070217907680378e-06
7.642549627664526799e-06
7.638051568295502105e-06
7.633529965801928458e-06
7.629034846088959337e-06
7.624530061432578143e-06
7.620058193090628679e-06
7.615602812840671747e-06
7.611139579470464506e-06
7.606647669812127737e-06
7.602186262890738327e-06
7.597699554139745173e-06
7.593253089513275898e-06
7.588826650374894226e-06
7.584389223148175863e-06
7.579947704733811203e-06
7.575528978901471350e-06
7.571115380078815270e-06
7.566720359038145879e-06
7.562317390562910335e-06
7.557933662964626125e-06
7.553577587493701723e-06
7.549204045598099947e-06
7.544827270980150302e-06
7.540484674806756684e-06
7.536135589532671885e-06
7.531820392068131837e-06
7.527509254718337552e-06
7.523215253132713528e-06
7.518904623856527826e-06
7.514617826790740078e-06
7.510320715717647586e-06
7.506037686006588561e-06
7.501752161134538804e-06
7.497491544486371857e-06
7.493243807735033892e-06
7.489000712837850092e-06
7.484793423283039731e-06
7.480562257239802431e-06
7.476339276128244664e-06
7.472111175994582260e-06
7.467903353720733441e-06
7.463722023401625072e-06
7.459535965523359873e-06
7.455376391185120987e-06
7.451206457797895654e-06
7.447040296860205660e-06
7.442872693261346375e-06
7.438709224816072233e-06
7.434559141014972846e-06
7.430457391396454159e-06
7.426365359705544537e-06
7.422274981591892064e-06
7.418197792002382715e-06
7.414129893731056984e-06
7.410042601925300536e-06
7.405989018759002173e-06
7.401955804785252701e-06
7.397938006942154690e-06
7.393905694049283933e-06
7.389892329715779036e-06
7.385906226562112466e-06
7.381947233896694619e-06
7.377978274055533267e-06
7.373997656491319776e-06
7.369999922032497359e-06
7.365998532073298464e-06
7.362025992361367377e-06
7.358039628440855949e-06
7.354060184943559143e-06
7.350077544693629359e-06
7.346125970293880447e-06
7.342171242979255061e-06
7.338212339248053040e-06
7.334272093181918654e-06
7.330339820668546127e-06
7.326446224056963631e-06
7.322555779497961127e-06
7.318684930317495990e-06
7.314830936535317440e-06
7.310962719921728485e-06
7.307098886602508379e-06
7.303224325839676312e-06
7.299403505533652201e-06
7.295585414730847029e-06
7.291804471236732182e-06
7.288033399554882881e-06
7.284298356316036719e-06
7.280562964282132406e-06
7.276812058616774509e-06
7.273070295009484448e-06
7.269337061775312638e-06
7.265611926792724378e-06
7.261856912278694446e-06
7.258152832553636215e-06
7.254438183972158846e-06
7.250716135222324623e-06
7.246989564635034230e-06
7.243265196866620715e-06
7.239582289599474570e-06
7.235891291507980378e-06
7.232199303225149499e-06
7.228531317545624223e-06
7.224870201982704613e-06
7.221223141304882288e-06
7.217567871369717351e-06
7.213942670176130834e-06
7.210321005637278883e-06
7.206693338616269984e-06
7.203050878307144752e-06
7.199448289796261148e-06
7.195826749236577296e-06
7.192216188748672305e-06
7.188615742252793401e-06
7.185025112486163309e-06
7.181472192793424769e-06
7.177890374348978786e-06
7.174294519106591675e-06
7.170754366041998302e-06
7.167208001404278107e-06
7.163682076758714842e-06
7.160140010045879051e-06
7.156588656659573277e-06
7.153041893382583803e-06
7.149473449867837393e-06
7.145909258438900256e-06
7.142315362739964414e-06
7.138738399904055206e-06
7.135146299801499009e-06
7.131567780063004905e-06
7.127983433085051133e-06
7.124427157442509567e-06
7.120859611201659914e-06
7.117311068493649472e-06
7.113761612479603243e-06
7.110205621461181571e-06
7.106642707450225839e-06
7.103089885085643779e-06
7.099549526888774562e-06
7.096039869021939855e-06
7.092543197599460633e-06
7.089050919656932462e-06
7.085537625408821059e-06
7.082040251556524069e-06
7.078538132449160305e-06
7.075040126741328420e-06
7.071587877772796594e-06
7.068138538613505929e-06
7.064703599556371391e-06
7.061282494189509936e-06
7.057863915171960690e-06
7.054452163547516353e-06
7.051043495370207435e-06
7.047636873435480293e-06
7.044225421656742794e-06
7.040844887769072333e-06
7.037449505803320184e-06
7.034048349512453938e-06
7.030644401344477810e-06
7.027241030543862282e-06
7.023829437608448693e-06
7.020423425084026837e-06
7.017004278414351115e-06
7.013613415908937637e-06
7.010241845181023105e-06
7.006865696877806356e-06
7.003487816301399528e-06
7.000116998581816920e-06
6.996746042172400226e-06
6.993354374586061794e-06
6.989959087184053822e-06
6.986561152057138994e-06
6.983173593165469301e-06
6.979773624652428506e-06
6.976381029814148090e-06
6.972998315838477821e-06
6.969619764599708069e-06
6.966247527059745928e-06
6.962872391856779944e-06
6.959523010572635206e-06
6.956200113109267547e-06
6.952885610082438390e-06
6.949601583820932313e-06
6.946336128146756576e-06
6.943065522163386450e-06
6.939790418589360231e-06
6.936512095185409512e-06
6.933228495735471600e-06
6.929940458859796398e-06
6.926655888956811984e-06
6.923382825556436614e-06
6.920115640918642823e-06
6.916852066168024421e-06
6.913587111693235175e-06
6.910321603103960006e-06
6.907070099259056944e-06
6.903821987255378849e-06
6.900576895855910052e-06
6.897345976337746691e-06
6.894143552168083734e-06
6.890940568230701439e-06
6.887726044335069464e-06
6.884505602325472090e-06
6.881275097283686008e-06
6.878069192681930451e-06
6.874854081769398780e-06
6.871651088706802642e-06
6.868474649631378587e-06
6.865279996857011851e-06
