2.276124999995438047e-06
1.236608882649167889e-05
4.441356023040497091e-05
4.038662777940877534e-05
3.703392596550503967e-05
3.381298193533139305e-05
3.246832047150560317e-05
3.038307836836536596e-05
2.868509612275638870e-05
2.762383069780243198e-05
2.637072447982249796e-05
2.525367965171512971e-05
2.448497958897220605e-05
2.360185949697420960e-05
2.314502453985693188e-05
2.241377375833879064e-05
2.174969272817930098e-05
2.116535903281016359e-05
2.060227303597155166e-05
2.009015585018544101e-05
1.960603652254085946e-05
1.928628366580918311e-05
1.896117857809273978e-05
1.872426077618447916e-05
1.867627737241706621e-05
1.853762617021343032e-05
1.831114516612424327e-05
1.813133984113523680e-05
1.784355700590188715e-05
1.761367718245999484e-05
1.754010304189777648e-05
1.770114246382420054e-05
1.796585577902974780e-05
1.865832943958529162e-05
1.878699153942932774e-05
1.903363634248686785e-05
1.912854013245207779e-05
1.912611111913571917e-05
1.916019954938933775e-05
1.914069116526397486e-05
1.914656960445474155e-05
1.923109823552727975e-05
1.929478147928518557e-05
1.936552027880085483e-05
1.943846702999826818e-05
1.951292761429630778e-05
1.950720916258807906e-05
1.942626911227568001e-05
1.932617722716875629e-05
1.919933512165986742e-05
1.905668836638194701e-05
1.889310118336181283e-05
1.873364038080223764e-05
1.856187412215894069e-05
1.839418633984943820e-05
1.824030420763223407e-05
1.810277465633397333e-05
1.796337414071779397e-05
1.781422737844441410e-05
1.768414308765335456e-05
1.755194737194133782e-05
1.741597153607228989e-05
1.729298985149077851e-05
1.717661003866436203e-05
1.705190702882539616e-05
1.692300954131358790e-05
1.679687821631964634e-05
1.667324843077251650e-05
1.655264480990243308e-05
1.643589460105539241e-05
1.632160089423080864e-05
1.620972929670252358e-05
1.609984777340917533e-05
1.600827952353450664e-05
1.590775486861317959e-05
1.581024816181196785e-05
1.570725090543355937e-05
1.560663177610333873e-05
1.550758960944341442e-05
1.541064437287451992e-05
1.531627221474380547e-05
1.522281679928202197e-05
1.513202269223655329e-05
1.504218547551186422e-05
1.495344463099849700e-05
1.487046374180948974e-05
1.478832194862187881e-05
1.470493209339306466e-05
1.463146374452193259e-05
1.455628336693476257e-05
1.448628172061827929e-05
1.443545118598758828e-05
1.436527608190104938e-05
1.430153958518812106e-05
1.424247946768664531e-05
1.418128942420431264e-05
1.412362586349130715e-05
1.406642753396399331e-05
1.399985508478233626e-05
1.393475856223694074e-05
1.386967926653041406e-05
1.380312349156223486e-05
1.373596280922102176e-05
1.366981818283786050e-05
1.360531525341427805e-05
1.354174638382188083e-05
1.347856426226181043e-05
1.341658051734398681e-05
1.335657542101362012e-05
1.329915967009881751e-05
1.324249022274901276e-05
1.318916680735457757e-05
1.313580827689626550e-05
1.308459236962685330e-05
1.303202443642478028e-05
1.298155030068494225e-05
1.293171570522265183e-05
1.288159891462241900e-05
1.283347148446262264e-05
1.278418709761659131e-05
1.273703706533798845e-05
1.269222008102796617e-05
1.264516437747939134e-05
1.259772984966850790e-05
1.255477600155516247e-05
1.251348831004623939e-05
1.246829523953723986e-05
1.243426775683570731e-05
1.239630352855184905e-05
1.235763707205333499e-05
1.233206065647845975e-05
1.230510405753354853e-05
1.228347996728250928e-05
1.227514811458408115e-05
1.225495143498381034e-05
1.224820137557759548e-05
1.223830259532273097e-05
1.221722050427565962e-05
1.219870566504583750e-05
1.217907921557729243e-05
1.216362735559804858e-05
1.215434717645003439e-05
1.214804135202651178e-05
1.213007457108475782e-05
1.211378131817125244e-05
1.209859801117899433e-05
1.209079556439382536e-05
1.207977908604205063e-05
1.206799984637807145e-05
1.205830776871869013e-05
1.205761453502493016e-05
1.207285434289878479e-05
1.209409488029642598e-05
1.211354017584503552e-05
1.214261049912764752e-05
1.216635481159203683e-05
1.219523143137445709e-05
1.221451119389607187e-05
1.222030734246138337e-05
1.223474417407916231e-05
1.224757173495940417e-05
1.226935022118091222e-05
1.228152999366942276e-05
1.229569985420387614e-05
1.230181106207810427e-05
1.231353325201295945e-05
1.232260677476507974e-05
1.233302008060081266e-05
1.235592589016126771e-05
1.238678163138077064e-05
1.242647968158670228e-05
1.247123181446422543e-05
1.251221676997467952e-05
1.255338960893365176e-05
1.259420794837723891e-05
1.263784925821676939e-05
1.268801515473405657e-05
1.273424281440638742e-05
1.277769993029984207e-05
1.281281286925980825e-05
1.284457611850945199e-05
1.288677672882206356e-05
1.292970179561986200e-05
1.296656903386038502e-05
1.300474296449550133e-05
1.304170001352726948e-05
1.308096131113763834e-05
1.311457792274289018e-05
1.314348828483451622e-05
1.318305312971709783e-05
1.322375033416344768e-05
1.326282154100119219e-05
1.330130327981899844e-05
1.334263191202697259e-05
1.337159578810505367e-05
1.341465415255980682e-05
1.344632951215804769e-05
1.348258723332113565e-05
1.351722189623526399e-05
1.355639745178525936e-05
1.359353633672536264e-05
1.362767049425351261e-05
1.366567829905001860e-05
1.370527675250691475e-05
1.374072510236986647e-05
1.377554005054716199e-05
1.380224005452082149e-05
1.382756542853305215e-05
1.384715286607291352e-05
1.386848319964182652e-05
1.388446571088593307e-05
1.389788534153533460e-05
1.389822974966177117e-05
1.390081976274214345e-05
1.390735699797611717e-05
1.391185306532686498e-05
1.391862327266001120e-05
1.392697745404179893e-05
1.393406064044451662e-05
1.394223819926061369e-05
1.394797256522230847e-05
1.395280006471018447e-05
1.396193437147971495e-05
1.396715317005375867e-05
1.397422987304137694e-05
1.397840369639802727e-05
1.398408054759253716e-05
1.398439063194649822e-05
1.399074523055664517e-05
1.399701415864546271e-05
1.400044267270489873e-05
1.399864661940358401e-05
1.399509133422425215e-05
1.399102509536923737e-05
1.398621527263976096e-05
1.398083230575422590e-05
1.397450343352792499e-05
1.396907038439838240e-05
1.396437198055306516e-05
1.395564758367292551e-05
1.395176131695156089e-05
1.394336659180457608e-05
1.393670427450680263e-05
1.393024809208161122e-05
1.392298154975654974e-05
1.391633327270236190e-05
1.390828579907861836e-05
1.390078617576860733e-05
1.389370736329856999e-05
1.388456478876406414e-05
1.387245161287486388e-05
1.386026032034085976e-05
1.384790805158166059e-05
1.383675762488149431e-05
1.382161168299434105e-05
1.380779037700194171e-05
1.379410913578980019e-05
1.378087234553989500e-05
1.376790756469667258e-05
1.375236455497865402e-05
1.373780572181178356e-05
1.372219033844963049e-05
1.370811910815679719e-05
1.369422208691463377e-05
1.367968314748785925e-05
1.366453092505434272e-05
1.364922099007240842e-05
1.363382225145783756e-05
1.361844056225884850e-05
1.360395593482878037e-05
1.358931405717684197e-05
1.357558748955562304e-05
1.356098979380672941e-05
1.354781271872254694e-05
1.353459664734377784e-05
1.352292832795144045e-05
1.351183416416961137e-05
1.350223370698574238e-05
1.349195410627507386e-05
1.348247171684456340e-05
1.347309532757654939e-05
1.346426573694005516e-05
1.345520657456232894e-05
1.344714419837205244e-05
1.343712231913217084e-05
1.342782811564654874e-05
1.341730006732461753e-05
1.340675691892261868e-05
1.339540784810153489e-05
1.338378802263389367e-05
1.337048958934314445e-05
1.335625111018923587e-05
1.334152597469910761e-05
1.332717355865373926e-05
1.331424997561962075e-05
1.330214422223338954e-05
1.329244642137569356e-05
1.328055654423563384e-05
1.326811967089188806e-05
1.325622807248751278e-05
1.324301239145690804e-05
1.323062060788907279e-05
1.321984511990460823e-05
1.320868558561151879e-05
1.319739451131784588e-05
1.318704673432921675e-05
1.317592285677931037e-05
1.316311451738480649e-05
1.314885849410633991e-05
1.313486129686056897e-05
1.312000039398369219e-05
1.310594027408874570e-05
1.309089419028399552e-05
1.307605293567515566e-05
1.306073443845831930e-05
1.304491034301007479e-05
1.302950708034871393e-05
1.301395666199540057e-05
1.299801081109377358e-05
1.298079794506656487e-05
1.296466806243702000e-05
1.294836148941664613e-05
1.293215689961541525e-05
1.291549360914418052e-05
1.289943112856601701e-05
1.288275049258580810e-05
1.286680582057326315e-05
1.285061054651926865e-05
1.283566439216077722e-05
1.282046609394554123e-05
1.280398043177403183e-05
1.278898211863989317e-05
1.277425065023351105e-05
1.275954599435265471e-05
1.274574184067319632e-05
1.273132331690658853e-05
1.271653148944417424e-05
1.270116793973475142e-05
1.268594486706165148e-05
1.267059744424232841e-05
1.265573081887263918e-05
1.264010098713453571e-05
1.262477506761504682e-05
1.260933557613134517e-05
1.259326202565752032e-05
1.257800737020843443e-05
1.256292153971339563e-05
1.254820765864200018e-05
1.253258157883753259e-05
1.251697068559049042e-05
1.250194152326796614e-05
1.248709401181190292e-05
1.247192995937165001e-05
1.245685610577526090e-05
1.244201024935601289e-05
1.242708646860036132e-05
1.241230031096620477e-05
1.239725598728054534e-05
1.238234834327030996e-05
1.236744167656544906e-05
1.235241604891206758e-05
1.233769271118236109e-05
1.232305670908684904e-05
1.230869861093727100e-05
1.229435999716561360e-05
1.228002360432388658e-05
1.226533291858438020e-05
1.225083615895263399e-05
1.223612116636035615e-05
1.222154376255200792e-05
1.220709995366724398e-05
1.219245883502819732e-05
1.217772400843025901e-05
1.216240269987114666e-05
1.214744172097081292e-05
1.213216920000875043e-05
1.211738766143785361e-05
1.210271121352686560e-05
1.208818293790345634e-05
1.207376081172715043e-05
1.205936159869514716e-05
1.204540340193538850e-05
1.203135540336842272e-05
1.201769723302925373e-05
1.200347285232564745e-05
1.198937396701347380e-05
1.197510524186501522e-05
1.196107635542142729e-05
1.194704761985254731e-05
1.193297449813100080e-05
1.191926689496470016e-05
1.190521411290401911e-05
1.189149857514224648e-05
1.187811832884132080e-05
1.186441535131779634e-05
1.185080951365045713e-05
1.183770627709797882e-05
1.182442733006086404e-05
1.181088891096074593e-05
1.179753278764960963e-05
1.178456643716578713e-05
1.177134439881035787e-05
1.175843985785698219e-05
1.174555938562711544e-05
1.173245994293555516e-05
1.171991040556484367e-05
1.170710737182294826e-05
1.169443165300647869e-05
1.168183551927334801e-05
1.166916959841067128e-05
1.165624946153549598e-05
1.164325029774302364e-05
1.162997487887527997e-05
1.161669057768059447e-05
1.160358604551627786e-05
1.159051200210510869e-05
1.157735666796855924e-05
1.156439408621544761e-05
1.155120712846743181e-05
1.153812411200740807e-05
1.152515944613356847e-05
1.151239801942333754e-05
1.149977385048958441e-05
1.148734063243899866e-05
1.147503197752240724e-05
1.146298097002358519e-05
1.145168986704873972e-05
1.144016573166486968e-05
1.142904800362038634e-05
1.141835066167767324e-05
1.140769254639634019e-05
1.139763282572978570e-05
1.138722780396572361e-05
1.137734284619030723e-05
1.136736554317016876e-05
1.135752765532401567e-05
1.134777605173477616e-05
1.133796953859626625e-05
1.132804340425538817e-05
1.131866276278398740e-05
1.130828515005746560e-05
1.129847457113325320e-05
1.128919854133606451e-05
1.127952931040094133e-05
1.126974548556563971e-05
1.126010711242608844e-05
1.125016711940675214e-05
1.124014442566256682e-05
1.123013858779899830e-05
1.122050679126972255e-05
1.121079208589570459e-05
1.120066345931280914e-05
1.119106890474968361e-05
1.118133980460668901e-05
1.117173673495504888e-05
1.116271954015188997e-05
1.115319527055683289e-05
1.114393357885651948e-05
1.113433964780571870e-05
1.112487246888461799e-05
1.111512326824679725e-05
1.110502746354450642e-05
1.109496130432439911e-05
1.108554763139747072e-05
1.107662634767909081e-05
1.106726959916043085e-05
1.105799930183002511e-05
1.104887706612174217e-05
1.103953362659292956e-05
1.103007738148008692e-05
1.102053162823304475e-05
1.101190616529521025e-05
1.100384017039913148e-05
1.099543038029225378e-05
1.098687065405828546e-05
1.097853897938287250e-05
1.097016607221052684e-05
1.096197238813710799e-05
1.095333195910875586e-05
1.094519005506848417e-05
1.093709270124687322e-05
1.092862174061623716e-05
1.092000747402676059e-05
1.091144446382927943e-05
1.090281333152819302e-05
1.089457796076076046e-05
1.088639166198233354e-05
1.087824556718526400e-05
1.087028501333386109e-05
1.086234011286766750e-05
1.085353206389382420e-05
1.084517540895945253e-05
1.083676436597828363e-05
1.082819195216697938e-05
1.081943765013256755e-05
1.081062780152866358e-05
1.080125900884594852e-05
1.079186486268277100e-05
1.078239450674040046e-05
1.077317012805155095e-05
1.076400703406630794e-05
1.075474533287017752e-05
1.074570525020549069e-05
1.073689789440064642e-05
1.072776238521595131e-05
1.071868465345671391e-05
1.070973163370423337e-05
1.070073029830646700e-05
1.069169848519904169e-05
1.068235940059741794e-05
1.067288647344829417e-05
1.066302047453990787e-05
1.065342228035131948e-05
1.064361031252827938e-05
1.063374236357209704e-05
1.062388381695121948e-05
1.061403840621805436e-05
1.060418025075559254e-05
1.059442667550516795e-05
1.058453534634850678e-05
1.057461171623661197e-05
1.056470975605300824e-05
1.055502713463728993e-05
1.054528009959358415e-05
1.053564356356150675e-05
1.052608222799116906e-05
1.051652169995722523e-05
1.050689735424014366e-05
1.049743374927585914e-05
1.048786955707335093e-05
1.047824286159181456e-05
1.046885733154424171e-05
1.045922805328955458e-05
1.044975268129957361e-05
1.044041325840017187e-05
1.043103372031633640e-05
1.042172341448481891e-05
1.041228809924277526e-05
1.040279720022125153e-05
1.039342458960861311e-05
1.038402786415715286e-05
1.037474802158564068e-05
1.036540144428235552e-05
1.035616139546588240e-05
1.034679745559577710e-05
1.033762021949115174e-05
1.032829821834048603e-05
1.031910992845511803e-05
1.030985433684644989e-05
1.030060283810426428e-05
1.029138175806921143e-05
1.028217742236174071e-05
1.027304574815677826e-05
1.026390493978179904e-05
1.025480699820565349e-05
1.024576745688158841e-05
1.023672199216415913e-05
1.022764512486285798e-05
1.021860183594972116e-05
1.020956875559290686e-05
1.020059135044013989e-05
1.019160544376838881e-05
1.018269052543297802e-05
1.017379311445746991e-05
1.016502807914162897e-05
1.015627379960215233e-05
1.014759562643586289e-05
1.013890071931207848e-05
1.013016351509773226e-05
1.012140735844468043e-05
1.011273032970838718e-05
1.010410222616496706e-05
1.009537956082912785e-05
1.008668745219369117e-05
1.007794382209433198e-05
1.006926735037036243e-05
1.006065506819365221e-05
1.005199159302120881e-05
1.004335498593437552e-05
1.003480650696827781e-05
1.002633854093573983e-05
1.001787045945181323e-05
1.000945826401134840e-05
1.000104446158604248e-05
9.992688470497287063e-06
9.984342330217051647e-06
9.975943205540121979e-06
9.967560735553148565e-06
9.959241593799433802e-06
9.950905366512320332e-06
9.942568989473322385e-06
9.934314404420682365e-06
9.926086622527226865e-06
9.917870923507598075e-06
9.909683804645071786e-06
9.901503753631260983e-06
9.893336474765415144e-06
9.885172828330623994e-06
9.877045337494779126e-06
9.868943309785795800e-06
9.860950446154073741e-06
9.852946428938401968e-06
9.845075687165237899e-06
9.837125929775468561e-06
9.829187015401679822e-06
9.821214438008677165e-06
9.813248806848896982e-06
9.805290883486539983e-06
9.797358824882231533e-06
9.789377513463166813e-06
9.781456606342251071e-06
9.773493063023736864e-06
9.765543889647353612e-06
9.757622611889585701e-06
9.749694315266600904e-06
9.741797364191352176e-06
9.733915476450618047e-06
9.726037924724966670e-06
9.718187919106281762e-06
9.710355638335917635e-06
9.702534616538331853e-06
9.694735000641940459e-06
9.686951191401285501e-06
9.679186116343595995e-06
9.671439985412737077e-06
9.663736039616746163e-06
9.656028808495872423e-06
9.648338949046369293e-06
9.640667818026858377e-06
9.633023152821847324e-06
9.625389892439621494e-06
9.617778397745983546e-06
9.610179318643099236e-06
9.602599621969065382e-06
9.595063366413087943e-06
9.587534211990810662e-06
9.580041370209258332e-06
9.572581032576179191e-06
9.565113147412728298e-06
9.557666345276843596e-06
9.550249606503343622e-06
9.542840514103759561e-06
9.535527642948469078e-06
9.528164387099487601e-06
9.520811770714637139e-06
9.513540579326645104e-06
9.506259590698658285e-06
9.499013930762766243e-06
9.491726059199490537e-06
9.484456456415013120e-06
9.477184238357488005e-06
9.469954291577210880e-06
9.462711877419544565e-06
9.455508932378529853e-06
9.448395018448212104e-06
9.441264953195512098e-06
9.434242959990576133e-06
9.427200389696811401e-06
9.420206230159522537e-06
9.413199145634825471e-06
9.406167974760695636e-06
9.399249629718074800e-06
9.392296618920679990e-06
9.385422056751358382e-06
9.378544685961228517e-06
9.371637081820805763e-06
9.364712210982874507e-06
9.357723371570726107e-06
9.350738222641972254e-06
9.343788939831262056e-06
9.336875456849690335e-06
9.329975585282370592e-06
9.323124966871271512e-06
9.316284771328102430e-06
9.309451633555960841e-06
9.302665461214622755e-06
9.295953452165142352e-06
9.289254349369671055e-06
9.282524599464302422e-06
9.275819996037085107e-06
9.269154092366263011e-06
9.262512375372096004e-06
9.255878922475797209e-06
9.249211700970588778e-06
9.242566374721560712e-06
9.235918180243813606e-06
9.229275972028592830e-06
9.222677056415275277e-06
9.216089721097172501e-06
9.209635205331731563e-06
9.203156502766786959e-06
9.196824470329472751e-06
9.190502152368889313e-06
9.184060152994922524e-06
9.177644767685781053e-06
9.171274210027516725e-06
9.165006788633192682e-06
9.158794963468150797e-06
9.152568021077696830e-06
9.146380883357883710e-06
9.140236056194716457e-06
9.134062010307922284e-06
9.127880078318575271e-06
9.121820053429604376e-06
9.115813000661562136e-06
9.109831213384608062e-06
9.103868038622281737e-06
9.097823093318020398e-06
9.091716115284599506e-06
9.085705997214842011e-06
9.079668038955697075e-06
9.073821870987503388e-06
9.067890575032771115e-06
9.062053325590788551e-06
9.056222231349144935e-06
9.050624725976072504e-06
9.044863027159509252e-06
9.039095342156864394e-06
9.033323080951418166e-06
9.027534839493960210e-06
9.021853396522681057e-06
9.016162527486326804e-06
9.010541299952991214e-06
9.004841436652637741e-06
8.999208960901926247e-06
8.993593769888609044e-06
8.987854614663927147e-06
8.982211260632443005e-06
8.976463556789623477e-06
8.970755226831398990e-06
8.964960066880578327e-06
8.959340774448895086e-06
8.953604120278281492e-06
8.947939485288290519e-06
8.942274167578834275e-06
8.936756428729890461e-06
8.931260760771849775e-06
8.925851486659552311e-06
8.920383827309184027e-06
8.914785009704719458e-06
8.909346533125112383e-06
8.903726621546646146e-06
8.898109917740486220e-06
8.892415170270507970e-06
8.886671328288731661e-06
8.880894209409833105e-06
8.875053522693210616e-06
8.869231601360899882e-06
8.863440665388725595e-06
8.857621175568132905e-06
8.851766958215658289e-06
8.845922506030784129e-06
8.840088667186352269e-06
8.834267361866360475e-06
8.828418398524735293e-06
8.822586699038675691e-06
8.816801157975955470e-06
8.811001447533550990e-06
8.805203255776192665e-06
8.799424200436031907e-06
8.793663921948571940e-06
8.787905980411591365e-06
8.782150357376629579e-06
8.776408852084263554e-06
8.770674196894679968e-06
8.764947967411128375e-06
8.759232481250032597e-06
8.753551383759463998e-06
8.747862570546438836e-06
8.742186473798269555e-06
8.736531016924285720e-06
8.730870864616959210e-06
8.725232871570759847e-06
8.719607514616680921e-06
8.713989785572129700e-06
8.708379372997950132e-06
8.702775993880852831e-06
8.697186066514611046e-06
8.691608539684338763e-06
8.686045092845133924e-06
8.680505169954534720e-06
8.674975758645029459e-06
8.669453290761005245e-06
8.663946739267104638e-06
8.658485948003812114e-06
8.653057646872274627e-06
8.647641545599407361e-06
8.642289825346547515e-06
8.636947515684671915e-06
8.631582009454208645e-06
8.626236307503126752e-06
8.620954423814559898e-06
8.615634018221803717e-06
8.610313711087244222e-06
8.605014439419374648e-06
8.599705499446235328e-06
8.594393894572669145e-06
8.589088519775155451e-06
8.583790623696876300e-06
8.578492904742788386e-06
8.573205170551743967e-06
8.567969928225986837e-06
8.562757301115019878e-06
8.557533611993528005e-06
8.552296380401792032e-06
8.547092666601974618e-06
8.541851397876777454e-06
8.536677480619717665e-06
8.531482421893772273e-06
8.526286067831135375e-06
8.521078142692391992e-06
8.515872272602389786e-06
8.510679887157242442e-06
8.505478551573523405e-06
8.500271184820908156e-06
8.495063485735390390e-06
8.489864704548356100e-06
8.484675082512982931e-06
8.479493666882073410e-06
8.474321675448229796e-06
8.469163761726633454e-06
8.464011315259802208e-06
8.458874458702705216e-06
8.453756723194441589e-06
8.448639228471849325e-06
8.443553212345147329e-06
8.438485611729574227e-06
8.433412095107707809e-06
8.428371033980577764e-06
8.423334939366728947e-06
8.418294616534866042e-06
8.413245752090741080e-06
8.408224985733361680e-06
8.403197414306539962e-06
8.398195913080641148e-06
8.393201777039271356e-06
8.388256121705695524e-06
8.383304933931133850e-06
8.378382945137011366e-06
8.373513855959071190e-06
8.368704358395734588e-06
8.363852674321574086e-06
8.359021558401515207e-06
8.354206575417950003e-06
8.349412847474720214e-06
8.344625467366845588e-06
8.339829963915398379e-06
8.335019977519805243e-06
8.330233722549596081e-06
8.325482517388006477e-06
8.320800432920914444e-06
8.316112584756157113e-06
8.311472536767457026e-06
8.306866874714155440e-06
8.302186649736930586e-06
8.297575730361998826e-06
8.292949291466116319e-06
8.288321037759272593e-06
8.283653442551582220e-06
8.279022937171369524e-06
8.274335852930309577e-06
8.269701918148160638e-06
8.265045199131077308e-06
8.260443902051032832e-06
8.255866270852039605e-06
8.251356724232556739e-06
8.246808004359065941e-06
8.242348234696301003e-06
8.237860571928633298e-06
8.233400935701216567e-06
8.228963394146232078e-06
8.224587681127262136e-06
8.220259725340331279e-06
8.215883362460802837e-06
8.211436369377968930e-06
8.207059272769202707e-06
8.202663813181128850e-06
8.198351475595799996e-06
8.194015921185971452e-06
8.189684960960432226e-06
8.185412025041489698e-06
8.181120360193071486e-06
8.176809236084727273e-06
8.172525365098920426e-06
8.168356665249787728e-06
8.164226979394476204e-06
8.160211662988539521e-06
8.156228902079453344e-06
8.152260101802447534e-06
8.148227261695292789e-06
8.144269105853737371e-06
8.140322223234107679e-06
8.136338632114024913e-06
8.132284276847502388e-06
8.128264899626320305e-06
8.124122132384652156e-06
8.119960148237402199e-06
8.115966664696039242e-06
8.111957371643149634e-06
8.107966409642137939e-06
8.103940880483775762e-06
8.100076381371168504e-06
8.096183419921139623e-06
8.092331910735962717e-06
8.088439885006439229e-06
8.084553148012273870e-06
8.080625445552459509e-06
8.076700388577499683e-06
8.072859455937982497e-06
8.069030111946521008e-06
8.065162435469759903e-06
8.061494737933219069e-06
8.057730433520835178e-06
8.054067080153304187e-06
8.050385762440775462e-06
8.046649491494942764e-06
8.043010382263266817e-06
8.039394873942590957e-06
8.035837799064625861e-06
8.032126053489161628e-06
8.028476384892762742e-06
8.024882356272890273e-06
8.021419533775817380e-06
8.017927154322598385e-06
8.014316276484495895e-06
8.010633693343849790e-06
8.006896865004204997e-06
8.003215948262577380e-06
7.999515768803248803e-06
7.995895471778532705e-06
7.992286285200197744e-06
7.988847376485983011e-06
7.985525215488932529e-06
7.982133033430309743e-06
7.978850345763415273e-06
7.975471390149984865e-06
7.972136049268035196e-06
7.968832371974813426e-06
7.965419133453515685e-06
7.962044282647062524e-06
7.958879415593602083e-06
7.955678168464435277e-06
7.952457621365551462e-06
7.949259297033464905e-06
7.946099765230097271e-06
7.942850541250903712e-06
7.939634208623405843e-06
7.936391977762942860e-06
7.933268488275083228e-06
7.930163834599431450e-06
7.927219042849598961e-06
7.924096623173611476e-06
7.920942513724017715e-06
7.917726789644228801e-06
7.914491779966005634e-06
7.911165297280221752e-06
7.907861139172723446e-06
7.904652821732717971e-06
7.901488592617342794e-06
7.898251784520903928e-06
7.895048526688936642e-06
7.891845179168579109e-06
7.888627455668617650e-06
7.885375030187043697e-06
7.882171019946632702e-06
7.879008368250383089e-06
7.875878617928236400e-06
7.872795340849208834e-06
7.869703845895991966e-06
7.866749862610694058e-06
7.863897368588260129e-06
7.861057588373373707e-06
7.858130705113697324e-06
7.855284858249689974e-06
7.852403002106760107e-06
7.849623916745833817e-06
7.846813919224535067e-06
7.844056626565468177e-06
7.841208315579128473e-06
7.838446724258059462e-06
7.835684519309196313e-06
7.832799549840253030e-06
7.829801675006913716e-06
7.826854042641527846e-06
7.823984299730260008e-06
7.820972886104397088e-06
7.817915230678262179e-06
7.814726370147174998e-06
7.811525486891149811e-06
7.808484096978637919e-06
7.805264101914817341e-06
7.802104466759672633e-06
7.798901636286171345e-06
7.795762545930532550e-06
7.792603279536312755e-06
7.789508261684643099e-06
7.786385422437310782e-06
7.783204385841860538e-06
7.779977442221321411e-06
7.776848843081600677e-06
