1.766224333848308205e-04
1.890618651330741454e-04
2.008321152745353778e-04
2.042624028647021324e-04
2.020256527946019481e-04
1.997820357130580728e-04
1.931327535841761739e-04
1.870475410604992468e-04
1.797367347704758016e-04
1.736629334974247509e-04
1.681840929898016374e-04
1.646090221611416781e-04
1.614594077012767919e-04
1.576649668571482039e-04
1.542472347610306994e-04
1.510840221618190164e-04
1.482754872981772727e-04
1.456873418071942051e-04
1.428533889033070420e-04
1.400621748017005547e-04
1.373496877771859684e-04
1.344356021603056097e-04
1.318466355032900991e-04
1.293901653916922100e-04
1.270158993387367988e-04
1.246463735817935237e-04
1.224308630068605323e-04
1.202630814295848602e-04
1.181996409356234610e-04
1.162310822866976438e-04
1.143872124382025148e-04
1.126351057708750584e-04
1.109533158925178116e-04
1.093988083280000195e-04
1.079093880287593108e-04
1.064649464269826581e-04
1.050930545260897844e-04
1.037525880222295061e-04
1.024595157717867735e-04
1.012314474414746797e-04
1.000461657783874748e-04
9.890771240781502508e-05
9.782532999897804670e-05
9.682509136471227282e-05
9.584593064470665815e-05
9.487988996812471909e-05
9.394823545926291595e-05
9.305256342026525242e-05
9.222057973151129913e-05
9.142330395423669393e-05
9.066622059493258177e-05
8.997022376194135657e-05
8.928793179469892262e-05
8.861144372360558400e-05
8.796571944172363222e-05
8.733920866874950075e-05
8.671551329687830799e-05
8.610957821938153962e-05
8.551599174383425566e-05
8.492219415452639754e-05
8.435797972829972807e-05
8.381528740067542527e-05
8.326369289604011042e-05
8.271789675145817982e-05
8.218235275171144718e-05
8.164819668553189018e-05
8.114165032579893704e-05
8.064614786861002956e-05
8.015673004818275080e-05
7.972223076347857739e-05
7.929137765244372428e-05
7.889756861360406443e-05
7.850734002988390080e-05
7.813985060604538928e-05
7.778454343449714924e-05
7.745181324122970288e-05
7.712528655593942268e-05
7.680404571316287461e-05
7.650183342418753741e-05
7.620352655777878610e-05
7.591106242545309763e-05
7.561997320116659515e-05
7.530728734459741873e-05
7.499550855020433099e-05
7.468641104193906146e-05
7.435755627055691335e-05
7.405610739925544742e-05
7.375599291412009259e-05
7.346238403616325797e-05
7.317323166451377022e-05
7.288175738049222088e-05
7.260302806830665374e-05
7.232644571455778952e-05
7.203669783418697374e-05
7.173702404010097249e-05
7.143333571080765550e-05
7.114219356669155604e-05
7.086694511937937399e-05
7.060848770204896491e-05
7.036660998306634653e-05
7.012953992580138029e-05
6.988651874619884350e-05
6.963693579987755217e-05
6.939170596600891829e-05
6.915710959025283600e-05
6.891845119452203133e-05
6.867389610920052667e-05
6.842728812817873299e-05
6.820047111580025201e-05
6.797069844741340501e-05
6.775016142591295404e-05
6.754225174802390105e-05
6.733474920453010992e-05
6.712905915000714487e-05
6.691548653659709492e-05
6.670796681630649435e-05
6.649790538268455186e-05
6.628789747287711315e-05
6.607372537978354493e-05
6.586339365615888829e-05
6.565141207069901351e-05
6.543785580681689624e-05
6.522863706016297021e-05
6.502522172566656277e-05
6.482540378314690949e-05
6.462163545607974100e-05
6.442225396517855922e-05
6.421808065797273324e-05
6.401439222773873275e-05
6.381651723601211839e-05
6.362427902536876812e-05
6.343956890105344995e-05
6.325300957159491269e-05
6.306407108367422984e-05
6.288261299245235592e-05
6.270345423316983494e-05
6.252233076201804414e-05
6.234671826264664117e-05
6.217502681330401191e-05
6.200595734552207081e-05
6.184515709700639857e-05
6.168004242452972889e-05
6.151852851089832425e-05
6.135327205669748962e-05
6.119048092912622344e-05
6.102962169746216185e-05
6.086673883371913614e-05
6.070456781141108293e-05
6.054420710045110897e-05
6.038468604733597523e-05
6.022241816265467689e-05
6.006478329909924782e-05
5.991334237490570275e-05
5.976488586772191669e-05
5.961257827068667701e-05
5.945749409069236801e-05
5.930026837598987292e-05
5.914098594771553282e-05
5.898146203528513648e-05
5.882165994175452835e-05
5.865908419178357200e-05
5.849704089649746425e-05
5.833519211518196088e-05
5.817630115837587934e-05
5.801935425715082362e-05
5.786431683208569365e-05
5.771252157411584598e-05
5.756072001945098071e-05
5.740828438567928838e-05
5.726048198273919900e-05
5.711431960918729673e-05
5.696660340432194733e-05
5.682081558465866853e-05
5.667921259800935078e-05
5.653967479607178493e-05
5.640268973972020641e-05
5.626912644795876550e-05
5.613912220833616891e-05
5.601299240085643003e-05
5.588842186758063421e-05
5.576254239959318174e-05
5.563633368339473165e-05
5.551499333442458644e-05
5.538874300864436229e-05
5.526120439646136344e-05
5.513587403453386256e-05
5.501004043114388292e-05
5.488409759889119322e-05
5.475935743656091512e-05
5.463768083558896867e-05
5.451455574821905775e-05
5.439143035795397993e-05
5.427014622099393833e-05
5.414966150098207606e-05
5.402895546165125638e-05
5.390778582380273469e-05
5.378565921430626461e-05
5.366347692370055538e-05
5.354288698971829705e-05
5.342391111622127412e-05
5.330781487360894790e-05
5.319486572304691274e-05
5.308316840743177134e-05
5.297170544808578918e-05
5.286129404682879770e-05
5.275237023219377189e-05
5.264243081890256776e-05
5.253287478558549300e-05
5.242476757077707799e-05
5.231656106184197016e-05
5.220780059797314648e-05
5.210006320494995361e-05
5.199426285104520742e-05
5.188873563742773181e-05
5.178482044993513376e-05
5.168142947846793484e-05
5.157836918422918751e-05
5.147674206764378980e-05
5.137541915619757963e-05
5.127530160772669472e-05
5.117658602653903533e-05
5.107793758322036389e-05
5.098028064122361500e-05
5.088318122768074420e-05
5.078524569284479479e-05
5.068863843574531711e-05
5.059157791223370377e-05
5.049306951436294727e-05
5.039508212721581612e-05
5.029950033766053151e-05
5.020473108915742298e-05
5.010980291387288432e-05
5.001821574131519471e-05
4.992532259179454556e-05
4.983288193465601528e-05
4.974193418324794662e-05
4.965137759601976887e-05
4.956300224472904691e-05
4.947471440983926402e-05
4.938640026298714048e-05
4.929754603258441496e-05
4.921088830906160123e-05
4.912572555967587945e-05
4.904250197824913134e-05
4.895837460779144329e-05
4.887571509641754151e-05
4.879274480908709597e-05
4.871162576360279524e-05
4.863001879959227462e-05
4.854870534200452653e-05
4.846789207549722771e-05
4.838848336817531796e-05
4.830868550761841505e-05
4.823023413252783623e-05
4.815202897776658632e-05
4.807459036052599583e-05
4.799871969654664493e-05
4.792189498898679533e-05
4.784716311282601205e-05
4.777184738853577895e-05
4.769700935683958382e-05
4.762259601786224717e-05
4.754861767326747264e-05
4.747363618442200088e-05
4.739969445033983506e-05
4.732540675522841527e-05
4.725145211452395211e-05
4.717908088486796653e-05
4.710646201122850227e-05
4.703271915008748211e-05
4.695855164508104187e-05
4.688365069603144485e-05
4.680872527077637515e-05
4.673426390165748154e-05
4.666035647325968724e-05
4.658730214463792894e-05
4.651368941317270188e-05
4.644071095192625967e-05
4.636797664746127999e-05
4.629640332805019651e-05
4.622426897665707211e-05
4.615218411758847944e-05
4.608006670889337270e-05
4.600788889695749362e-05
4.593518142920254645e-05
4.586302678631737042e-05
4.579164950703288326e-05
4.572095503245235474e-05
4.565002680575777996e-05
4.557999602714654170e-05
4.550995821675123321e-05
4.544029133982079710e-05
4.537085915154979060e-05
4.530145532232803066e-05
4.523139336401147683e-05
4.516181137358155230e-05
4.509213146703255372e-05
4.502208406060051823e-05
4.495196163763934781e-05
4.488236901464417403e-05
4.481320838132373815e-05
4.474466158260783353e-05
4.467631260941208810e-05
4.460845943263886201e-05
4.454102577550174093e-05
4.447369138920890451e-05
4.440660666624148190e-05
4.433999469535346576e-05
4.427388827541449439e-05
4.420775502980511486e-05
4.414174990138474612e-05
4.407613653730256482e-05
4.401113631653998809e-05
4.394643396049744918e-05
4.388202052351436347e-05
4.381818890597391838e-05
4.375500535999894745e-05
4.369226855177158099e-05
4.362919314956591990e-05
4.356664693733193450e-05
4.350399055704599481e-05
4.344173224792166680e-05
4.337958693543243852e-05
4.331818656902561049e-05
4.325725202758727225e-05
4.319680672969301491e-05
4.313704171651710578e-05
4.307857813301407400e-05
4.302097374747384633e-05
4.296400271345921532e-05
4.290835169383855146e-05
4.285311066930461019e-05
4.279746690980949829e-05
4.274123273584749019e-05
4.268457258799007666e-05
4.262823187525003829e-05
4.257209957381892864e-05
4.251665767456275626e-05
4.246098134236776306e-05
4.240574793666302756e-05
4.235042976909218022e-05
4.229493274857640711e-05
4.223937912009468606e-05
4.218401682835272497e-05
4.212831252621883289e-05
4.207261926576517236e-05
4.201707808026252571e-05
4.196161931017759045e-05
4.190631119024717003e-05
4.185076082428756451e-05
4.179542846736224605e-05
4.174071844620365573e-05
4.168568120661005294e-05
4.163055128446530896e-05
4.157559919043777322e-05
4.152079606066706757e-05
4.146599975242513670e-05
4.141148790168788297e-05
4.135675346782393525e-05
4.130220271046731377e-05
4.124812867055968960e-05
4.119437877045221703e-05
4.114110499668067290e-05
4.108811739283284439e-05
4.103527392926265108e-05
4.098324621237365374e-05
4.093170639636068835e-05
4.088091214952029859e-05
4.083030090151967080e-05
4.077986597003028634e-05
4.072964790810863642e-05
4.067979743203893443e-05
4.062983843046069957e-05
4.057997298320761983e-05
4.053074473925108293e-05
4.048144425380814605e-05
4.043196569546436285e-05
4.038270901225836932e-05
4.033358689040719166e-05
4.028437030471334820e-05
4.023517019877267476e-05
4.018590219406062490e-05
4.013671873022338436e-05
4.008770482455364492e-05
4.003871169361677127e-05
3.998954401555633023e-05
3.994075018900588702e-05
3.989240109609495325e-05
3.984407425348708706e-05
3.979567082970335154e-05
3.974698968296880536e-05
3.969859585954561544e-05
3.965021387626914748e-05
3.960213900723932450e-05
3.955398437958050601e-05
3.950603922122144905e-05
3.945817076507304218e-05
3.941057813937596962e-05
3.936312812482802389e-05
3.931589210489389599e-05
3.926876605460327371e-05
3.922192166531620651e-05
3.917507164283424000e-05
3.912858994719379364e-05
3.908234633144766094e-05
3.903655045653634697e-05
3.899087246890066470e-05
3.894526417160283356e-05
3.890017380842995278e-05
3.885525958722418644e-05
3.881049322508631178e-05
3.876579679512643940e-05
3.872123225031740468e-05
3.867683477875201041e-05
3.863244747705099711e-05
3.858870861058230471e-05
3.854517276932524505e-05
3.850148100701091740e-05
3.845820341660729233e-05
3.841495022749104088e-05
3.837179753564000286e-05
3.832866169221735866e-05
3.828540722095882749e-05
3.824196411399635606e-05
3.819886278914185759e-05
3.815565825728796167e-05
3.811239641073234114e-05
3.806905777720805069e-05
3.802584621851590993e-05
3.798291364112693635e-05
3.794003404960925499e-05
3.789726824632331321e-05
3.785460525857061928e-05
3.781236761688586275e-05
3.777056923190009319e-05
3.772909573492688035e-05
3.768766223118479285e-05
3.764651297421802643e-05
3.760555945448812399e-05
3.756468894879611930e-05
3.752397640256993454e-05
3.748351297734380335e-05
3.744293129964051909e-05
3.740254810517492680e-05
3.736223316330836874e-05
3.732218159153952749e-05
3.728249519065647826e-05
3.724277684640542080e-05
3.720317536772614180e-05
3.716354407623278014e-05
3.712382888908028801e-05
3.708429567564377181e-05
3.704479418729679101e-05
3.700526097435792361e-05
3.696583508827428410e-05
3.692667870665202189e-05
3.688750604393808437e-05
3.684835694862545968e-05
3.680917710356695254e-05
3.677010279282984630e-05
3.673129349355154228e-05
3.669271363537181171e-05
3.665421036007461341e-05
3.661579729772032528e-05
3.657769844152151587e-05
3.653980383159562297e-05
3.650216956343167924e-05
3.646470872491628713e-05
3.642744194844434809e-05
3.639041728166510220e-05
3.635341942925652647e-05
3.631671697968456250e-05
3.627989207084621128e-05
3.624330831207535841e-05
3.620702087151750066e-05
3.617077521146083437e-05
3.613444641979563068e-05
3.609814741318239495e-05
3.606177915185707316e-05
3.602544640035562639e-05
3.598914824541130509e-05
3.595307704713414121e-05
3.591692010861546479e-05
3.588092863480454674e-05
3.584481364226033514e-05
3.580882066323124612e-05
3.577313371782223349e-05
3.573748929578868027e-05
3.570188890360616768e-05
3.566640912108306083e-05
3.563093895548843015e-05
3.559556100168265652e-05
3.556015994009862556e-05
3.552483194652518032e-05
3.548977389726034736e-05
3.545479530565918898e-05
3.541985594831751472e-05
3.538510373648277684e-05
3.535039379364242134e-05
3.531587054237904491e-05
3.528142684382224700e-05
3.524701819100155796e-05
3.521272064445998032e-05
3.517851514574449004e-05
3.514442875932398500e-05
3.511029284607727018e-05
3.507629756812343598e-05
3.504240822724329031e-05
3.500857124019794014e-05
3.497491555627796870e-05
3.494135575805691423e-05
3.490833699740459657e-05
3.487558802834070170e-05
3.484295113521732181e-05
3.481056311005667188e-05
3.477844602072906270e-05
3.474671357803965009e-05
3.471500039404926347e-05
3.468343204346078097e-05
3.465204641237428249e-05
3.462075381335583585e-05
3.458973373938559892e-05
3.455864500484793670e-05
3.452754132851603298e-05
3.449659946951613091e-05
3.446562664068159477e-05
3.443485976859828496e-05
3.440409457468017067e-05
3.437329377106626126e-05
3.434242878163116337e-05
3.431153349705479870e-05
3.428063195539521037e-05
3.424985771565060316e-05
3.421941490281769487e-05
3.418906189481116302e-05
3.415866344226275021e-05
3.412847992437150683e-05
3.409818346951503667e-05
3.406792760406853951e-05
3.403748920901706595e-05
3.400697619567542152e-05
3.397647243823419196e-05
3.394603172749390609e-05
3.391564434609164970e-05
3.388536609348346835e-05
3.385513447391454790e-05
3.382483322711503772e-05
3.379450547326212580e-05
3.376422023487273504e-05
3.373405207061058568e-05
3.370395045371662470e-05
3.367392994060109459e-05
3.364410581529267012e-05
3.361445441139884971e-05
3.358501015441620540e-05
3.355584307772193985e-05
3.352672275684665806e-05
3.349765479472111094e-05
3.346872711875998989e-05
3.343984654570335854e-05
3.341115924908787062e-05
3.338242203853255971e-05
3.335372034037990547e-05
3.332498385674364849e-05
3.329640593522389225e-05
3.326788400069225968e-05
3.323940935455788515e-05
3.321099014425535248e-05
3.318262911305538049e-05
3.315432435271086284e-05
3.312595076731535371e-05
3.309757405490532133e-05
3.306922964486430020e-05
3.304092356057843267e-05
3.301272053726651823e-05
3.298458434726172828e-05
3.295656717351519926e-05
3.292860579411987186e-05
3.290064450960411335e-05
3.287274510660460989e-05
3.284485813363526290e-05
3.281708805381942495e-05
3.278956455482414127e-05
3.276207381605446761e-05
3.273468722916246802e-05
3.270727930913835567e-05
3.267989923354942914e-05
3.265251971640464911e-05
3.262516113867956188e-05
3.259786625734880473e-05
3.257068699305947385e-05
3.254358325405468279e-05
3.251651028789679531e-05
3.248948595659568338e-05
3.246254425181484163e-05
3.243564584300822078e-05
3.240878075332922858e-05
3.238191067974477004e-05
3.235510982312137239e-05
3.232837752651859797e-05
3.230179545170672889e-05
3.227530422530640352e-05
3.224887921578568678e-05
3.222257175958488575e-05
3.219637999678353897e-05
3.217038755403127149e-05
3.214452162675165596e-05
3.211891030398262415e-05
3.209342978640483549e-05
3.206804845764478962e-05
3.204274022900760889e-05
3.201756053686413949e-05
3.199257183892162079e-05
3.196769917057570447e-05
3.194285109582804388e-05
3.191807780872647071e-05
3.189345487975881361e-05
3.186885836368187061e-05
3.184432625548440230e-05
3.181976873305751758e-05
3.179518957146467600e-05
3.177054085899647405e-05
3.174598435076377045e-05
3.172141203509683429e-05
3.169686821760478738e-05
3.167243134106958996e-05
3.164804843262366060e-05
3.162370552654115248e-05
3.159941025667529124e-05
3.157510402828954475e-05
3.155080191576822650e-05
3.152682485683552750e-05
3.150280388633073001e-05
3.147882644094628259e-05
3.145492119687475673e-05
3.143101450622508985e-05
3.140722928256283803e-05
3.138350879478156219e-05
3.135998119121597951e-05
3.133645553141007099e-05
3.131299298999636207e-05
3.128952569687964801e-05
3.126609724756464426e-05
3.124278946887658722e-05
3.121940838016869842e-05
3.119603811886933911e-05
3.117278772090973992e-05
3.114960176881845358e-05
3.112654653625432957e-05
3.110360129337306736e-05
3.108073468062142743e-05
3.105791947677268581e-05
3.103522380634710217e-05
3.101266734073406510e-05
3.099023550794674178e-05
3.096774971329797031e-05
3.094538406578386494e-05
3.092310544616860368e-05
3.090084073048231494e-05
3.087860439848426857e-05
3.085633350311603056e-05
3.083406557617081241e-05
3.081172398299457431e-05
3.078934523875824199e-05
3.076708223741522698e-05
3.074487649750786312e-05
3.072273937709890868e-05
3.070057495207081726e-05
3.067852113990467437e-05
3.065661719826655410e-05
3.063478234544637278e-05
3.061306307249383535e-05
3.059141429100924636e-05
3.056992822290407580e-05
3.054849169253791481e-05
3.052712738655211338e-05
3.050595936908334478e-05
3.048471415063944761e-05
3.046347798267793274e-05
3.044221203243542673e-05
3.042107038081169528e-05
3.039998116803136879e-05
3.037909455959289477e-05
3.035825911629691371e-05
3.033759312779368684e-05
3.031702098414080430e-05
3.029654827308174000e-05
3.027621789243245608e-05
3.025582260681779095e-05
3.023543541471647992e-05
3.021495565595596662e-05
3.019457195117475150e-05
3.017422311304554852e-05
3.015398605960859654e-05
3.013387591590687117e-05
3.011374746129806443e-05
3.009377774720759045e-05
3.007382107888902076e-05
3.005410940703383461e-05
3.003442704598592572e-05
3.001470094334509191e-05
2.999498211999484867e-05
2.997534806376693278e-05
2.995571113708095457e-05
2.993619113885196822e-05
2.991675439775052972e-05
2.989752830329378693e-05
2.987829162359742979e-05
2.985924420703198342e-05
2.984008848586975675e-05
2.982101460780123362e-05
2.980206746089687807e-05
2.978323712998543648e-05
2.976440329036187182e-05
2.974564029979285591e-05
2.972687826130759553e-05
2.970819630211168547e-05
2.968942224097048300e-05
2.967077607910800338e-05
2.965221708933338040e-05
2.963366295543987618e-05
2.961512900626495019e-05
2.959654519382425901e-05
2.957787330137135427e-05
2.955914060741429827e-05
2.954043528954970036e-05
2.952177255920967715e-05
2.950312225496091071e-05
2.948438310772653992e-05
2.946551024576260662e-05
2.944662862248972746e-05
2.942793765082923500e-05
2.940923808724484777e-05
2.939062188679772913e-05
2.937213185479045549e-05
2.935359379361871128e-05
2.933504705129680122e-05
2.931671247089326883e-05
2.929835850400672371e-05
2.928013344862840319e-05
2.926203216905306457e-05
2.924394458862744392e-05
2.922585976673915562e-05
2.920778155046237527e-05
2.918976029810761152e-05
2.917189701522019895e-05
2.915401399260175404e-05
2.913615693524771561e-05
2.911827708113688871e-05
2.910043378214679168e-05
2.908262315312060695e-05
2.906494562876423896e-05
2.904736716446059685e-05
2.903002592054153939e-05
2.901268883823717221e-05
2.899536161990671069e-05
2.897809369503423380e-05
2.896089721656587142e-05
2.894384377229741417e-05
2.892677231311757962e-05
2.890971972051446570e-05
2.889265090812591203e-05
2.887570527354330589e-05
2.885870865441886857e-05
2.884195711035928406e-05
2.882533800980931297e-05
2.880882915982155144e-05
2.879232297372822793e-05
2.877591940201097663e-05
2.875963178438075232e-05
2.874350950147890884e-05
2.872745974259556718e-05
2.871151267482827658e-05
2.869563652662937418e-05
2.867965408492178860e-05
2.866375344728952021e-05
2.864787482671993452e-05
2.863196869811361359e-05
2.861617323049774812e-05
2.860060574283651967e-05
2.858507627400305211e-05
2.856947951192660546e-05
2.855385727262061375e-05
2.853831760958153537e-05
2.852288583346017931e-05
2.850749117468991318e-05
2.849225447956860356e-05
2.847713898385349763e-05
2.846195787280737915e-05
2.844691887289975754e-05
2.843177346323297496e-05
2.841659538075063524e-05
2.840141174097601522e-05
2.838627469771867233e-05
2.837117551882131604e-05
2.835609891514439694e-05
2.834099516677081082e-05
2.832598217192215223e-05
2.831089563185240588e-05
2.829571284732591594e-05
2.828050934796969246e-05
2.826525108853629282e-05
2.825013042122882518e-05
2.823513189761581166e-05
2.822007591372242212e-05
2.820491669884027971e-05
2.818970902477681834e-05
2.817437427774590627e-05
2.815901868733373671e-05
2.814373756595662821e-05
2.812849030105870403e-05
2.811326060246458218e-05
2.809790135329032741e-05
2.808245328964696072e-05
2.806708270866146044e-05
2.805170998844606247e-05
2.803625769042678774e-05
2.802092758191612255e-05
2.800567124680329587e-05
2.799043585847414445e-05
2.797516999909238457e-05
2.795994684729604814e-05
2.794471789975061106e-05
2.792953563621113238e-05
2.791426162560304230e-05
2.789896163270193767e-05
2.788360704573422360e-05
2.786820678402572216e-05
2.785290828633624281e-05
2.783770190190225304e-05
2.782257369028857510e-05
2.780749683283366983e-05
2.779254888164111760e-05
2.777776886515770342e-05
2.776316106078335406e-05
2.774861470409542476e-05
2.773413135655747978e-05
2.771980924165755092e-05
2.770545648991185652e-05
2.769104450107504547e-05
2.767656082850712969e-05
2.766197447830404457e-05
2.764734969049552192e-05
2.763265706521911402e-05
2.761799713983298702e-05
2.760337387096940394e-05
2.758876458769917106e-05
2.757423870836724512e-05
2.755977531696001846e-05
2.754537363017609561e-05
2.753101604924431862e-05
2.751664329766527486e-05
2.750237516427906983e-05
2.748828511327538099e-05
2.747419153768546692e-05
2.746015458716434283e-05
2.744608360196731651e-05
2.743210194197381139e-05
2.741816016199474462e-05
2.740433205479516992e-05
2.739055732859583449e-05
2.737682678585512153e-05
2.736311833486186325e-05
2.734954994124449547e-05
2.733592689643043634e-05
2.732229532766398977e-05
2.730862329940943759e-05
2.729491969161729954e-05
2.728120147403919205e-05
2.726757321944882072e-05
2.725391584389303450e-05
2.724041975938030371e-05
2.722690243683917766e-05
2.721335803497555687e-05
2.719967273538236306e-05
2.718606788019027918e-05
2.717249623707005819e-05
2.715894792789481579e-05
2.714533772812442280e-05
2.713166606022501167e-05
2.711791863500293069e-05
2.710405862625333049e-05
2.709033046569031441e-05
2.707659976755276754e-05
2.706291215437949739e-05
2.704927176948179141e-05
2.703571759628982510e-05
2.702224180273635543e-05
2.700882067149271376e-05
2.699542866874495546e-05
2.698207295635259199e-05
2.696867289246908362e-05
2.695524129089664147e-05
2.694171164403469468e-05
2.692823282244888490e-05
2.691477337265569389e-05
2.690130578198968679e-05
2.688796627061436627e-05
2.687461243978437629e-05
2.686126421962077405e-05
2.684794321123089631e-05
2.683472592984532983e-05
2.682160298074732975e-05
2.680860387448376480e-05
2.679561971369950223e-05
2.678283589084874141e-05
2.677012199389864879e-05
2.675739065352949862e-05
2.674464289856975851e-05
2.673195706084623220e-05
2.671939234237785790e-05
2.670690644427958538e-05
2.669455123655284221e-05
2.668220938877032295e-05
2.666988584421467131e-05
2.665747316726760726e-05
2.664506808933433474e-05
2.663256585959622872e-05
2.662012007690027561e-05
2.660769321166739446e-05
2.659525518387762850e-05
2.658279333492264462e-05
2.657027490219848964e-05
2.655774076629333739e-05
2.654521920765763837e-05
2.653272894249407288e-05
2.652028522397976670e-05
2.650784659182205209e-05
2.649548202205947024e-05
2.648309169886430895e-05
2.647065778876171160e-05
2.645830725708119740e-05
2.644596404243100291e-05
2.643357559228814286e-05
2.642124711428770828e-05
2.640901900509319832e-05
2.639679264553680178e-05
2.638470678348967877e-05
2.637266292409768038e-05
2.636070246251328981e-05
2.634879961887871551e-05
2.633700269667996506e-05
2.632529914527981219e-05
2.631360437657103376e-05
2.630191348842839827e-05
2.629013550475468530e-05
2.627833533051574023e-05
2.626650240239760661e-05
2.625470631250358775e-05
2.624301117794227537e-05
2.623140683222170274e-05
2.621988529029892142e-05
2.620840742908316109e-05
2.619680411945075522e-05
2.618516512827872398e-05
2.617350778520443645e-05
2.616177101216763317e-05
2.615009158485913420e-05
2.613841746356069498e-05
2.612666356022939096e-05
2.611487154349787776e-05
2.610303720847241492e-05
2.609129094803879512e-05
2.607953110584021052e-05
2.606777795937540658e-05
2.605597932051430783e-05
2.604421109151202054e-05
2.603242162319135085e-05
2.602065410391730260e-05
2.600894393721696384e-05
2.599720878893587993e-05
2.598554487915993202e-05
2.597383542813461006e-05
2.596209216047041366e-05
2.595031933146775647e-05
2.593854912225350174e-05
2.592678175513346241e-05
2.591502204593356529e-05
2.590330413943867297e-05
2.589154359777874585e-05
2.587978301416769597e-05
2.586802744935929726e-05
2.585629856031095930e-05
2.584460049717176840e-05
2.583283228759145531e-05
2.582105652210279638e-05
2.580921532887426153e-05
2.579737028461832971e-05
2.578548156164624653e-05
2.577353439712484415e-05
2.576156802438594635e-05
2.574961118568177358e-05
2.573762571721695974e-05
2.572562726844451107e-05
2.571361159196388027e-05
2.570163450615654284e-05
2.568971582306079683e-05
2.567783166858615286e-05
2.566596583888951032e-05
2.565415944848496217e-05
