2.833557887499990168e-05
2.710519147095490417e-05
2.324613818205200686e-05
2.254212363587865692e-05
2.207303830987340467e-05
2.259963572232688377e-05
2.368819726748720402e-05
2.363188302686254540e-05
2.383979524196969433e-05
2.374537296669647802e-05
2.381457361395901464e-05
2.338108021153366205e-05
2.303441827654385007e-05
2.268580605272320865e-05
2.233541151664705473e-05
2.175146862657329258e-05
2.126258223567054556e-05
2.075802662793403621e-05
2.025637670291435949e-05
1.983107818001638226e-05
1.945346375501987149e-05
1.904140635288097662e-05
1.863935615273216932e-05
1.825941254341482031e-05
1.790603856411434255e-05
1.758514817847733319e-05
1.728144558853003513e-05
1.701644708736409336e-05
1.679363779685547355e-05
1.658865511505872226e-05
1.643081170696476226e-05
1.625143319045717615e-05
1.612697290022543727e-05
1.600169421106560091e-05
1.587286791431692285e-05
1.575120460962506897e-05
1.564096145185926143e-05
1.549887985476699250e-05
1.535647687314992623e-05
1.519373686324323853e-05
1.503461810807283303e-05
1.486907418949392857e-05
1.473568158729877946e-05
1.458982896699182210e-05
1.444470833169849788e-05
1.429430622494202114e-05
1.417058245316493604e-05
1.404976081288939590e-05
1.393723067842883145e-05
1.382934950881964277e-05
1.372393646316599880e-05
1.363519659682392955e-05
1.354870182654897395e-05
1.345879551564145438e-05
1.336361083431151284e-05
1.328867974430653247e-05
1.320256250855898539e-05
1.311439505833426867e-05
1.303422698771980122e-05
1.295591704403684033e-05
1.287440815259595868e-05
1.279943709098524107e-05
1.272255105470797604e-05
1.264235641465397544e-05
1.256216908567004558e-05
1.248293944486245645e-05
1.240837367846419109e-05
1.234140034840578988e-05
1.227396016371765390e-05
1.221237555620530471e-05
1.214739815506846581e-05
1.208046060229353738e-05
1.202058759138285480e-05
1.195271216633111049e-05
1.188884019008259745e-05
1.182103713599382006e-05
1.175539640047097382e-05
1.169754727250231656e-05
1.164121784808741293e-05
1.157919616593139445e-05
1.152067295957394903e-05
1.145782939396846954e-05
1.139552198751627063e-05
1.133812632969058853e-05
1.128168878107019847e-05
1.122493734948794662e-05
1.116523465683928237e-05
1.110535875871943094e-05
1.104639486484540138e-05
1.098689689671615150e-05
1.092934679973077487e-05
1.087193737205556079e-05
1.081666122078202366e-05
1.076188889774492153e-05
1.070744858514145082e-05
1.065368727883132046e-05
1.060079772425473415e-05
1.054872062326763813e-05
1.049782901540082489e-05
1.044945806620942868e-05
1.040332492582617782e-05
1.035667544116161351e-05
1.031014710054189096e-05
1.026373332348160975e-05
1.021764055698012253e-05
1.017220933906405336e-05
1.012615237653320445e-05
1.008136566326502158e-05
1.003696437347986114e-05
9.994140046334371713e-06
9.951944566107118800e-06
9.909794748459931668e-06
9.868760008581641482e-06
9.827092176338384473e-06
9.786017561531839762e-06
9.745035811078634589e-06
9.705603859476402250e-06
9.665366431300390621e-06
9.625813598227219773e-06
9.585789828140552128e-06
9.546162095283142369e-06
9.506958494076998882e-06
9.468235529751856791e-06
9.430063737448273335e-06
9.392277408411960456e-06
9.354975457161920956e-06
9.318086384907974784e-06
9.281623289850163885e-06
9.245582347258682657e-06
9.210060209464008139e-06
9.175074575436689776e-06
9.140529722156188656e-06
9.106831398154051116e-06
9.073208830830508035e-06
9.040503818417100379e-06
9.007972647330519424e-06
8.975923171304369633e-06
8.944621861056206016e-06
8.913762957464329366e-06
8.882468469533328314e-06
8.851547558315509413e-06
8.821292461648464926e-06
8.791187466545993898e-06
8.762700863180912086e-06
8.733878677759258289e-06
8.705639377807851886e-06
8.678056037623177866e-06
8.650740166299805873e-06
8.623915447107609978e-06
8.596461076314974736e-06
8.569137797685283996e-06
8.542545621889649878e-06
8.516851947095133662e-06
8.491461030925940228e-06
8.467236156974620125e-06
8.443202104322208702e-06
8.419063857304582955e-06
8.396640133177934515e-06
8.374037066889083249e-06
8.351916371440121513e-06
8.329019269534296228e-06
8.305748680288545512e-06
8.282466397238705613e-06
8.259397529153912555e-06
8.237327021824158369e-06
8.215835783187182493e-06
8.195153499906365798e-06
8.174176496244390914e-06
8.155010290809158410e-06
8.136046911036593654e-06
8.117084823802348857e-06
8.097236015339467983e-06
8.077456201580934157e-06
8.057106335077369804e-06
8.037053285804967112e-06
8.017812898254153623e-06
7.998690571052704043e-06
7.979615073195198480e-06
7.960122401986495730e-06
7.940890154872301773e-06
7.921596678388471876e-06
7.902530153653080768e-06
7.883019346642920281e-06
7.862708098985832488e-06
7.842183856071516633e-06
7.822143632704797397e-06
7.801675636801168987e-06
7.781303950169826371e-06
7.760839861239451928e-06
7.740412579857507816e-06
7.720245804157361709e-06
7.700142109661033349e-06
7.680171560210429166e-06
7.660388535101254299e-06
7.640735773926340244e-06
7.621220158344633610e-06
7.601859285908816820e-06
7.582641730731009350e-06
7.563576693362679117e-06
7.544647989686027292e-06
7.525870527425879421e-06
7.507270878069248886e-06
7.488765378838706367e-06
7.470488974389223403e-06
7.452264566533099874e-06
7.434191912772669596e-06
7.416301166928733336e-06
7.398553610113182924e-06
7.380926802604637057e-06
7.363336370263253484e-06
7.346063052877743898e-06
7.328948946675926078e-06
7.311821815744465797e-06
7.294913502549291004e-06
7.278035988705781018e-06
7.261236609204180849e-06
7.244542699039220844e-06
7.227907677344520989e-06
7.211387954393899364e-06
7.194981966027276739e-06
7.178686336072899009e-06
7.162506198202456403e-06
7.146485089926906153e-06
7.130555387282057758e-06
7.114765870004174300e-06
7.099118779282198313e-06
7.083649635295019019e-06
7.068427515533398588e-06
7.053386422239292918e-06
7.038552919858671007e-06
7.023576599178433739e-06
7.008668880929627235e-06
6.993945377625776753e-06
6.979321143042548550e-06
6.964843240388112134e-06
6.950428750521013228e-06
6.936195673521930319e-06
6.921863859196120354e-06
6.907540711865717135e-06
6.893273987546827008e-06
6.879043531458566014e-06
6.864925502115178361e-06
6.850821687117728384e-06
6.836776291548957809e-06
6.822809558845932941e-06
6.808929389564248382e-06
6.795148842714359104e-06
6.781628284668611499e-06
6.768155150491039392e-06
6.755015238855799021e-06
6.741778382247328660e-06
6.728496505651908280e-06
6.715246135802687230e-06
6.702035617794195331e-06
6.688897094040947552e-06
6.675836833308778014e-06
6.662856441705796180e-06
6.649970721281673029e-06
6.637133430252294570e-06
6.624364404986723604e-06
6.611728831986445068e-06
6.599165628053378005e-06
6.586677253648829293e-06
6.574252286980004227e-06
6.561863340774195117e-06
6.549548797786496791e-06
6.537297716947002998e-06
6.525098523091271445e-06
6.512962397831165494e-06
6.500985335478189856e-06
6.489088615627075583e-06
6.477247621309811890e-06
6.465489281815419719e-06
6.453955292828183484e-06
6.442540017486123583e-06
6.431262314737659005e-06
6.420203792113311146e-06
6.409303271920181329e-06
6.398593623072635912e-06
6.387964668772731032e-06
6.377208318276743882e-06
6.366574326554865445e-06
6.356106667839310286e-06
6.345727027913190424e-06
6.335513411457829140e-06
6.325157157043446369e-06
6.315154690159188698e-06
6.305035027143419503e-06
6.295093399900409118e-06
6.285164346072928295e-06
6.275349087688202150e-06
6.265431227911763270e-06
6.255703308974380773e-06
6.246280875453933423e-06
6.237000026387398618e-06
6.227738738462709768e-06
6.218376755328520142e-06
6.209110474138164695e-06
6.199761353501032920e-06
6.190601242123579273e-06
6.181511759511401234e-06
6.172358158413711668e-06
6.163065208620071652e-06
6.153974269702789605e-06
6.144987758327026176e-06
6.136378137720069504e-06
6.128028285618352297e-06
6.119517798060170680e-06
6.110974904477434397e-06
6.102325408990964864e-06
6.093829252447850691e-06
6.085260271653182238e-06
6.076793501190311391e-06
6.068391933417543683e-06
6.060190928045346898e-06
6.051978262824548413e-06
6.044004650501967603e-06
6.035899713257898882e-06
6.027869505539230645e-06
6.019936317000227090e-06
6.012099282613937254e-06
6.004296218186889234e-06
5.996343682646372895e-06
5.988543253819268494e-06
5.980559997601703845e-06
5.972811403178989688e-06
5.965343663355475136e-06
5.957876157348924178e-06
5.950714184892742488e-06
5.943347267588871663e-06
5.936258154199833555e-06
5.929345410500199536e-06
5.922468735689910271e-06
5.915648920532487430e-06
5.908687371281135209e-06
5.901370852045813984e-06
5.893960482522523011e-06
5.886602611069887781e-06
5.879249345266313227e-06
5.872323652484238906e-06
5.865199694267467732e-06
5.858290867103123189e-06
5.851318793281886719e-06
5.844453508939528971e-06
5.837732979928898169e-06
5.831271848084965793e-06
5.825040086762707496e-06
5.819008040756318308e-06
5.813073581290647570e-06
5.807469906704964113e-06
5.801622310761216970e-06
5.795231940146803770e-06
5.788662708725300745e-06
5.782587800680577547e-06
5.776686779904895147e-06
5.770707700525809312e-06
5.764623123335040453e-06
5.758494592217248576e-06
5.752208502282721269e-06
5.745913063840317636e-06
5.739430670112541170e-06
5.733180542780950346e-06
5.726841945311173609e-06
5.720600833385094077e-06
5.714059355259653825e-06
5.707647613183652012e-06
5.701104704236498005e-06
5.694876548770795266e-06
5.688559581183346072e-06
5.682292201793932219e-06
5.675949199040779137e-06
5.669880075618983256e-06
5.663761269894320142e-06
5.657762282080278011e-06
5.652216603852131289e-06
5.646644354358669354e-06
5.641014909451459719e-06
5.635524756554407729e-06
5.630351772696972045e-06
5.625244952281476203e-06
5.620409320099264150e-06
5.615387817087749028e-06
5.610209166279335042e-06
5.604823760283550107e-06
5.599659045022246817e-06
5.594734564455338234e-06
5.589981066676321484e-06
5.585302297336566728e-06
5.580535086893108770e-06
5.576049603660717993e-06
5.571379450795282120e-06
5.566567134971139992e-06
5.561821416068182365e-06
5.557148087701459500e-06
5.552699938886955084e-06
5.548257030539086574e-06
5.544001607873322513e-06
5.539475582655710026e-06
5.534958467535577824e-06
5.530555623556121702e-06
5.526090248745578418e-06
5.521800117868139010e-06
5.517720025790548373e-06
5.513643301565056825e-06
5.509480400551229971e-06
5.505374638932869949e-06
5.501116083151758387e-06
5.496770787101818921e-06
5.492642136310580830e-06
5.488468904831765085e-06
5.484187064740969625e-06
5.479939818761580937e-06
5.475977423849547483e-06
5.471997965865808710e-06
5.467732871997180222e-06
5.463387382796542412e-06
5.458965408590114769e-06
5.454491373388941414e-06
5.450022984084948788e-06
5.445728009088251169e-06
5.441555638201721673e-06
5.437209857930875529e-06
5.432839566069220859e-06
5.428465930056424745e-06
5.424117151540720782e-06
5.419965245341318507e-06
5.415869097327838302e-06
5.411557568913737869e-06
5.407483334493804329e-06
5.403510240945223442e-06
5.399540617553873140e-06
5.395765878843208770e-06
5.391925836708635504e-06
5.388269135890133471e-06
5.384500111549488007e-06
5.380507776551819759e-06
5.376740179276245261e-06
5.372766597377660120e-06
5.368913726570628720e-06
5.364856764084046367e-06
5.360772799607034309e-06
5.356565059502784442e-06
5.352334481290736879e-06
5.348148018878004707e-06
5.344115536748256867e-06
5.340305481309052900e-06
5.336726585188848812e-06
5.333219296151462767e-06
5.329867456919096072e-06
5.326419381376577558e-06
5.322850689052436057e-06
5.319124837504971209e-06
5.315387555057821676e-06
5.311304706316787991e-06
5.307335889664229737e-06
5.303230588121749019e-06
5.299106244897169677e-06
5.295094491578760621e-06
5.291300800863010527e-06
5.287523285670618285e-06
5.283957497081694655e-06
5.280449627887117943e-06
5.276691920986124373e-06
5.273048284248269997e-06
5.269322939665320648e-06
5.265700005913037309e-06
5.262007343086293001e-06
5.258374386659889029e-06
5.254967630369760564e-06
5.251514886483814666e-06
5.247966068362207096e-06
5.244505992976418992e-06
5.240988257586746027e-06
5.237491590297384401e-06
5.233987678316058247e-06
5.230441937158384059e-06
5.226879854540734679e-06
5.223395148746783649e-06
5.219875247410449597e-06
5.216488245335247567e-06
5.212915862237615439e-06
5.209265009372258122e-06
5.205563268343077067e-06
5.202099179210282085e-06
5.198508088430217332e-06
5.195009712787096787e-06
5.191358154518869937e-06
5.187846244042985384e-06
5.184263704860378916e-06
5.180633964740432119e-06
5.177231392982199618e-06
5.173910623913955984e-06
5.170661653879299841e-06
5.167351222751238759e-06
5.164127890304238547e-06
5.161048508744434813e-06
5.157824484069448514e-06
5.154372471340092120e-06
5.150990094273780702e-06
5.147483358934939970e-06
5.144090565925422444e-06
5.140728505207241148e-06
5.137484328807050715e-06
5.134292388751587619e-06
5.131104792128527410e-06
5.127957707707992351e-06
5.124747514514561103e-06
5.121596849867078955e-06
5.118494612801847694e-06
5.115446058810061836e-06
5.112342674291609472e-06
5.109182965641819810e-06
5.106004886656210027e-06
5.102589665583680407e-06
5.099389677926231769e-06
5.096168812125793244e-06
5.092938970366181335e-06
5.089752516507150892e-06
5.086508632150526541e-06
5.083498772511932212e-06
5.080613549061296413e-06
5.077902703852971786e-06
5.075364431123410979e-06
5.072955329955520525e-06
5.070675228385656570e-06
5.068757920796710190e-06
5.066669045868354000e-06
5.064625512641556281e-06
5.062511048291680531e-06
5.060594873122474845e-06
5.058611382721541776e-06
5.056408843322957130e-06
5.054364814142210793e-06
5.052212780026412897e-06
5.050269673127935171e-06
5.048115500509584236e-06
5.046027682801442130e-06
5.044021572054731262e-06
5.042220900038769318e-06
5.040478758869196923e-06
5.038761510263758722e-06
5.037093868848653120e-06
5.035356041512432266e-06
5.033732898033307335e-06
5.032061254668371588e-06
5.030285416299080103e-06
5.028357250799177001e-06
5.026529356768108368e-06
5.024552733572522795e-06
5.022704122180958128e-06
5.020789998824200110e-06
5.018800528343292638e-06
5.016996215239987224e-06
5.015193600285668996e-06
5.013479984602628121e-06
5.011721347912464816e-06
5.009864699524235515e-06
5.007939282756031888e-06
5.006004882264394281e-06
5.003770152820822778e-06
5.001484790329513162e-06
4.999110062240409545e-06
4.996590493463450555e-06
4.993954650180315938e-06
4.991349802498286607e-06
4.988800346159756954e-06
4.986177015937963585e-06
4.983578434262549229e-06
4.981000341391293335e-06
4.978377644952553199e-06
4.975761529790457462e-06
4.973164459480504870e-06
4.970596235734161044e-06
4.967888571417062561e-06
4.965410542082129425e-06
4.962929187584255005e-06
4.960401315138848798e-06
4.957684100489421048e-06
4.954949326219912814e-06
4.952174151684214298e-06
4.949407828419015780e-06
4.946714631231441410e-06
4.944030113257839245e-06
4.941316082440845200e-06
4.938616763120996497e-06
4.935881505683374930e-06
4.933212509508676322e-06
4.930497582081349437e-06
4.927837621435997139e-06
4.925312107854529258e-06
4.922966803618091893e-06
4.920574695140850732e-06
4.918237636231945918e-06
4.915916394704487240e-06
4.913592397941538221e-06
4.911146436320584788e-06
4.908632484214278576e-06
4.906064374680096376e-06
4.903555627728321302e-06
4.900966122480898607e-06
4.898473723618131036e-06
4.896098770093248163e-06
4.893606557831511070e-06
4.891215456188514826e-06
4.888679566534766713e-06
4.886242186594142201e-06
4.883844291976169457e-06
4.881416228439123446e-06
4.879021320509558551e-06
4.876550484727422138e-06
4.874104546764871416e-06
4.871700943551141483e-06
4.869170389961645775e-06
4.866656460034319611e-06
4.864145189607963895e-06
4.861531266936214165e-06
4.858810540735257291e-06
4.856153355353052304e-06
4.853469076822521765e-06
4.850766126129831881e-06
4.847991454411255377e-06
4.845245580171221318e-06
4.842556904115810969e-06
4.839834525100138357e-06
4.837118621323027369e-06
4.834388407010458969e-06
4.831574352303557725e-06
4.828868925814228505e-06
4.826165574165967115e-06
4.823539081647628111e-06
4.820855538031121841e-06
4.818139140779743565e-06
4.815420240284505059e-06
4.812643474626503932e-06
4.809915893080069440e-06
4.807229866303225967e-06
4.804550861487012676e-06
4.801836685168450615e-06
4.799232784588023886e-06
4.796567420438191248e-06
4.793980738029555919e-06
4.791385463633178177e-06
4.788870231889090798e-06
4.786386010206926231e-06
4.783897207392621565e-06
4.781556161789243059e-06
4.779200236434999199e-06
4.776903951741801377e-06
4.774692690149207135e-06
4.772526998049216363e-06
4.770355456842166196e-06
4.768116867338196135e-06
4.765786636950176554e-06
4.763563536302473225e-06
4.761352053136980777e-06
4.759139783600499659e-06
4.756930860744336836e-06
4.754636029875657908e-06
4.752439828372871178e-06
4.750217663652721128e-06
4.747940175106521636e-06
4.745754234832385367e-06
4.743506635485509140e-06
4.741297499213494825e-06
4.739011943140782471e-06
4.736729626034021506e-06
4.734387311249309078e-06
4.731971356915218711e-06
4.729417318930311869e-06
4.726822069690647489e-06
4.724287947647678056e-06
4.721722090320904701e-06
4.719130826165624658e-06
4.716415889848284650e-06
4.713625623227059411e-06
4.710841006471326142e-06
4.708174711657575753e-06
4.705484048761599337e-06
4.702808809902960180e-06
4.700194456716782700e-06
4.697599882528117339e-06
4.695009428543390107e-06
4.692404832961826997e-06
4.689870619176908783e-06
4.687259569220475242e-06
4.684722117864436815e-06
4.682332738689277302e-06
4.679921034830016624e-06
4.677517189091268746e-06
4.675124592847299536e-06
4.672626587954723810e-06
4.670165136434277538e-06
4.667720419763475544e-06
4.665288602891447106e-06
4.662953982900349661e-06
4.660572408978215239e-06
4.658205438093216150e-06
4.655800049080361436e-06
4.653412818811210132e-06
4.650934733891156919e-06
4.648457008800710781e-06
4.645928359468797924e-06
4.643408366678252681e-06
4.640816509202822208e-06
4.638166279325897709e-06
4.635493367394161803e-06
4.632818910980780421e-06
4.630128335497088820e-06
4.627385935032174822e-06
4.624619681005128231e-06
4.621860416716674725e-06
4.619125632353539033e-06
4.616470060154308225e-06
4.613822077981474144e-06
4.611170589067494056e-06
4.608480076186738732e-06
4.605765638525474770e-06
4.603149241991257487e-06
4.600458180443668828e-06
4.597766723382070239e-06
4.595068935041365621e-06
4.592368261986005880e-06
4.589613868822687503e-06
4.586859365736761069e-06
4.584089447193051747e-06
4.581333907152456554e-06
4.578581933876020200e-06
4.575836389900960208e-06
4.573034072989469182e-06
4.570206744655102687e-06
4.567419242050327113e-06
4.564615817709587856e-06
4.561855883000175814e-06
4.559052758121663627e-06
4.556231911882459174e-06
4.553388303341893755e-06
4.550597303536901318e-06
4.547857135972742111e-06
4.545156563001640064e-06
4.542464049686713807e-06
4.539827616881445721e-06
4.537157114055475170e-06
4.534531083072061061e-06
4.531869133872238444e-06
4.529193569927380424e-06
4.526535984214181462e-06
4.523867164617480989e-06
4.521227335567267879e-06
4.518533422470749071e-06
4.515860042492369174e-06
4.513184264996292786e-06
4.510436829227184956e-06
4.507739533330470113e-06
4.505036981810791226e-06
4.502314286557747072e-06
4.499607535134664681e-06
4.496922526743699018e-06
4.494216449102501100e-06
4.491529058036412527e-06
4.488843657468342712e-06
4.486218306187700432e-06
4.483579596482677319e-06
4.480941570728205632e-06
4.478262445035412755e-06
4.475592730666803467e-06
4.472904347180184001e-06
4.470215053322208226e-06
4.467559388486928610e-06
4.464897563297445750e-06
4.462287858294601694e-06
4.459677988697243676e-06
4.457051481578751073e-06
4.454446315901414634e-06
4.451902015423025087e-06
4.449334350679866967e-06
4.446745947517175494e-06
4.444169832837445795e-06
4.441606611643501426e-06
4.439057527380351856e-06
4.436489924321653224e-06
4.433930243712678839e-06
4.431386341209564361e-06
4.428818304007958898e-06
4.426230980740329042e-06
4.423677914334143301e-06
4.421089440232687288e-06
4.418473599610294621e-06
4.415884037178737451e-06
4.413296666341181624e-06
4.410743170454789433e-06
4.408183389943661813e-06
4.405665030042482521e-06
4.403161910064218375e-06
4.400644652175270213e-06
4.398109411118150741e-06
4.395539575173945605e-06
4.392984458401690412e-06
4.390421148766943849e-06
4.387860624176483813e-06
4.385300899959421672e-06
4.382770889954421854e-06
4.380234601935778762e-06
4.377742375879934787e-06
4.375249279161872004e-06
4.372799441341954683e-06
4.370347604160022946e-06
4.367926964366080138e-06
4.365511867820700303e-06
4.363080852505960087e-06
4.360634377934784602e-06
4.358205256549679970e-06
4.355749854428233888e-06
4.353340178709844263e-06
4.350950387955959751e-06
4.348525966881797211e-06
4.346103440382624659e-06
4.343696343350095221e-06
4.341312628521281769e-06
4.338932568608951951e-06
4.336567800111157186e-06
4.334185762658110467e-06
4.331801609054961411e-06
4.329422573459542520e-06
4.327071666568366694e-06
4.324722276088634574e-06
4.322399008146865462e-06
4.320088445303859363e-06
4.317728929169429020e-06
4.315378363134656829e-06
4.313031282550241722e-06
4.310710553083689111e-06
4.308393252180652427e-06
4.306083662479382928e-06
4.303810173912302489e-06
4.301537370344696728e-06
4.299270937170085481e-06
4.296982137093206239e-06
4.294716246626882732e-06
4.292469413452781346e-06
4.290235082221165400e-06
4.287968499751370359e-06
4.285716170278067683e-06
4.283474943542040945e-06
4.281248324702131173e-06
4.279027649503272094e-06
4.276791758606704535e-06
4.274559754429970895e-06
4.272340282397419346e-06
4.270138380001460165e-06
4.267942812637279760e-06
4.265745775874091638e-06
4.263568792467370347e-06
4.261343204078141108e-06
4.259104160977180689e-06
4.256885809075271941e-06
4.254693449723433431e-06
4.252507022564873359e-06
4.250312891340551349e-06
4.248127728755549823e-06
4.245966244345838083e-06
4.243818447512580748e-06
4.241653895821482749e-06
4.239491927950361506e-06
4.237334004013626396e-06
4.235173829886063754e-06
4.233032637984596687e-06
4.230913681015440971e-06
4.228793616334882726e-06
4.226692232350070566e-06
4.224634378923815793e-06
4.222573337570649670e-06
4.220501962286548490e-06
4.218441183026501249e-06
4.216387053930675256e-06
4.214326946248878348e-06
4.212263749408415565e-06
4.210181160847133106e-06
4.208081968908063594e-06
4.206006707260183031e-06
4.203911225074221320e-06
4.201880073699439557e-06
4.199826052970701518e-06
4.197768491829217316e-06
4.195676418939496040e-06
4.193577771115382731e-06
4.191430589703488932e-06
4.189296163877557066e-06
4.187172853235578502e-06
4.185042988821980504e-06
4.182897076442617267e-06
4.180745152234357018e-06
4.178611653200693367e-06
4.176482209677428046e-06
4.174346991301710480e-06
4.172190292150805309e-06
4.170040122669541802e-06
4.167850870942174462e-06
4.165664743694824826e-06
4.163507506996917912e-06
4.161367283330543269e-06
4.159250500271458540e-06
4.157110268727150633e-06
4.154965979555124609e-06
4.152810939081148561e-06
4.150662898809324531e-06
4.148499746553728197e-06
4.146340172768049711e-06
4.144183918118274136e-06
4.142051455654389167e-06
4.139934728486576104e-06
4.137845348391674147e-06
4.135760469640281447e-06
4.133701711636778065e-06
4.131662945596404708e-06
4.129598717689146566e-06
4.127505583416029024e-06
4.125416353340004799e-06
4.123342018659551241e-06
4.121248847997761065e-06
4.119178279448858820e-06
4.117102973156427105e-06
4.115018080872117757e-06
4.112972047796465269e-06
4.110924533723017001e-06
4.108882838632800059e-06
4.106838471299976413e-06
4.104797377865631439e-06
4.102764707784022068e-06
4.100721511005419500e-06
4.098682695562727868e-06
4.096665060869313285e-06
4.094651472164726826e-06
4.092658500669989959e-06
4.090672190976489001e-06
4.088670161421145620e-06
4.086701485934281119e-06
4.084734908996633404e-06
4.082781372291506265e-06
4.080814781059439799e-06
4.078856471054720228e-06
4.076909122573636693e-06
4.074960408653352411e-06
4.073017870737678064e-06
4.071081189221058792e-06
4.069117174526912485e-06
4.067175707846527129e-06
4.065227195550871400e-06
4.063275416498639290e-06
4.061326174572861779e-06
4.059389385336557081e-06
4.057459849629448023e-06
4.055573342731050253e-06
4.053667347152064509e-06
4.051783125439182761e-06
4.049919926739577117e-06
4.048068244624809453e-06
4.046239352163160494e-06
4.044428766537614494e-06
4.042610646672024003e-06
4.040825312345082752e-06
4.039020189780385076e-06
4.037202785317618202e-06
4.035383493652113394e-06
4.033547547872495822e-06
4.031715297219226301e-06
4.029900559082463068e-06
4.028092197671490440e-06
4.026261308699975887e-06
4.024419403186418544e-06
4.022607442597914554e-06
4.020795167661082583e-06
4.018981980206072358e-06
4.017161054811372667e-06
4.015343655685673996e-06
4.013533778070616409e-06
4.011703911693274824e-06
4.009872501892348805e-06
4.008074702895016232e-06
4.006277276949458947e-06
4.004505507705287188e-06
4.002755452683930616e-06
4.001030240088608862e-06
3.999279839175361450e-06
3.997561929001330609e-06
3.995840689184755286e-06
3.994130844015394066e-06
3.992384744917355128e-06
3.990628190871159350e-06
3.988859946868098883e-06
3.987105740125458687e-06
3.985334422518880862e-06
3.983564240262474492e-06
3.981776862413598422e-06
3.980000407514944685e-06
3.978256836317115801e-06
3.976517689755512801e-06
3.974781130177491933e-06
3.973043425312596864e-06
3.971319463185022885e-06
3.969599432879495195e-06
