2.621773752500018012e-04
2.845267631456291618e-04
2.406241331633876708e-04
2.166610252652990400e-04
2.034546836079472614e-04
1.869918611362206935e-04
1.748817322808856364e-04
1.641896259022566148e-04
1.621082309162812953e-04
1.669509960346678493e-04
1.688706179804186564e-04
1.709098097481046821e-04
1.678946641373211493e-04
1.628530437334057526e-04
1.582670330266801805e-04
1.543870428605369758e-04
1.502962508268007211e-04
1.465428425726253523e-04
1.439226754170510865e-04
1.411789314743267844e-04
1.387243894508377443e-04
1.358927989338967746e-04
1.329086019457622735e-04
1.301102605906403608e-04
1.275673482753462052e-04
1.255367070289778301e-04
1.232509871414653720e-04
1.211553545694084896e-04
1.192196161298095236e-04
1.172655886425504030e-04
1.153659766575416013e-04
1.135502283522099121e-04
1.118165353385665821e-04
1.101755853938759058e-04
1.086371361220526862e-04
1.071200933662199925e-04
1.056776243174966783e-04
1.042779615332020633e-04
1.029571998857247496e-04
1.016678539739138284e-04
1.004764150547616695e-04
9.934593385523709554e-05
9.835813409323974942e-05
9.748741217386720445e-05
9.654240269913625598e-05
9.565929186865732177e-05
9.481309407489736934e-05
9.385717677326653604e-05
9.291559302535236300e-05
9.199377866629798316e-05
9.111761080468444801e-05
9.027189758981966710e-05
8.944150225812265149e-05
8.865171422027099443e-05
8.785460009060405565e-05
8.706962791471143997e-05
8.630651069430350663e-05
8.556990577405983482e-05
8.484555826848735167e-05
8.413601091276814818e-05
8.344775640830360316e-05
8.277491603508417551e-05
8.213541870252913553e-05
8.150974337904227777e-05
8.091397629659641223e-05
8.030966739177108579e-05
7.971091556063069478e-05
7.912267517499420712e-05
7.854736251984230269e-05
7.798459939693485449e-05
7.743372170124919300e-05
7.689440139095862401e-05
7.636623274179475662e-05
7.585372894548136251e-05
7.537499826906718197e-05
7.492203817769812980e-05
7.447946593936960967e-05
7.400385890361635053e-05
7.353985941824512154e-05
7.308065821355664183e-05
7.262896857925241667e-05
7.218850686149654798e-05
7.175725784348450324e-05
7.133543704519683371e-05
7.093087969907122426e-05
7.054418185307663165e-05
7.017286679052435775e-05
6.978527865643345519e-05
6.941503737339082549e-05
6.905561436064746054e-05
6.871096131922971610e-05
6.834860190190652075e-05
6.801079332934506863e-05
6.767156921402829822e-05
6.734643016022740002e-05
6.701533772301000681e-05
6.671359216627839768e-05
6.642366097715936930e-05
6.614266490369166652e-05
6.583861595593808527e-05
6.553832450863268807e-05
6.525212447635761156e-05
6.498306439207954320e-05
6.473140181946980163e-05
6.446199605175791049e-05
6.419308612938488790e-05
6.392439714084452245e-05
6.368133979154967661e-05
6.343848469069858552e-05
6.321224350652481676e-05
6.298013762326858578e-05
6.278571511914078662e-05
6.257795015627075450e-05
6.237634896716491193e-05
6.219948314407633329e-05
6.206267063995904237e-05
6.190298393087127250e-05
6.173939419184321564e-05
6.161137030342376522e-05
6.146726650128149158e-05
6.133749100407664306e-05
6.117713101587276615e-05
6.101113058697344072e-05
6.084872946544204818e-05
6.069583774478811897e-05
6.051929782200696602e-05
6.035035443782674111e-05
6.020547609609006620e-05
6.006134551305300967e-05
5.992381343042602564e-05
5.976090612720226020e-05
5.960258390698504923e-05
5.945012186604620706e-05
5.930192537552817834e-05
5.912579812629641069e-05
5.896118737743795413e-05
5.881724556760183271e-05
5.866131328824860774e-05
5.849866504143914935e-05
5.835040678347270550e-05
5.819722286648999803e-05
5.803733585848641483e-05
5.790063349242163777e-05
5.775193188697153658e-05
5.761791273305407515e-05
5.747599398775510895e-05
5.733196191075959905e-05
5.719308578060505781e-05
5.704183918299909651e-05
5.688419055383697092e-05
5.672035695281844436e-05
5.655139906007600078e-05
5.638677437687811023e-05
5.622067716268375572e-05
5.605222423186050800e-05
5.588010008352207054e-05
5.570685439984437716e-05
5.553633043641523459e-05
5.536509927014608825e-05
5.519880036445356158e-05
5.503509360672050320e-05
5.487660519430477335e-05
5.471796122833046377e-05
5.456096354769036564e-05
5.440532213618932424e-05
5.425817211781647410e-05
5.411231741296431346e-05
5.397737637873630516e-05
5.384355737518723648e-05
5.371698480776322969e-05
5.359517605397360257e-05
5.347427113723521894e-05
5.334193636939463614e-05
5.320666066955498483e-05
5.307081528097597477e-05
5.293904968246024257e-05
5.282398445978191549e-05
5.271507414004445157e-05
5.259583314911623952e-05
5.247236275730770801e-05
5.234337908889535586e-05
5.221799435245365930e-05
5.209165699007458689e-05
5.196475101141708955e-05
5.183361624331005993e-05
5.170367142527624725e-05
5.157128514758430108e-05
5.144165462945888054e-05
5.131292458206050954e-05
5.118862214251056252e-05
5.106769811339617008e-05
5.095709283853259064e-05
5.085442400477655211e-05
5.076100164726259843e-05
5.067463626947195436e-05
5.059867068336034243e-05
5.053307237597273364e-05
5.046007599060544502e-05
5.038130156611695141e-05
5.030295172745127044e-05
5.022482707828383649e-05
5.013819054387566750e-05
5.006513837160517862e-05
4.999082688360886021e-05
4.992889991074578256e-05
4.985559454686349962e-05
4.977642335755924071e-05
4.969591630430296626e-05
4.960506864799265562e-05
4.952470564120446694e-05
4.945736439217075905e-05
4.939816852243317425e-05
4.933963288283994229e-05
4.929869983141824732e-05
4.924724039311061439e-05
4.920542090044215870e-05
4.916067170364914028e-05
4.910952581126890184e-05
4.905889421010118534e-05
4.901396332255890202e-05
4.896411117174793531e-05
4.892213730407627467e-05
4.889628224972492895e-05
4.888337260010470678e-05
4.889202537117685822e-05
4.890498429968963821e-05
4.894025832768045692e-05
4.895515248599057161e-05
4.898307607348789715e-05
4.899774642808768613e-05
4.901311547900043280e-05
4.902830534146143063e-05
4.906943860875819370e-05
4.909375973002706375e-05
4.913948768560169866e-05
4.917170968995375019e-05
4.920554856638079073e-05
4.921832316108935504e-05
4.923768543813149539e-05
4.926489199453666597e-05
4.929147604076155811e-05
4.931099583399545916e-05
4.933614486275229703e-05
4.936341406919891975e-05
4.936738822362670478e-05
4.938232037207645195e-05
4.938845865639322893e-05
4.938586150688684096e-05
4.938179811331328597e-05
4.936492175643618336e-05
4.934849911553927253e-05
4.933471084165590875e-05
4.932595105549406929e-05
4.932228624643055008e-05
4.931455064931072435e-05
4.929952147940515285e-05
4.927737077950288111e-05
4.925956396781171122e-05
4.923581375290812134e-05
4.921190105429056825e-05
4.918694397730342895e-05
4.916571015516005424e-05
4.914561816002848641e-05
4.912590133322871722e-05
4.910705118469952752e-05
4.908469403329318370e-05
4.906471498117920477e-05
4.903348265394551360e-05
4.901095692012833491e-05
4.898901341794391530e-05
4.895769781564731266e-05
4.892872735622807312e-05
4.890625642224766836e-05
4.887168073874054419e-05
4.883885402861451284e-05
4.881088675415793152e-05
4.878110565272853572e-05
4.875312641983146385e-05
4.872961059308116260e-05
4.870157277084006170e-05
4.867602418490395014e-05
4.864104753622077267e-05
4.860512809906208524e-05
4.857297618343064119e-05
4.854244301292062253e-05
4.851344972529486089e-05
4.848922261632208062e-05
4.845843738984565151e-05
4.843804752015586659e-05
4.841708679463368938e-05
4.838634046105427415e-05
4.835472570399272630e-05
4.831905733926612328e-05
4.827388658325546314e-05
4.822098194960901593e-05
4.816690352072729685e-05
4.811426023299688833e-05
4.806803499534984702e-05
4.801465317159675679e-05
4.796328475277902902e-05
4.790810134445941821e-05
4.785519932773635228e-05
4.780589871228606882e-05
4.775598427660801885e-05
4.770187580787027364e-05
4.764591314868556779e-05
4.759098233212315986e-05
4.753612164490389404e-05
4.747757946623242322e-05
4.741711257189250544e-05
4.735666899993848708e-05
4.729712286792444405e-05
4.723510362571900582e-05
4.717349329635853140e-05
4.711103593679186229e-05
4.704933144103082640e-05
4.698884861743736659e-05
4.692957549432850631e-05
4.687327130420440672e-05
4.681518841529302966e-05
4.676077924797961247e-05
4.670790435682305576e-05
4.665848677051948089e-05
4.660516015834832650e-05
4.655382159131118530e-05
4.650079864333681907e-05
4.644736253107437194e-05
4.639189944288653426e-05
4.633079445368269543e-05
4.627148544828060470e-05
4.621197444030739705e-05
4.615118058398182208e-05
4.609229788221981154e-05
4.603208667428744641e-05
4.597199797676968181e-05
4.591134663270996365e-05
4.585111307777700574e-05
4.578837242277795607e-05
4.572692120268373738e-05
4.566640708283082288e-05
4.560689235617365801e-05
4.554841362825273418e-05
4.549234158474623082e-05
4.543707469037536369e-05
4.538136132189844480e-05
4.532873914244468224e-05
4.527487238402783749e-05
4.522145423033955262e-05
4.517000117435298294e-05
4.511813588134334490e-05
4.506754987079775334e-05
4.501886337036914302e-05
4.497269335113549378e-05
4.492833746315562604e-05
4.488587867060319069e-05
4.484377803056594181e-05
4.480294512517828370e-05
4.476344856913624037e-05
4.472294355209618613e-05
4.468096422369855820e-05
4.463821732404894957e-05
4.459704867235607617e-05
4.455940316738286563e-05
4.452466951233766915e-05
4.449278725122448312e-05
4.446036370029769356e-05
4.442662044256596733e-05
4.438635897647012296e-05
4.434432649780432537e-05
4.430028456436343933e-05
4.425637703995117877e-05
4.421194817417687636e-05
4.416760067156718598e-05
4.412669026892477995e-05
4.408408559531639797e-05
4.404457599654365438e-05
4.400291431641446674e-05
4.396008252840531927e-05
4.391612258601474171e-05
4.387232440240106275e-05
4.382834086858868001e-05
4.378406672852707494e-05
4.374089385844483321e-05
4.369808254766661281e-05
4.365670464187823612e-05
4.361371726243455654e-05
4.356923051321707124e-05
4.352230292295711190e-05
4.347394041033042717e-05
4.342448171156404615e-05
4.337300031835160689e-05
4.332002809764194852e-05
4.326768771885682854e-05
4.321602446773170180e-05
4.316387921502558620e-05
4.311198362953418866e-05
4.306106447712161264e-05
4.300897128317895891e-05
4.295722728302038226e-05
4.290527590442089542e-05
4.285353311848331682e-05
4.280168075098006745e-05
4.274969088429909111e-05
4.269766770408198100e-05
4.264590373190882942e-05
4.259396919240053308e-05
4.254240955886360985e-05
4.249070881332153553e-05
4.243896949967709543e-05
4.238755265639755312e-05
4.233601239176507976e-05
4.228461319290462568e-05
4.223351366693033440e-05
4.218254835283103484e-05
4.213186472346485740e-05
4.208127197304154660e-05
4.203081165455209027e-05
4.198050774599291601e-05
4.193047933253058341e-05
4.188063564356879189e-05
4.183098130033351006e-05
4.178138916181613346e-05
4.173197808902566935e-05
4.168273702615763891e-05
4.163367054714616232e-05
4.158482349626187722e-05
4.153620430761591339e-05
4.148776032772753358e-05
4.143947214135631954e-05
4.139138792073456734e-05
4.134338394931467753e-05
4.129550582561838728e-05
4.124784742134095109e-05
4.120043625855002200e-05
4.115334595999467829e-05
4.110643556476851367e-05
4.106011284647592783e-05
4.101392048988790031e-05
4.096846440788819469e-05
4.092276692914987186e-05
4.087716426466366101e-05
4.083181844327977181e-05
4.078702684158274977e-05
4.074179501817188888e-05
4.069718272772100914e-05
4.065268442320009071e-05
4.060789483199035179e-05
4.056366727384611335e-05
4.051925971573172531e-05
4.047485401718876695e-05
4.043113887374698116e-05
4.038747634170866972e-05
4.034423224094348202e-05
4.030061816728949592e-05
4.025697857976663982e-05
4.021324834058198134e-05
4.017012881960933411e-05
4.012719718882152252e-05
4.008412237569113486e-05
4.004147391796133705e-05
3.999912610625744981e-05
3.995672709390510525e-05
3.991374247682093998e-05
3.987076891192558838e-05
3.982818095195230743e-05
3.978552439268569354e-05
3.974293865959913096e-05
3.970062275272656643e-05
3.965836777149806187e-05
3.961635390714871236e-05
3.957433949946315350e-05
3.953241998551769752e-05
3.949060973544407015e-05
3.944893905033216924e-05
3.940742805050676683e-05
3.936626014811414636e-05
3.932509130238308060e-05
3.928441053625664041e-05
3.924377763508797931e-05
3.920327438211835506e-05
3.916279192060328736e-05
3.912261271390235636e-05
3.908281596186130650e-05
3.904321151816937912e-05
3.900365476080435096e-05
3.896437906630024193e-05
3.892511819881900925e-05
3.888623185583365882e-05
3.884793132270439032e-05
3.880974190870946253e-05
3.877169157032047899e-05
3.873385789784071525e-05
3.869601030481652649e-05
3.865856115812796914e-05
3.862054581287450430e-05
3.858318403036650019e-05
3.854595483644140410e-05
3.850901589556013680e-05
3.847182803133707124e-05
3.843447185158469908e-05
3.839757735779640379e-05
3.836055055510910320e-05
3.832402132103368471e-05
3.828753980044571735e-05
3.825092039630635134e-05
3.821506763466756652e-05
3.817941774777553490e-05
3.814484347551207768e-05
3.811032700197317395e-05
3.807649976848568235e-05
3.804282176261438960e-05
3.800953956024905435e-05
3.797642014028138784e-05
3.794304549911748677e-05
3.791074003173588390e-05
3.787734551123663591e-05
3.784528254166955253e-05
3.781290711791175429e-05
3.778076015203161243e-05
3.774886958627932516e-05
3.771908159919576636e-05
3.768871389611076067e-05
3.765886692416250015e-05
3.763000466686111265e-05
3.760129154778700565e-05
3.757413339319690918e-05
3.754744417655329040e-05
3.752094516798684529e-05
3.749431767474620622e-05
3.746819582382059327e-05
3.744325485509315214e-05
3.741930271188912663e-05
3.739534494102832006e-05
3.737154249430431243e-05
3.734681631390343414e-05
3.732109575632670682e-05
3.729510205343092663e-05
3.726879585438250747e-05
3.724130431697572386e-05
3.721446570372700566e-05
3.718755831887686389e-05
3.716184515094418189e-05
3.713714396554903646e-05
3.711193916327560190e-05
3.708617952076451602e-05
3.706083949423466078e-05
3.703571382881093487e-05
3.701106216547809619e-05
3.698493345489404599e-05
3.695899844159924899e-05
3.693433909735285403e-05
3.691042062635340663e-05
3.688685356607572931e-05
3.686303340282057835e-05
3.683994928819680760e-05
3.681730457546018625e-05
3.679452410909151507e-05
3.677194375571804237e-05
3.674955807127310936e-05
3.672669224994799797e-05
3.670383218137037421e-05
3.668185629247547400e-05
3.666016499795956814e-05
3.663842861125083132e-05
3.661540278433266210e-05
3.659257838057511424e-05
3.657041693792683495e-05
3.654832890907669472e-05
3.652640647267536519e-05
3.650436382427025932e-05
3.648266885535933669e-05
3.646187451930935362e-05
3.644054552407667330e-05
3.642020194220831032e-05
3.639797947560741631e-05
3.637438289872663551e-05
3.635166634328674607e-05
3.632795366327656926e-05
3.630385311880082413e-05
3.627923475681819502e-05
3.625485760020526942e-05
3.622947380573464512e-05
3.620439457083572226e-05
3.617836287983269399e-05
3.615354502452515641e-05
3.612878056054172945e-05
3.610307973766594287e-05
3.607830822677323584e-05
3.605344305687309929e-05
3.602864640015009578e-05
3.600312496048142981e-05
3.597828407919198031e-05
3.595355457381789780e-05
3.592830715123498025e-05
3.590293982968770957e-05
3.587684446948099652e-05
3.585103532629173670e-05
3.582502919460320675e-05
3.579922372942878948e-05
3.577500770563682393e-05
3.575036189459265031e-05
3.572537337697917026e-05
3.570040189840931460e-05
3.567491254314335595e-05
3.565051592538943899e-05
3.562618745720763495e-05
3.560130764784844015e-05
3.557674319321517994e-05
3.555344826389463474e-05
3.552978644603944046e-05
3.550660481079937224e-05
3.548311168784550800e-05
3.545972697456087911e-05
3.543569750326676897e-05
3.541240891830239618e-05
3.539002575631414654e-05
3.536745743315107240e-05
3.534451780734132215e-05
3.532254829435676715e-05
3.530176029603281627e-05
3.528036533543050824e-05
3.525831927501280012e-05
3.523532112108370069e-05
3.521162999898880752e-05
3.518762026546676274e-05
3.516362508922863089e-05
3.514008543105093149e-05
3.511662999338294872e-05
3.509394722582637134e-05
3.507115657160041493e-05
3.504705499165532498e-05
3.502349121050939487e-05
3.499982875117130108e-05
3.497632254544561891e-05
3.495270543728085588e-05
3.492954610362751923e-05
3.490657032061674289e-05
3.488276222151951925e-05
3.485803604030103731e-05
3.483319762001898531e-05
3.480829604894604195e-05
3.478354431687054338e-05
3.475866560449899551e-05
3.473421287850824069e-05
3.470983126934092138e-05
3.468559719407501174e-05
3.466170664898137415e-05
3.463777811889996174e-05
3.461394658704967892e-05
3.459033751955842349e-05
3.456701458842476369e-05
3.454385728779768767e-05
3.452056878437751553e-05
3.449724553644872231e-05
3.447435887165592558e-05
3.445143671529622909e-05
3.442867561599507114e-05
3.440577792819340020e-05
3.438361200881554630e-05
3.436084565122350177e-05
3.433737655710858080e-05
3.431385338033991951e-05
3.429071769651454202e-05
3.426798641700961353e-05
3.424575070697103487e-05
3.422319272028908244e-05
3.420042082128732671e-05
3.417794231492390049e-05
3.415570125707087930e-05
3.413344603269782314e-05
3.411145242970645044e-05
3.409005535367118475e-05
3.406901936892103334e-05
3.404739885367105961e-05
3.402567242541341941e-05
3.400345401569289280e-05
3.398127976507996371e-05
3.395940973190383953e-05
3.393771364882126862e-05
3.391660436946220290e-05
3.389532677820586719e-05
3.387414570366620168e-05
3.385306904437552556e-05
3.383139526809987574e-05
3.380987014892518464e-05
3.378764176324455012e-05
3.376565448777551869e-05
3.374379900620561170e-05
3.372182691650061704e-05
3.370025746224672539e-05
3.367893434035227170e-05
3.365722201179210851e-05
3.363606729633831648e-05
3.361480690741308630e-05
3.359380509623780702e-05
3.357324337162419611e-05
3.355284349155667801e-05
3.353327069074186090e-05
3.351467460652165700e-05
3.349609929516900327e-05
3.347734001115194928e-05
3.345856960883909710e-05
3.344064116055744495e-05
3.342284917917356571e-05
3.340504479747900233e-05
3.338779932946744732e-05
3.337047177179408943e-05
3.335334836357548504e-05
3.333629842711676599e-05
3.331936878316572517e-05
3.330188791548209802e-05
3.328521823101413527e-05
3.326776124900077136e-05
3.325097445049430308e-05
3.323326915260083335e-05
3.321526836413867060e-05
3.319823160421242139e-05
3.318064319800678876e-05
3.316387661570136848e-05
3.314647885025184695e-05
3.312891337747337820e-05
3.311122487592594720e-05
3.309398399062794111e-05
3.307647642069561864e-05
3.305892667434233044e-05
3.304159180022302086e-05
3.302436281960017032e-05
3.300666839345297318e-05
3.298910584170919541e-05
3.297140941185742297e-05
3.295403537196646757e-05
3.293638042809483976e-05
3.291876530473818006e-05
3.290130647263092621e-05
3.288375374666569238e-05
3.286534804352339535e-05
3.284716780981953313e-05
3.282810704288797250e-05
3.280974554165703945e-05
3.279136414380742488e-05
3.277271971656697380e-05
3.275392299951933371e-05
3.273589165876034026e-05
3.271753804708809672e-05
3.269956504019818337e-05
3.268149694023288144e-05
3.266325852708311205e-05
3.264469452565594117e-05
3.262542998241723226e-05
3.260638938031530301e-05
3.258718680691229694e-05
3.256849730183143931e-05
3.254990142322651824e-05
3.253142383523121130e-05
3.251339202093926861e-05
3.249553114024688965e-05
3.247773871708420151e-05
3.245925519272434224e-05
3.244021930823381245e-05
3.242117477968016980e-05
3.240194319578091508e-05
3.238287502424672760e-05
3.236422591543339135e-05
3.234551693956175001e-05
3.232701306443597103e-05
3.230930131675375269e-05
3.229151992356075389e-05
3.227375620199639440e-05
3.225659379912212065e-05
3.224031790541063768e-05
3.222465842627434692e-05
3.220894885921680523e-05
3.219279173411349076e-05
3.217661948256815297e-05
3.216010991108400179e-05
3.214396770012996893e-05
3.212751949504454247e-05
3.211116824972335559e-05
3.209519802066933709e-05
3.207859497815558386e-05
3.206220994651222086e-05
3.204571906012698186e-05
3.202907230517778323e-05
3.201263956364162108e-05
3.199599621038447033e-05
3.197920281413388859e-05
3.196257141085843213e-05
3.194585569238444876e-05
3.192900698635391761e-05
3.191244771184235349e-05
3.189590462188459502e-05
3.187929699298792583e-05
3.186250480715994824e-05
3.184605681293217283e-05
3.182945365315413485e-05
3.181300766309207303e-05
3.179661909209426546e-05
3.178054942508361241e-05
3.176407472503231706e-05
3.174790027594815681e-05
3.173157402598048775e-05
3.171535025057514235e-05
3.169921084675781438e-05
3.168317412148405115e-05
3.166692658802973794e-05
3.165040209810438243e-05
3.163373443524483881e-05
3.161751753793642846e-05
3.160130624430438842e-05
3.158527929553633424e-05
3.156921224493540814e-05
3.155300339774847352e-05
3.153635357277018066e-05
3.151903627560959911e-05
3.150172026481799168e-05
3.148416452423935763e-05
3.146712676489704338e-05
3.145028312142951802e-05
3.143335298241128737e-05
3.141629747189614736e-05
3.139914445918290598e-05
3.138212277514583612e-05
3.136463922617517249e-05
3.134692696210872331e-05
3.132935699770156014e-05
3.131214448356440952e-05
3.129508492361901767e-05
3.127784115104069874e-05
3.126079342842903242e-05
3.124383559341632391e-05
3.122691467924287862e-05
3.121022924606971948e-05
3.119365296598391302e-05
3.117687925533192114e-05
3.116048410739591433e-05
3.114461081513295526e-05
3.112881364573787948e-05
3.111303376526154734e-05
3.109724291359494355e-05
3.108199467009258434e-05
3.106631467397236878e-05
3.105017874544216974e-05
3.103406985444744347e-05
3.101795491316936210e-05
3.100176204603729906e-05
3.098526043491150642e-05
3.096874861899525061e-05
3.095260693086339366e-05
3.093649028864830006e-05
3.092016868506334941e-05
3.090353116889537927e-05
3.088686837975783319e-05
3.087021401216428720e-05
3.085352822309038082e-05
3.083700340136481165e-05
3.082027536830252791e-05
3.080359240677515450e-05
3.078702036594576166e-05
3.077091250905915760e-05
3.075452651040741340e-05
3.073810021932006214e-05
3.072168170203410921e-05
3.070560561960206650e-05
3.068959335535848275e-05
3.067344492836424156e-05
3.065725611597336760e-05
3.064132496641122958e-05
3.062537001105474676e-05
3.060926662307059755e-05
3.059327239928168266e-05
3.057722081121471298e-05
3.056136878498827273e-05
3.054570197470509585e-05
3.053058277545678566e-05
3.051559193216024472e-05
3.050031918163705944e-05
3.048505567909125466e-05
3.046973471544136143e-05
3.045480314929771565e-05
3.043982787585611984e-05
3.042506539474285797e-05
3.041065575874861437e-05
3.039681859670737859e-05
3.038341972353128108e-05
3.037014041893489806e-05
3.035686385824469153e-05
3.034348366432884712e-05
3.033081856074862188e-05
3.031793385429478786e-05
3.030488824308550541e-05
3.029122554602645782e-05
3.027773738664574373e-05
3.026371668628921791e-05
3.024979511737628890e-05
3.023643033998280887e-05
3.022303546726504863e-05
3.021007677360656638e-05
3.019687772232260178e-05
3.018403322588923457e-05
3.017093259636812255e-05
3.015813524352118380e-05
3.014523323654887279e-05
3.013198967625790704e-05
3.011868059714856022e-05
3.010550601503890201e-05
3.009230728568864025e-05
3.007968048204617039e-05
3.006735302749394501e-05
3.005502170121591047e-05
3.004253067098177176e-05
3.003019989079225478e-05
3.001811503004461523e-05
3.000634211398515178e-05
2.999462934397541621e-05
2.998236737920094566e-05
2.997037499144226876e-05
2.995856859321961667e-05
2.994696775121251397e-05
2.993582805383967623e-05
2.992436808176964367e-05
2.991313112256636686e-05
2.990179132235501122e-05
2.989108880742135288e-05
2.987996588101120244e-05
2.986922751527212649e-05
2.985854387014685326e-05
2.984813334106729282e-05
2.983780088485275236e-05
2.982730008834644597e-05
2.981692570246462741e-05
2.980699500590481649e-05
2.979708102027882704e-05
2.978683900834661608e-05
2.977644871814867118e-05
2.976640965543967291e-05
2.975622917439997147e-05
2.974564616968548804e-05
2.973523272355977924e-05
2.972511798956107478e-05
2.971492309802230706e-05
2.970478768313140623e-05
2.969434048605513606e-05
2.968390819475557579e-05
2.967403331457352296e-05
2.966416979809096161e-05
2.965432618259731100e-05
2.964444729251793472e-05
2.963489411461328176e-05
2.962593193769806494e-05
2.961672677709655896e-05
2.960778464074178727e-05
2.959922513782527553e-05
2.959051856580195911e-05
2.958212127919072627e-05
2.957372029265604882e-05
2.956515810305432914e-05
2.955573554660418582e-05
2.954706082915073425e-05
2.953812967380708317e-05
2.952861676570185765e-05
2.951910416173588714e-05
2.950964725560853761e-05
2.950063432314178842e-05
2.949170373928161067e-05
2.948279086937530572e-05
2.947360661645473094e-05
2.946449383040163802e-05
2.945485820333365723e-05
2.944460616944426449e-05
2.943442732822132443e-05
2.942414481142475492e-05
2.941428029774369806e-05
2.940437885896122000e-05
2.939438986474424446e-05
2.938391827826333452e-05
2.937350567591219647e-05
2.936285850826162006e-05
2.935260371824261323e-05
2.934191908855580356e-05
2.933136909543942067e-05
2.932091737455136472e-05
2.931053561900570024e-05
2.930015094652812165e-05
2.928912059332346423e-05
2.927823779221099101e-05
2.926729139964356373e-05
2.925655672054439579e-05
2.924566539128537019e-05
2.923514514707298398e-05
2.922486060506411409e-05
2.921491335083447648e-05
2.920506071974743589e-05
2.919422688604465585e-05
2.918330827587085259e-05
2.917244065289899426e-05
2.916108637016883028e-05
2.914997238632332518e-05
2.913872907433952004e-05
2.912747438522520483e-05
2.911641559503457287e-05
