6.948892559919710948e+03
4.805355089599597704e+03
4.805355089599597704e+03
7.111455253731678567e+03
8.475366123652720489e+03
5.962739306449527248e+03
6.516779472175617229e+03
5.494338809147749998e+03
5.389040741931912635e+03
5.970405456646464700e+03
7.625506860983974548e+03
8.071616765736030175e+03
6.496888797358931697e+03
5.396002752953031631e+03
7.190744237170463748e+03
5.812710766774009244e+03
7.129590333805082082e+03
5.473571895882202625e+03
5.270903064665435522e+03
6.324903120413220677e+03
5.320730859024084566e+03
6.209163072563364949e+03
5.956289856883197899e+03
5.081507389031466118e+03
7.235114672878885358e+03
5.568883553673925235e+03
7.132305152378833554e+03
5.963633876947849785e+03
5.211655168905144819e+03
5.655417787842895450e+03
5.006007635847156052e+03
5.696975436454241390e+03
5.374611638228016091e+03
5.913450976196702868e+03
5.242582347633581776e+03
6.339996797074156348e+03
4.969436433149698132e+03
6.794293133119415870e+03
6.079099256968640475e+03
6.620987322814745312e+03
5.781156211545398946e+03
5.912236211265862039e+03
6.886087636350173852e+03
5.553283480725723166e+03
5.169450705933738391e+03
5.365136358064965862e+03
6.714343964168210732e+03
6.572799510056896906e+03
5.094677070509808800e+03
5.554755269707949992e+03
7.031915098717555338e+03
4.892051873180403163e+03
6.381763251306410893e+03
6.227922249267020561e+03
7.462245272137670327e+03
4.987709917142226004e+03
6.644550552800277728e+03
6.826524407629985944e+03
4.652334682893640093e+03
5.395213200130646328e+03
6.594322710423066383e+03
6.852746553065213448e+03
6.708911397185032911e+03
6.371586370288175203e+03
5.984988792041665874e+03
5.792918602546726106e+03
5.655653104126821745e+03
5.768891704074803783e+03
5.432389340232526592e+03
4.980877811714595737e+03
5.860017512419104605e+03
6.244601693474169224e+03
6.526726336525022816e+03
5.288691930300819877e+03
5.292376548008978716e+03
5.763813949578794563e+03
5.578038350071839886e+03
6.071585828667703936e+03
5.343744842974843777e+03
4.876772075897954892e+03
7.484143019753246335e+03
5.252303673088865253e+03
4.904715087510505327e+03
5.518247707886899661e+03
6.777694048580169692e+03
5.474348477178390567e+03
6.571381358917039506e+03
5.503337262889108388e+03
5.825490556421202200e+03
5.623545349429121416e+03
5.241545000751325460e+03
6.596773018074988613e+03
5.668251431015954040e+03
6.900630635315709696e+03
5.607466051099636388e+03
4.307501280778900764e+03
6.128802686969458591e+03
5.461200703890084696e+03
5.600688935523802684e+03
6.820849894454246169e+03
