5.046533163112800139e+03
4.681816199091173075e+03
4.681816199091173075e+03
4.902673294998063284e+03
5.506448404024521551e+03
4.966547177125245980e+03
4.490270005836109704e+03
5.055452960797747437e+03
4.295874010367076153e+03
4.819845951360038271e+03
5.243698465199981911e+03
4.224849696013153334e+03
3.781176650054776474e+03
3.975730993810955169e+03
4.933135486543863408e+03
4.977549926848052564e+03
4.435524319823436599e+03
5.180222280827063514e+03
4.237893204802313448e+03
4.677243248775657776e+03
5.070090285134830992e+03
4.437117999276440059e+03
5.084729550906093209e+03
5.720414774520259016e+03
5.420430353626044962e+03
4.820711840646757082e+03
5.303894313437885103e+03
5.261207466221118921e+03
4.399683022712532875e+03
4.728752921320997302e+03
5.201125739532171792e+03
5.464173420926004837e+03
5.088806804702792761e+03
3.945969110811962764e+03
4.479631006167883243e+03
4.997536138221284091e+03
5.392534938459298246e+03
4.347380732119662753e+03
4.054895342404791791e+03
4.905100725145125580e+03
5.105315618307560726e+03
4.898412479669100321e+03
4.931340249232101996e+03
4.627035290734161208e+03
6.051204270638060734e+03
5.188641687875860953e+03
5.300339578122933744e+03
4.662708312559427213e+03
4.543110752139635224e+03
4.593564712926374341e+03
4.810460715371930746e+03
4.980715419331118937e+03
4.429242829762512883e+03
4.702572941335962241e+03
5.071815714646631022e+03
5.236987588990669792e+03
4.969763789365140838e+03
5.253809816864963977e+03
4.836433911588235787e+03
5.500858682590596800e+03
4.441043772328727755e+03
4.007667466334219171e+03
4.133750854494926898e+03
4.520949171200517412e+03
4.849945497610473467e+03
4.218235191584333734e+03
4.829995386368313120e+03
6.026258372851674721e+03
4.795729839704114056e+03
4.923870953173231101e+03
4.956311682405365900e+03
5.829398283093628379e+03
4.401380409054942902e+03
4.395232149951212705e+03
4.739638002572005462e+03
4.903247544157994525e+03
4.112196563711854651e+03
5.108722770089220830e+03
4.879635851676513084e+03
4.610994009644203288e+03
4.651443192358661690e+03
4.460101114305861302e+03
5.282330994241855478e+03
5.334663221103279284e+03
5.256206240346627965e+03
5.414393848007509405e+03
5.686929210446801335e+03
5.072639398639115825e+03
4.673588556047130623e+03
5.103584658583326927e+03
4.797936132221799198e+03
4.594390434629623996e+03
4.881964744154793152e+03
4.579737320048520814e+03
5.567121198513294075e+03
4.855152598527009104e+03
4.616376029026827382e+03
4.909013375146658291e+03
4.317191524954868328e+03
3.976263306265661413e+03
