2.287867500000567711e-04
2.998047546847590534e-04
2.520767011426319130e-04
3.566606018463622067e-04
4.212438254664844107e-04
4.534647243448157298e-04
4.946397386930015752e-04
5.003187226182841422e-04
4.787445192127649817e-04
4.634133721752566265e-04
4.575209262542515726e-04
4.575982193502468203e-04
4.495181749831807108e-04
4.423094766750957133e-04
4.316719730196106925e-04
4.258734353383617746e-04
4.147609127865597360e-04
4.058118489582622046e-04
3.977140486124366341e-04
3.888608403696945008e-04
3.806284347579790093e-04
3.737624724682709720e-04
3.674861449672020726e-04
3.604426731322949015e-04
3.563398966711428311e-04
3.516316522563186532e-04
3.465053374756342877e-04
3.419534987536302847e-04
3.372933337192039749e-04
3.330739503971034922e-04
3.283305672970928692e-04
3.238158532905815058e-04
3.200045796285812239e-04
3.175148008734785064e-04
3.141381421241405745e-04
3.103556657971249578e-04
3.077641684632812782e-04
3.048547181899224825e-04
3.035007027024241941e-04
3.018048981141422185e-04
3.004700363363861583e-04
2.988428862286133451e-04
2.968131457680178199e-04
2.954991574621466856e-04
2.953783279343639122e-04
2.943990615811798101e-04
2.940979526644143692e-04
2.928635168223617398e-04
2.919593379498292549e-04
2.909887222762478709e-04
2.894905559779780606e-04
2.883143961745565577e-04
2.876112950565744503e-04
2.861781472341823622e-04
2.846689227551961660e-04
2.833914442494230804e-04
2.826046153401576733e-04
2.819828733892061840e-04
2.812364793854307951e-04
2.801126873231257731e-04
2.789782713055564013e-04
2.774215783576433787e-04
2.758572049334012612e-04
2.741123490137962917e-04
2.724905163405927475e-04
2.710503839032493071e-04
2.696990126366947851e-04
2.682883246667670395e-04
2.668730151969521945e-04
2.654780636082658797e-04
2.639257326254868929e-04
2.629832248887680889e-04
2.618753204223544032e-04
2.609943355591835368e-04
2.599526898557034124e-04
2.590216986984511050e-04
2.581420618068523297e-04
2.571789910142725398e-04
2.565351162159699083e-04
2.557579962095512778e-04
2.549822155104156172e-04
2.541139653431700768e-04
2.532201645069052953e-04
2.521747450873162012e-04
2.513355335744394520e-04
2.504424966588954596e-04
2.495230041717952092e-04
2.487386167848882755e-04
2.479277658764578477e-04
2.471483097121895825e-04
2.464743503858599191e-04
2.457235738362188227e-04
2.449521778501868299e-04
2.441363140232494016e-04
2.434456253672632477e-04
2.425569246772261186e-04
2.417645795047756259e-04
2.409530566438726116e-04
2.400365778434788804e-04
2.391406311884915735e-04
2.382709765299246933e-04
2.374556174489190563e-04
2.366272508166996269e-04
2.357509039374780491e-04
2.348343992638028547e-04
2.339412677627945099e-04
2.330012680558592078e-04
2.321296901357085632e-04
2.313203899209100955e-04
2.304381906056168121e-04
2.296025379913982855e-04
2.287235379157159700e-04
2.278598744767724223e-04
2.269483732411646830e-04
2.260505642437576120e-04
2.251324684910202686e-04
2.242439252414782965e-04
2.233542950397652052e-04
2.224815207181510387e-04
2.216150176898493531e-04
2.207621034151261514e-04
2.199124575026954547e-04
2.190637155268502806e-04
2.182525078302165959e-04
2.174317435028210767e-04
2.166839731180081698e-04
2.158954346052460163e-04
2.151240307079315816e-04
2.143452510143379047e-04
2.136201787498267395e-04
2.128536919888914436e-04
2.121381478741572626e-04
2.113937890339867348e-04
2.106757194563647483e-04
2.099405364521980243e-04
2.092212741538547504e-04
2.085079632896542619e-04
2.078127789210904236e-04
2.071040909489945661e-04
2.064003999359961068e-04
2.057072304430485553e-04
2.050224331520489405e-04
2.043738952046829144e-04
2.037408462241806781e-04
2.031226498117508466e-04
2.024926671038551466e-04
2.018699156642335651e-04
2.012265690403365940e-04
2.006025444660093074e-04
1.999701205027185058e-04
1.993452752635413135e-04
1.987220037268295266e-04
1.981002444691563349e-04
1.975137410498972994e-04
1.968952338279834425e-04
1.962858615124538867e-04
1.956831573763511171e-04
1.950818345809913633e-04
1.944866122283086119e-04
1.938930012626681335e-04
1.933130397650240887e-04
1.927509358925871114e-04
1.922043351855650859e-04
1.916390019516651065e-04
1.910997044547318470e-04
1.905654469939056914e-04
1.900292042558725030e-04
1.894890567868108100e-04
1.889465830182767260e-04
1.883999657011209135e-04
1.878812007831390154e-04
1.873555067522403468e-04
1.868273258638015512e-04
1.862980416170402964e-04
1.857687396733833892e-04
1.852491592108705492e-04
1.847258591479268510e-04
1.842173880595160277e-04
1.837081629819698088e-04
1.832113862297856668e-04
1.827113204104888373e-04
1.822181107314070040e-04
1.817244158918760290e-04
1.812388381288711713e-04
1.807534051122924217e-04
1.802760097652709146e-04
1.798030960587210898e-04
1.793378879289242694e-04
1.788704463679210868e-04
1.784054078380417911e-04
1.779409341770620077e-04
1.774784211254221969e-04
1.770204801573153929e-04
1.765666850736988226e-04
1.761232081027849577e-04
1.756796318829289931e-04
1.752420308586911588e-04
1.748059039954968040e-04
1.743732871224823574e-04
1.739437149624150887e-04
1.735172381666003321e-04
1.731081840988640526e-04
1.727016879391975906e-04
1.722905339263953572e-04
1.718773904465412496e-04
1.714703182764725159e-04
1.710606306394373780e-04
1.706513622643930877e-04
1.702462454002776906e-04
1.698416973059011740e-04
1.694425965949483649e-04
1.690444591347085813e-04
1.686535200699322687e-04
1.682629464652314610e-04
1.678773682523005122e-04
1.674927454618691967e-04
1.671124511389665383e-04
1.667317440411602940e-04
1.663554824863776760e-04
1.659827588711989643e-04
1.656105912534913249e-04
1.652436272931481472e-04
1.648753425154977177e-04
1.645121376349325713e-04
1.641493326503869080e-04
1.637920367799216171e-04
1.634354394843874636e-04
1.630805716906532764e-04
1.627244214402645182e-04
1.623704842756394521e-04
1.620221787047903606e-04
1.616734966152566847e-04
1.613340136215442246e-04
1.609934034297073196e-04
1.606561249766711439e-04
1.603202575340754012e-04
1.599896946634426023e-04
1.596619251274974374e-04
1.593408871470678595e-04
1.590201488480816252e-04
1.586960800208554203e-04
1.583751626929933147e-04
1.580514670087361615e-04
1.577300379881839106e-04
1.574096459138462907e-04
1.570908418199106567e-04
1.567765721553478306e-04
1.564616843261834665e-04
1.561505974525275559e-04
1.558404057146769409e-04
1.555352965402030316e-04
1.552279490050034565e-04
1.549230202624777382e-04
1.546183038596739702e-04
1.543176690421208105e-04
1.540200066877952753e-04
1.537216142357489615e-04
1.534238252516193174e-04
1.531276921779123985e-04
1.528339609428615027e-04
1.525409167339285960e-04
1.522495444025076647e-04
1.519609115883461246e-04
1.516729783932974714e-04
1.513865380147348585e-04
1.511025761881248995e-04
1.508199446140243507e-04
1.505386881517431909e-04
1.502587424021256256e-04
1.499803115476881711e-04
1.497041394003725541e-04
1.494290669771118944e-04
1.491552805153900142e-04
1.488829735778885300e-04
1.486125376790846657e-04
1.483430697855221410e-04
1.480750620835422267e-04
1.478089074537934286e-04
1.475440547572803298e-04
1.472805870893047827e-04
1.470194270717938055e-04
1.467596074565124143e-04
1.465006511293605361e-04
1.462429281191590690e-04
1.459867317019991693e-04
1.457312923975647291e-04
1.454773344444274506e-04
1.452254534930748993e-04
1.449755447763784004e-04
1.447281199978105442e-04
1.444822637292640709e-04
1.442363779574594169e-04
1.439927852847064425e-04
1.437488845442892889e-04
1.435067447514856113e-04
1.432648795306447288e-04
1.430258048428807033e-04
1.427870412100807175e-04
1.425501459040607742e-04
1.423143408226038291e-04
1.420796385838370200e-04
1.418449941715037126e-04
1.416113602019968747e-04
1.413785991983031176e-04
1.411469211445279845e-04
1.409161118911419586e-04
1.406865261182765772e-04
1.404583305180686866e-04
1.402309471189106742e-04
1.400062454288625909e-04
1.397812365792709395e-04
1.395579543631628302e-04
1.393357797049280975e-04
1.391151319412152357e-04
1.388954830332434669e-04
1.386776172768395339e-04
1.384603419499923823e-04
1.382465651275162528e-04
1.380322144093493338e-04
1.378165682564120827e-04
1.376021461035281353e-04
1.373883990764530427e-04
1.371756092110629037e-04
1.369639019423951837e-04
1.367530319400693604e-04
1.365435245300286344e-04
1.363346612674972748e-04
1.361270994584903187e-04
1.359206961294688880e-04
1.357152556319238701e-04
1.355112984212275865e-04
1.353073491753672606e-04
1.351053127209371192e-04
1.349035050593070317e-04
1.347026284728349704e-04
1.345025997628539313e-04
1.343040551337782600e-04
1.341056284153545341e-04
1.339083730183499249e-04
1.337136115747127594e-04
1.335183744211375996e-04
1.333234638677462407e-04
1.331290266259660046e-04
1.329366429006123063e-04
1.327445243183248563e-04
1.325540980594641454e-04
1.323633099537047445e-04
1.321730408732676304e-04
1.319839228922746325e-04
1.317960051853872181e-04
1.316087896917902218e-04
1.314217142611316593e-04
1.312355905594846692e-04
1.310507389320054420e-04
1.308662764424959734e-04
1.306825175294771657e-04
1.305000965328309917e-04
1.303194022306701819e-04
1.301406357553240611e-04
1.299620828592407769e-04
1.297833281960625719e-04
1.296048139307917580e-04
1.294264611374530965e-04
1.292485605181372147e-04
1.290717838768416900e-04
1.288957373415505737e-04
1.287205825348211900e-04
1.285460270693516960e-04
1.283727705377749127e-04
1.282001269728606373e-04
1.280274396348131318e-04
1.278552814023330641e-04
1.276838828159618711e-04
1.275130693262939430e-04
1.273429389720552888e-04
1.271739224707564759e-04
1.270051545074969603e-04
1.268371337614774858e-04
1.266700015540509741e-04
1.265037335857353482e-04
1.263394771540451956e-04
1.261758584656225265e-04
1.260133887368579582e-04
1.258493361231964223e-04
1.256858961007398896e-04
1.255229894167540479e-04
1.253607111959724810e-04
1.251990600715186875e-04
1.250380369540653278e-04
1.248778764737591750e-04
1.247180847241127701e-04
1.245589352450290270e-04
1.244005392896437728e-04
1.242426700782651940e-04
1.240853216892332910e-04
1.239285958621395064e-04
1.237724182407077395e-04
1.236168789082312187e-04
1.234619361503062570e-04
1.233075752686525284e-04
1.231537738790032836e-04
1.230007382267935868e-04
1.228482871587821047e-04
1.226972286149150655e-04
1.225456593755741878e-04
1.223946648769341425e-04
1.222443274692603440e-04
1.220944381082999641e-04
1.219450871846193725e-04
1.217963217242860576e-04
1.216480692448289715e-04
1.215003616489659406e-04
1.213531780839522225e-04
1.212065773222391595e-04
1.210609726613732612e-04
1.209155944537095950e-04
1.207714651610828965e-04
1.206293777880003052e-04
1.204886953054159473e-04
1.203488218027949571e-04
1.202099813916214521e-04
1.200734390598065515e-04
1.199354206319426844e-04
1.197984359264838962e-04
1.196618136050544949e-04
1.195278116148830439e-04
1.193956263880495476e-04
1.192674294277513286e-04
1.191409533349087514e-04
1.190108860607647724e-04
1.188786029537343951e-04
1.187476554397926302e-04
1.186165383635972637e-04
1.184834272712845260e-04
1.183518421446763468e-04
1.182217241457019175e-04
1.180945279913372270e-04
1.179676266628119241e-04
1.178394605296649345e-04
1.177094784359694249e-04
1.175827089376756406e-04
1.174551350092185056e-04
1.173269250961876502e-04
1.171983137983530774e-04
1.170683862293098035e-04
1.169389071630456755e-04
1.168110186939716808e-04
1.166821662468000502e-04
1.165546099985448087e-04
1.164276065731546756e-04
1.163001076980192525e-04
1.161743915808919144e-04
1.160479948239979823e-04
1.159211739045550260e-04
1.157952763723649198e-04
1.156695798310708863e-04
1.155444475738308656e-04
1.154202596088067448e-04
1.152962670175299557e-04
1.151742067205806816e-04
1.150507106401917301e-04
1.149270179431587785e-04
1.148040735847814911e-04
1.146814296463732701e-04
1.145587467688327079e-04
1.144360334171925294e-04
1.143141724368280986e-04
1.141928179777517560e-04
1.140718491135002009e-04
1.139511833123948661e-04
1.138306752894687656e-04
1.137106474332750221e-04
1.135907107885039707e-04
1.134710433334944652e-04
1.133531047440484605e-04
1.132357223721092555e-04
1.131198006064477405e-04
1.130035318089428053e-04
1.128874824113912210e-04
1.127715619925609625e-04
1.126558601695985378e-04
1.125404874574925868e-04
1.124263345301033772e-04
1.123118140784348334e-04
1.121998128844417124e-04
1.120870399857187963e-04
1.119762240284749295e-04
1.118654108410231353e-04
1.117546180496332693e-04
1.116450256571496693e-04
1.115355883230698759e-04
1.114260701108683643e-04
1.113174640889445793e-04
1.112082468212420707e-04
1.111006637752844019e-04
1.109922882233188660e-04
1.108852365598593406e-04
1.107779944491657010e-04
1.106707945266768953e-04
1.105634616687046812e-04
1.104556576418133873e-04
1.103484373596224033e-04
1.102412500052120793e-04
1.101353092060061245e-04
1.100301636968465530e-04
1.099250757952900768e-04
1.098226976965358193e-04
1.097228008264662479e-04
1.096239100600230449e-04
1.095243809754488780e-04
1.094239431300197594e-04
1.093246178257524845e-04
1.092272118770729912e-04
1.091274851114338120e-04
1.090298294045645758e-04
1.089320321142528056e-04
1.088339984718415359e-04
1.087348018601205589e-04
1.086350236051843144e-04
1.085363619164992981e-04
1.084395740495715867e-04
1.083430437585574627e-04
1.082471519254461366e-04
1.081497721496001971e-04
1.080559628991567523e-04
1.079617763853498547e-04
1.078703786655779337e-04
1.077800227973265822e-04
1.076897612539860820e-04
1.076005228869840908e-04
1.075086845193152417e-04
1.074166037234514152e-04
1.073228553625882678e-04
1.072291049358146622e-04
1.071366479244652455e-04
1.070432407905023899e-04
1.069512066205472367e-04
1.068592036873048984e-04
1.067698017451520597e-04
1.066788752160627339e-04
1.065912475785805308e-04
1.065024821529139394e-04
1.064171727491961813e-04
1.063325843270822828e-04
1.062467343065864823e-04
1.061591988974103126e-04
1.060709170435348517e-04
1.059847937695443230e-04
1.058987161686241954e-04
1.058119670178275015e-04
1.057249088428147604e-04
1.056423524612480836e-04
1.055596467041116862e-04
1.054758852162286089e-04
1.053916918790500317e-04
1.053077085167972474e-04
1.052238958054999880e-04
1.051405354721748333e-04
1.050574244842364646e-04
1.049758668587964317e-04
1.048950435591282734e-04
1.048159155991016821e-04
1.047379415018287669e-04
1.046590848436691881e-04
1.045793887449364179e-04
1.044997527898998370e-04
1.044220216375584144e-04
1.043432845949028744e-04
1.042630403517359240e-04
1.041802814184958288e-04
1.040972027444011724e-04
1.040141661907313940e-04
1.039287177620120827e-04
1.038436584247583340e-04
1.037584039494341288e-04
1.036722737870151873e-04
1.035854766126229493e-04
1.034982811155467656e-04
1.034102431720555179e-04
1.033217556940414371e-04
1.032332592509426866e-04
1.031450276285396633e-04
1.030573500058238023e-04
1.029692472873782605e-04
1.028814948094381669e-04
1.027938312057049088e-04
1.027064338179534321e-04
1.026192429862782485e-04
1.025323288512291662e-04
1.024454054178800661e-04
1.023587932503666905e-04
1.022723050705930001e-04
1.021860405092466330e-04
1.021000007521787436e-04
1.020142345792720933e-04
1.019288905387724756e-04
1.018435198328732468e-04
1.017586625499307011e-04
1.016739173746945200e-04
1.015893826777348975e-04
1.015051950266466043e-04
1.014213933559712934e-04
1.013377808842548235e-04
1.012552152311177781e-04
1.011724979072158232e-04
1.010904850708277121e-04
1.010091463605621601e-04
1.009275422643649125e-04
1.008461908007095314e-04
1.007656181622081229e-04
1.006851103730876251e-04
1.006052605013528462e-04
1.005253182340521242e-04
1.004462876242726455e-04
1.003677621426314723e-04
1.002895813846587330e-04
1.002103297659380038e-04
1.001316557706903885e-04
1.000529247342675369e-04
9.997384180444884730e-05
9.989595640603836889e-05
9.981791443889126360e-05
9.974017253457971252e-05
9.966180430941374213e-05
9.958401035955692226e-05
9.950599752594452654e-05
9.942785338390815793e-05
9.934975388961504196e-05
9.927133457336444796e-05
9.919349607224305445e-05
9.911595020453452395e-05
9.903884848581651513e-05
9.896153423033155253e-05
9.888472307419909175e-05
9.880814868046943215e-05
9.873122930255864437e-05
9.865447104718608738e-05
9.857818697016761003e-05
9.850281187995136992e-05
9.842772053257861403e-05
9.835298386866547608e-05
9.827825001103816793e-05
9.820328782368865136e-05
9.812969570192863736e-05
9.805620229919676043e-05
9.798321418462873267e-05
9.791005074889304642e-05
9.783663442540968449e-05
9.776355285943469776e-05
9.769096075729465241e-05
9.761918366586925817e-05
9.754679615449799129e-05
9.747482449158585346e-05
9.740254184845468198e-05
9.733095834056298512e-05
9.725995105838567594e-05
9.718931017640014276e-05
9.711885056393166574e-05
9.704743585526635582e-05
9.697591514945414089e-05
9.690511994064896005e-05
9.683523101215762204e-05
9.676545780660829592e-05
9.669547378246814095e-05
9.662629979168624653e-05
9.655755675594530592e-05
9.648937491394578574e-05
9.642045222416824346e-05
9.635177391419547793e-05
9.628323136837531803e-05
9.621420624831979824e-05
9.614512953108317447e-05
9.607552545768784980e-05
9.600555309121417194e-05
9.593709925406014366e-05
9.586873178172329580e-05
9.580070671563049899e-05
9.573133637335852443e-05
9.566257704940891407e-05
9.559365496517057727e-05
9.552550467449403985e-05
9.545803287991684052e-05
9.538954197819866649e-05
9.532174441213561646e-05
9.525346022062665407e-05
9.518645773238619404e-05
9.511870917583115732e-05
9.505192878980194004e-05
9.498465374237568767e-05
9.491767923836662844e-05
9.485009455377508951e-05
9.478338887227375496e-05
9.471704452333981638e-05
9.465133392062144500e-05
9.458611913213553133e-05
9.452073738307699880e-05
9.445605440814684327e-05
9.439034247706680264e-05
9.432429723798344001e-05
9.425903080315570074e-05
9.419385408196455974e-05
9.412904972576024531e-05
9.406456857425343342e-05
9.400076501927355087e-05
9.393758336284391709e-05
9.387380490722034370e-05
9.381023693553790569e-05
9.374693579019345623e-05
9.368348801331705773e-05
9.361953406827051003e-05
9.355577791359783108e-05
9.349309822044248844e-05
9.342989111479861261e-05
9.336737388728547353e-05
9.330497906221747479e-05
9.324287444766565759e-05
9.318177147703395004e-05
9.312003114932028154e-05
9.305866035880567167e-05
9.299690270074416657e-05
9.293691215188376207e-05
9.287712042521289112e-05
9.281728508482501216e-05
9.275839623826349543e-05
9.269972089417412298e-05
9.264259532157212071e-05
9.258432069296466276e-05
9.252725713748864646e-05
9.246897323757368478e-05
9.241001239214692423e-05
9.235090421860783446e-05
9.229137739125087357e-05
9.223172239566950663e-05
9.217213932189019044e-05
9.211244421928479835e-05
9.205262358741796874e-05
9.199259469851694927e-05
9.193277907635937407e-05
9.187367385208394745e-05
9.181375408001927628e-05
9.175452357781088404e-05
9.169565497282224369e-05
9.163682679827359154e-05
9.157770172537387453e-05
9.151862034974172296e-05
9.145909484241975863e-05
9.139932997619047944e-05
9.133978506390452419e-05
9.128087640430232724e-05
9.122215731222654725e-05
9.116329831120567443e-05
9.110467415148269896e-05
9.104619258567055076e-05
9.098834186845431197e-05
9.093033262328174035e-05
9.087251506069409380e-05
9.081490793894278068e-05
9.075756062544468013e-05
9.069985915739394442e-05
9.064187743582233843e-05
9.058375734687355190e-05
9.052565430715890085e-05
9.046738291295031631e-05
9.040982751362075889e-05
9.035188802620082145e-05
9.029447535060029881e-05
9.023768562863089299e-05
9.018091219154520700e-05
9.012378180614069091e-05
9.006739815277820665e-05
9.001122341256361187e-05
8.995498675431446117e-05
8.989891289649651394e-05
8.984311558534148273e-05
8.978783936552379487e-05
8.973304187301250662e-05
8.967820198554511527e-05
8.962303212335026375e-05
8.956779396123459879e-05
8.951331641811848113e-05
8.946004997362144663e-05
8.940774706177517306e-05
8.935530429118663631e-05
8.930390567882343653e-05
8.925146799011206603e-05
8.919899584168366037e-05
8.914646175590184240e-05
8.909461289336744372e-05
8.904252319399654165e-05
8.899094182810602402e-05
8.893962430105647218e-05
8.888848785527136477e-05
8.883622305155818185e-05
8.878431235857201387e-05
8.873289070522030406e-05
8.868168675212001549e-05
8.863070910127145868e-05
8.858008098479041605e-05
8.853003003605114168e-05
8.847922933414159314e-05
8.842843905003026049e-05
8.837768353873793790e-05
8.832726225906485738e-05
8.827618245769799118e-05
8.822675328522928354e-05
8.817689867151035359e-05
8.812727468135278226e-05
8.807673000158975068e-05
8.802668189502425183e-05
8.797761665398230030e-05
8.792798255659356910e-05
8.787734008546322132e-05
8.782708476685676681e-05
8.777690135965662604e-05
8.772615004359960843e-05
8.767539471031417350e-05
8.762473637632722454e-05
8.757380589402636770e-05
8.752320744156965443e-05
8.747289840589158336e-05
8.742319327608456933e-05
8.737413884330220569e-05
8.732528318167687381e-05
8.727605965614906218e-05
8.722675009082999211e-05
8.717698696607888522e-05
8.712635791863669675e-05
8.707589781155984036e-05
8.702523770496735085e-05
8.697504905113859837e-05
8.692535685314271030e-05
8.687524773108613060e-05
8.682518044525457340e-05
8.677491592867998035e-05
8.672468301744485372e-05
8.667505812367481109e-05
8.662510784199238046e-05
8.657536228221888997e-05
8.652557536282430854e-05
8.647614096838780458e-05
8.642647636049162279e-05
8.637690952010541694e-05
8.632710147955315624e-05
8.627743077073733247e-05
8.622765029466967503e-05
8.617770193142333039e-05
8.612766897199360160e-05
8.607767766169781645e-05
8.602821198378157242e-05
8.597906470854960593e-05
8.592908793007881000e-05
8.587939737209280004e-05
8.582982944718675047e-05
8.578046601450916285e-05
8.573101586779699500e-05
8.568160835254742336e-05
8.563193358410916970e-05
8.558248493720417051e-05
8.553292446037173225e-05
8.548343911956748475e-05
8.543382360952760384e-05
8.538430562243581401e-05
8.533488836127213787e-05
8.528556207630418192e-05
8.523628317636626202e-05
8.518709381594628631e-05
8.513799634523978670e-05
8.508898784801026990e-05
8.504012516369277715e-05
8.499124462088257785e-05
8.494249733759473260e-05
8.489380939651717801e-05
8.484542811438239654e-05
8.479706758246521284e-05
8.474881045884498267e-05
8.470058888909536400e-05
8.465263782703409733e-05
8.460479152160873227e-05
8.455710456780079923e-05
8.450951610079948044e-05
8.446206180255892563e-05
8.441515885452803981e-05
8.436785675492235149e-05
8.432080880151384664e-05
8.427388199475258047e-05
8.422681484565291000e-05
8.417999341018956683e-05
8.413334107917305911e-05
8.408666233742634051e-05
8.403993328567179388e-05
8.399345605781016234e-05
8.394713275981586424e-05
8.390095898832202761e-05
8.385482765802418858e-05
8.380876603691369241e-05
8.376283255632733453e-05
8.371685886992318915e-05
8.367088164019100504e-05
8.362490947744819728e-05
8.357888057740091900e-05
8.353296718786258125e-05
8.348688877179583090e-05
8.344103888629142017e-05
8.339553269289577220e-05
8.335011667412010612e-05
8.330477998439131154e-05
8.325969736929468633e-05
8.321449828669726990e-05
8.316935699867200073e-05
8.312454936391048134e-05
8.307946638532363946e-05
8.303453957430646402e-05
8.298975262991535498e-05
8.294523506372168795e-05
8.290083205554460400e-05
8.285639531588382225e-05
8.281217814207576312e-05
8.276802185755660840e-05
8.272405564403978017e-05
8.268029386513686978e-05
8.263648591213692922e-05
8.259307086976516179e-05
8.254954429359523307e-05
8.250646477204416000e-05
8.246316009149306755e-05
8.242023976719272695e-05
8.237741871934882670e-05
8.233443680932853680e-05
8.229187838779444179e-05
8.224906812937307892e-05
8.220643040538333621e-05
8.216406317530874253e-05
8.212233457024760257e-05
8.208016012391870894e-05
8.203816980052158737e-05
8.199641638063098910e-05
8.195447823839473547e-05
8.191206525789121093e-05
8.187022332999818546e-05
8.182818426030779354e-05
8.178638351424249141e-05
8.174438032967623602e-05
8.170287290801339370e-05
8.166177032095543666e-05
8.162063825120454059e-05
8.157936362810318644e-05
8.153848097832774053e-05
8.149733957003785559e-05
8.145645124787385255e-05
8.141520289246844322e-05
8.137408612745238934e-05
8.133302960456401446e-05
8.129192024732353897e-05
8.125118795304012013e-05
8.121039344745845459e-05
8.117008746026267555e-05
8.112998314370526961e-05
8.108969280881373170e-05
8.104960507812755200e-05
8.100961950533048107e-05
8.097007275115352298e-05
8.092946830760289884e-05
8.088928333473122383e-05
8.084959653646445633e-05
8.081007736401583561e-05
8.077037681717682757e-05
8.073025974364390553e-05
8.069096201175605140e-05
8.065126810510846471e-05
8.061186635855267877e-05
8.057234031444050087e-05
8.053312133611924880e-05
8.049368380619775819e-05
8.045397738913255645e-05
8.041397046615882691e-05
8.037404312328180083e-05
8.033470887132725861e-05
8.029467627645145206e-05
8.025544087425910710e-05
8.021622694327448138e-05
8.017723774898102645e-05
8.013845707620409931e-05
8.009928592421366067e-05
8.006058885402026197e-05
8.002125640419447848e-05
7.998269185880038754e-05
7.994420464429194233e-05
7.990564005221558884e-05
7.986720440769271663e-05
7.982905136382757673e-05
7.979118455997980257e-05
7.975332551240085441e-05
7.971574279038276848e-05
7.967865958901044967e-05
7.964187473163375735e-05
7.960546078579787193e-05
7.956909029847622603e-05
7.953255038324346683e-05
7.949594004628199719e-05
7.945983238806301715e-05
