3.639899999994828522e-07
9.708511597211416799e-07
5.131830316653154732e-06
5.157875205106708301e-06
5.110994552019312772e-06
4.986548210460074203e-06
4.747585051265193480e-06
4.474487923028538680e-06
4.230428899790587611e-06
4.013553406838049908e-06
3.849173341839287777e-06
3.686012612978124804e-06
3.549668350757988865e-06
3.427029768851058003e-06
3.367657874077422873e-06
3.281980460786921916e-06
3.264437286337595545e-06
3.238317273192323764e-06
3.189326551052697699e-06
3.117082846288466822e-06
3.058029864154176200e-06
2.999155877702328323e-06
2.944589965232705425e-06
2.887996074515640279e-06
2.830996855321904924e-06
2.782044613517630464e-06
2.743427103992775999e-06
2.713527973483148948e-06
2.677453059395762449e-06
2.635741925825877834e-06
2.592904944523172360e-06
2.554077897568492098e-06
2.515393225872213515e-06
2.478724880431278813e-06
2.443200814738104459e-06
2.409178839547089423e-06
2.377544812731359619e-06
2.346335604585162832e-06
2.316713779409735559e-06
2.289143001579317864e-06
2.261361575031429280e-06
2.235210931989046231e-06
2.209077848877656002e-06
2.183898766102110177e-06
2.159513816318439884e-06
2.141100912884255017e-06
2.122369799886621180e-06
2.102594069011189702e-06
2.084657275997777543e-06
2.073923968243007690e-06
2.063445658261986275e-06
2.051930072799979871e-06
2.037352228075855716e-06
2.022835599208002066e-06
2.005994890282587802e-06
1.989487225970543799e-06
1.971983815998526671e-06
1.955540625906653099e-06
1.939651820931060275e-06
1.923534077326179827e-06
1.907723187830613537e-06
1.892409614325391325e-06
1.878273933180244664e-06
1.863760562636274773e-06
1.850941339770754099e-06
1.838203109374937001e-06
1.824965765081152856e-06
1.814121106941668587e-06
1.801497595729835658e-06
1.788746337925718047e-06
1.777371102578022602e-06
1.767679673936499415e-06
1.757246972711253159e-06
1.746682421366202640e-06
1.735414272716626758e-06
1.725038084275519785e-06
1.716156876430404790e-06
1.707147754223521131e-06
1.699258092008880079e-06
1.692514576311178976e-06
1.684862020144043282e-06
1.678319081214037561e-06
1.673618777244313933e-06
1.669259167874830506e-06
1.667619588778543809e-06
1.665686881706236110e-06
1.661679987373275396e-06
1.656208907981196333e-06
1.652825869794490654e-06
1.647078529034311836e-06
1.642096117290654819e-06
1.636524893176837299e-06
1.630653189433096662e-06
1.626017594367538877e-06
1.621199245056718331e-06
1.616260280978340000e-06
1.611793780562762188e-06
1.607414478044492374e-06
1.601809802229644440e-06
1.597128184080276157e-06
1.591141083114141240e-06
1.585532492204533917e-06
1.579186650845964752e-06
1.573304565294098074e-06
1.567569086681902730e-06
1.561594752037686007e-06
1.555573990683776949e-06
1.550317727458863835e-06
1.546552375907891286e-06
1.542838633299618563e-06
1.539789716833292618e-06
1.535749316654223821e-06
1.532331717128579911e-06
1.530049040508750201e-06
1.526604788485218724e-06
1.524818427606425433e-06
1.523508835381207255e-06
1.522413839430031998e-06
1.521919409300030914e-06
1.521365956985961933e-06
1.521442498143145556e-06
1.519899182203483620e-06
1.517763016501638311e-06
1.516209746391916825e-06
1.514298103274917938e-06
1.512598607882870549e-06
1.510470636691506028e-06
1.509036759082216103e-06
1.506890175800227351e-06
1.504736021089995218e-06
1.503565807813616061e-06
1.501933259797009742e-06
1.499162490285186747e-06
1.497283613213452092e-06
1.495086459252551339e-06
1.492874134816807544e-06
1.491045661718215049e-06
1.488556254801918649e-06
1.485963662666333446e-06
1.482315173385422293e-06
1.478350757000555541e-06
1.474131348661271844e-06
1.470524597190848714e-06
1.466900237165739148e-06
1.463230024568475245e-06
1.459598049152018258e-06
1.455908671032406543e-06
1.452406518135998328e-06
1.448956976398834795e-06
1.445204582942476456e-06
1.442290608594312371e-06
1.439347019161164662e-06
1.436508754760650115e-06
1.433232886108340983e-06
1.429766354441626442e-06
1.426408340268002269e-06
1.423128318630616663e-06
1.420852868992499787e-06
1.418553323899957727e-06
1.416075124753200814e-06
1.413213845807872084e-06
1.410250614282095928e-06
1.407281936651687847e-06
1.404860457181927759e-06
1.402347442408981010e-06
1.400037744765399357e-06
1.398128909788777779e-06
1.396525087540117062e-06
1.394776673705601052e-06
1.393476710555785418e-06
1.392444757046934775e-06
1.391203235856598172e-06
1.389713212555577459e-06
1.388906201355055986e-06
1.387936709739956070e-06
1.387140571629115853e-06
1.386487698896533589e-06
1.384845591217923535e-06
1.382891080715585257e-06
1.381142758644007081e-06
1.379501607285999077e-06
1.377591054628274090e-06
1.375811977372307357e-06
1.374058851019281247e-06
1.372054123390468300e-06
1.370665001335944969e-06
1.369089029717236858e-06
1.367483828220436542e-06
1.365462007885629513e-06
1.363646196758404320e-06
1.362479911292033405e-06
1.361112457762214624e-06
1.359890476686631022e-06
1.358541426915703522e-06
1.357102701537750566e-06
1.355845360682035387e-06
1.354411097355818449e-06
1.353121637429025621e-06
1.352135341378355347e-06
1.350627217626836549e-06
1.349143568918352481e-06
1.347639804583041781e-06
1.346551188489745681e-06
1.344858322909815705e-06
1.343225220367079849e-06
1.341459740924196649e-06
1.340066999239190591e-06
1.338807107779405886e-06
1.337235552164494527e-06
1.335404932238208168e-06
1.333303242917670322e-06
1.331408212298580604e-06
1.329430994900063264e-06
1.327641133889603793e-06
1.325961664556484074e-06
1.324219868287211753e-06
1.322768246323975566e-06
1.321338376207152955e-06
1.319787086874291955e-06
1.318137032946424855e-06
1.316441026908627665e-06
1.314598344501812395e-06
1.312590523696169571e-06
1.310460425195494254e-06
1.308738231123838063e-06
1.307031184206306711e-06
1.305297907712151579e-06
1.303411013337821427e-06
1.301317398438828440e-06
1.299381301023316528e-06
1.297218809878826103e-06
1.295217974086990796e-06
1.293133913049122451e-06
1.291058894356031644e-06
1.288963860617635721e-06
1.286968657899547125e-06
1.284899629579194143e-06
1.282803447279456004e-06
1.280729516624152531e-06
1.278723705093640178e-06
1.276870152952696860e-06
1.274872403394510481e-06
1.272882878194057853e-06
1.270876471301437286e-06
1.268981853653247026e-06
1.266914697758829446e-06
1.264828820691447697e-06
1.262723388266682952e-06
1.260613347646343183e-06
1.258690916295447201e-06
1.256642234032829580e-06
1.254545806152835184e-06
1.252588494778222384e-06
1.250643542569768906e-06
1.248703587143201077e-06
1.246667992196819118e-06
1.244655148993009604e-06
1.242721132892258343e-06
1.240833628830933874e-06
1.238823275993455873e-06
1.236759359139989793e-06
1.234802875225343341e-06
1.232825501599312174e-06
1.230797964622532115e-06
1.228718733880174028e-06
1.226737095450364065e-06
1.224760256585226438e-06
1.222719415081632987e-06
1.220867685827382226e-06
1.219097441497972403e-06
1.217428381105464198e-06
1.215767858760776987e-06
1.214064253959767291e-06
1.212306938736502762e-06
1.210479766587147961e-06
1.208649747638003952e-06
1.206803861434874507e-06
1.204933780702271447e-06
1.203048210918099999e-06
1.201235824739371639e-06
1.199491517990263624e-06
1.197706721961877816e-06
1.196005815864611091e-06
1.194327412052777627e-06
1.192721433332501472e-06
1.190937251095446031e-06
1.189313945790477474e-06
1.187573658090963947e-06
1.185851420999969521e-06
1.184203193621142884e-06
1.182660590876519752e-06
1.181178937233017865e-06
1.179653239343383982e-06
1.178122795375496473e-06
1.176526517466018078e-06
1.175198238958157902e-06
1.173771203505419402e-06
1.172309343348473265e-06
1.170880660963037099e-06
1.169563386857527420e-06
1.168236770100795300e-06
1.166989191839125550e-06
1.165595585913252375e-06
1.164262991487558009e-06
1.163013978360505495e-06
1.161763099407245302e-06
1.160449512616452125e-06
1.159206175595107889e-06
1.157853780048730026e-06
1.156403637974539798e-06
1.154853429535380402e-06
1.153368118881770417e-06
1.151824357123277681e-06
1.150342952481919373e-06
1.148981140135424384e-06
1.147677871790419512e-06
1.146364600226968897e-06
1.144978649961246654e-06
1.143741081413748702e-06
1.142420492715383136e-06
1.141256501220156836e-06
1.140007545046638525e-06
1.138875916012115006e-06
1.137759347104820703e-06
1.136675444391635558e-06
1.135573195545786572e-06
1.134525189894823288e-06
1.133581293561353558e-06
1.132606829086402509e-06
1.131553708227813848e-06
1.130523997230971837e-06
1.129461461959083345e-06
1.128305905107412240e-06
1.127323998632907263e-06
1.126314594273759692e-06
1.125509167840934489e-06
1.124729558650517570e-06
1.123810572149030325e-06
1.122882992461718938e-06
1.121921867507052160e-06
1.121017828720548930e-06
1.119987743560549018e-06
1.118968779658108321e-06
1.117951387823966629e-06
1.117094935173119784e-06
1.116197990015367206e-06
1.115396659138139638e-06
1.114652473657417597e-06
1.113909379018334528e-06
1.113138258375316124e-06
1.112421899480340802e-06
1.111597032935308082e-06
1.110875405317186800e-06
1.110154625388873693e-06
1.109387359212562824e-06
1.108622522018215047e-06
1.107900054436083900e-06
1.107079518790681946e-06
1.106223318347340029e-06
1.105362274792632663e-06
1.104464956394236566e-06
1.103681895770594986e-06
1.102827568105070098e-06
1.101963870740787499e-06
1.101165331571000643e-06
1.100367972458494859e-06
1.099627889572125942e-06
1.098735052393024189e-06
1.097840987943071895e-06
1.097027183077714289e-06
1.096253006116090085e-06
1.095526583717736236e-06
1.094832359380957566e-06
1.094044476230069612e-06
1.093368451499742234e-06
1.092516302152218356e-06
1.091643160628832735e-06
1.090788241221462919e-06
1.089913647318593647e-06
1.089081398699839742e-06
1.088372257104223678e-06
1.087690032161134285e-06
1.087033349879454919e-06
1.086377497765735880e-06
1.085583226347957918e-06
1.084933001577746292e-06
1.084209176955985704e-06
1.083555934672597858e-06
1.082894796512165259e-06
1.082349358717701499e-06
1.081801117224559539e-06
1.081193703862645930e-06
1.080641207972346130e-06
1.080214899692872096e-06
1.079865397607820440e-06
1.079546961122803250e-06
1.079155319243972590e-06
1.078863179552996370e-06
1.078395099682775290e-06
1.078082817452388575e-06
1.077746036108296967e-06
1.077382958658976241e-06
1.076871709977454408e-06
1.076520507376950778e-06
1.076034048317735824e-06
1.075746726846699232e-06
1.075404150606196414e-06
1.075045162238600507e-06
1.074747653278345212e-06
1.074504463308270054e-06
1.074255538762261995e-06
1.073959897100317407e-06
1.073665452463598097e-06
1.073414081153863226e-06
1.073102771074885270e-06
1.072858237080368336e-06
1.072555251061163503e-06
1.072123398418344953e-06
1.071688197839432846e-06
1.071190882374041248e-06
1.070687680856501679e-06
1.070231296161724594e-06
1.069868192344942670e-06
1.069625179199995555e-06
1.069317125969516501e-06
1.069004331046463983e-06
1.068708131978288526e-06
1.068369417010796844e-06
1.067918143263400813e-06
1.067450119343376941e-06
1.067047694923573295e-06
1.066582058364269285e-06
1.066127779166135264e-06
1.065643375011312885e-06
1.065160466029759801e-06
1.064538169315395263e-06
1.063892655970086958e-06
1.063294813697734473e-06
1.062762189222984568e-06
1.062258584446275491e-06
1.061717454811497728e-06
1.061158370298984072e-06
1.060697910301550404e-06
1.060174316481439587e-06
1.059656480782543555e-06
1.059036690619585803e-06
1.058369084548527293e-06
1.057724475496649515e-06
1.057108198415722390e-06
1.056431791002941298e-06
1.055840549538918720e-06
1.055290042680141584e-06
1.054724748085746233e-06
1.054130035279350829e-06
1.053700040249196357e-06
1.053292548968691875e-06
1.052868880221610809e-06
1.052454925281079575e-06
1.052020950414897514e-06
1.051605000287618242e-06
1.051177547678821272e-06
1.050793245433315288e-06
1.050554561478565114e-06
1.050264937343863928e-06
1.049962101745870066e-06
1.049664410959377839e-06
1.049427685773461162e-06
1.049274823939701843e-06
1.049031483700220535e-06
1.048688447196435974e-06
1.048331949679201780e-06
1.048040138860364482e-06
1.047689801303902609e-06
1.047325546440665117e-06
1.046979908804489506e-06
1.046676038880394796e-06
1.046396276133495030e-06
1.046062715706187237e-06
1.045736922557549376e-06
1.045386945692916522e-06
1.045053938776043270e-06
1.044772721240277388e-06
1.044462943337741952e-06
1.044180342216485468e-06
1.043853557086782184e-06
1.043508685941558329e-06
1.043157004698863290e-06
1.042859390515613168e-06
1.042508188531915966e-06
1.042127719536907728e-06
1.041827583864814630e-06
1.041519487611489777e-06
1.041144135148281782e-06
1.040725997179705888e-06
1.040312201357927661e-06
1.039923869564292148e-06
1.039434980045952805e-06
1.038938859863125675e-06
1.038465841003864543e-06
1.037931339038000139e-06
1.037414900611075042e-06
1.036864680494473659e-06
1.036298541870310084e-06
1.035687378486456153e-06
1.035155805105226839e-06
1.034644443468870405e-06
1.034065971117407333e-06
1.033567331224813042e-06
1.033029761489716505e-06
1.032474246541823925e-06
1.031932992858799139e-06
1.031341397134560615e-06
1.030792858738296230e-06
1.030223281132778939e-06
1.029653303110076355e-06
1.029063307218555051e-06
1.028427119350708469e-06
1.027835941787348429e-06
1.027238464171457116e-06
1.026612826669731362e-06
1.025998813363336514e-06
1.025354973483986149e-06
1.024753289798217784e-06
1.024137134490178275e-06
1.023540892483086102e-06
1.022917518043154635e-06
1.022319046157775760e-06
1.021766947247732533e-06
1.021223332246785589e-06
1.020697867783788193e-06
1.020219456744808192e-06
1.019678638003246643e-06
1.019188774854837359e-06
1.018657202495381984e-06
1.018154155028872897e-06
1.017680795500621793e-06
1.017200629309138050e-06
1.016798704024839145e-06
1.016439832524512011e-06
1.016154400801852928e-06
1.015840235826441816e-06
1.015562368012536230e-06
1.015296987833980826e-06
1.015098008380168931e-06
1.014790290396711206e-06
1.014435456545337868e-06
1.014121201268139390e-06
1.013809155003365052e-06
1.013533988514103853e-06
1.013236316672176246e-06
1.012962622915295565e-06
1.012763394830872883e-06
1.012558520055282387e-06
1.012271309315083797e-06
1.012044962500178304e-06
1.011867166113041110e-06
1.011682740438921518e-06
1.011466010374938204e-06
1.011278853760846930e-06
1.011097855810708676e-06
1.010957604801032797e-06
1.010755418164449099e-06
1.010587688986782931e-06
1.010399664369242567e-06
1.010270468169721166e-06
1.010113867153768332e-06
1.009940844343141088e-06
1.009718615741398962e-06
1.009471245497582956e-06
1.009198355551580522e-06
1.008936895098845244e-06
1.008684259292860948e-06
1.008433194308291065e-06
1.008207946672489275e-06
1.007996773962816813e-06
1.007778345471356491e-06
1.007614320487045806e-06
1.007410684922223307e-06
1.007181342200948344e-06
1.006996739281074947e-06
1.006838700749288552e-06
1.006596063253861955e-06
1.006419979065000208e-06
1.006217139622247573e-06
1.006011008719797055e-06
1.005792458985577393e-06
1.005535182812056504e-06
1.005301675624905515e-06
1.005057846493263386e-06
1.004748646721217802e-06
1.004457481148357718e-06
1.004117375453794806e-06
1.003776056566306951e-06
1.003427453108666020e-06
1.003067245756255851e-06
1.002705701223137045e-06
1.002374381192894871e-06
1.002024951032000993e-06
1.001666194222552249e-06
1.001327512519831645e-06
1.001033493438064347e-06
1.000751847957863543e-06
1.000481593911333367e-06
1.000145804529778548e-06
9.997251378353866223e-07
9.993552589957689951e-07
9.989798992735379812e-07
9.985777651890039452e-07
9.981835838242393793e-07
9.978077405136097767e-07
9.974565491120817434e-07
9.970160862572001316e-07
9.965914379367778653e-07
9.961710424117722300e-07
9.957657844489973770e-07
9.953657947133826241e-07
9.949615588227625919e-07
9.945861033740222866e-07
9.941884645516050315e-07
9.938089225112344483e-07
9.934539557729538201e-07
9.930181437171412069e-07
9.926156843704701530e-07
9.922159517617767021e-07
9.918452338605457135e-07
9.914854722999436630e-07
9.910998580873433262e-07
9.907362060745019917e-07
9.903657209197431346e-07
9.900034310493916585e-07
9.896292868973799030e-07
9.892241297588533855e-07
9.888033426569653316e-07
9.884083982348571496e-07
9.880258338340658379e-07
9.876669523745917020e-07
9.872938720971634259e-07
9.869074214890746560e-07
9.865400048597279127e-07
9.861589652565606567e-07
9.857921230635777239e-07
9.854202335944207666e-07
9.850464843931943356e-07
9.846695146696312397e-07
9.842788596750498029e-07
9.838873454441200820e-07
9.835081817414148369e-07
9.831697475013412428e-07
9.827724250364175070e-07
9.824202093122485802e-07
9.820627350982002508e-07
9.817043291012267796e-07
9.813469172031319170e-07
9.809606346204727444e-07
9.805777714820048637e-07
9.802013367110205571e-07
9.798128482224210497e-07
9.794726293658867105e-07
9.791270467494536249e-07
9.788010945709694525e-07
9.785061326703493287e-07
9.782484389334078217e-07
9.779935653481911565e-07
9.776822864997815049e-07
9.773709071634711955e-07
9.770245630518390303e-07
9.766744918960664228e-07
9.763184117387834632e-07
9.759768288422834910e-07
9.756563445630150332e-07
9.753084533928033397e-07
9.749756165481944740e-07
9.746550832097234236e-07
9.743172187373509937e-07
9.739406764617888782e-07
9.735781964809266536e-07
9.731923610581966521e-07
9.728192159759703768e-07
9.724409331898113360e-07
9.720613421560543141e-07
9.716908986371730861e-07
9.713188153406523863e-07
9.709684950951040770e-07
9.706312110298766543e-07
9.703082835068413577e-07
9.700228050945757391e-07
9.697227438607879432e-07
9.694263886157753694e-07
9.691112042858443445e-07
9.687867474310623065e-07
9.684409431801404966e-07
9.681297122709566168e-07
9.677994898842240694e-07
9.674600574897494776e-07
9.670870447720551097e-07
9.667114138219870259e-07
9.663555624476011412e-07
9.659920338581101786e-07
9.656500128873790969e-07
9.652802096562550703e-07
9.649236829043787749e-07
9.645608618293367904e-07
9.642374992597246445e-07
9.639097968013183223e-07
9.635957284190910846e-07
9.632752934712997253e-07
9.629767694727295546e-07
9.627090429565366140e-07
9.623963775855883683e-07
9.621114910674307439e-07
9.617939377859811147e-07
9.614590964779651124e-07
9.611441476612330386e-07
9.608217620724777864e-07
9.605031081566631934e-07
9.601632341836127828e-07
9.598224556199067134e-07
9.595183968278259558e-07
9.592179687043587408e-07
9.589246939413910844e-07
9.586329948442422484e-07
9.583233495084983296e-07
9.580140281241185308e-07
9.576865818362566567e-07
9.573846383157587454e-07
9.570862344687232043e-07
9.567977140764151408e-07
9.564875388092344989e-07
9.561497285887713458e-07
9.558433418588808315e-07
9.555242875209039900e-07
9.551905235305526491e-07
9.548541604856106654e-07
9.544929365918277721e-07
9.541487647028179321e-07
9.537940020782716989e-07
9.534311772784826911e-07
9.531025981447596568e-07
9.527671987005120510e-07
9.524235195584821290e-07
9.520645940485238229e-07
9.517188689346512774e-07
9.513722279265663303e-07
9.510168407411220391e-07
9.506862541275217253e-07
9.503520786367640629e-07
9.500039656228227901e-07
9.496351919578424834e-07
9.492874809802504408e-07
9.489749263557756840e-07
9.486461826024299839e-07
9.482800758752308057e-07
9.479588920659464156e-07
9.476029515711776621e-07
9.472752961561534674e-07
9.469286706294768916e-07
9.466106952798783311e-07
9.462569627520159630e-07
9.459184723912589230e-07
9.455943893268852329e-07
9.452883297201544953e-07
9.450190949543514626e-07
9.447605697709010405e-07
9.444826846756427054e-07
9.442383580917400369e-07
9.439807798995765515e-07
9.437257108040504156e-07
9.434434790179142208e-07
9.431783408765529118e-07
9.429238557734796073e-07
9.426477299458190194e-07
9.424086586732328329e-07
9.421522712949740707e-07
9.419088437120369986e-07
9.416518005278659393e-07
9.413764481413055391e-07
9.411260173756549976e-07
9.408857218959242637e-07
9.406180244680736824e-07
9.403485762247363125e-07
9.400768206771999726e-07
9.398129867922614428e-07
9.395344249472493364e-07
9.392717007595994455e-07
9.389661112499825285e-07
9.386567788847223410e-07
9.383398833729378294e-07
9.380539277290054871e-07
9.377540715926245768e-07
9.374716188392085690e-07
9.371534463637455978e-07
9.368326633575999234e-07
9.364951533312361995e-07
9.361538617489974119e-07
9.357967386425047994e-07
9.354263127106464763e-07
9.350453092205346383e-07
9.346373329916408671e-07
9.342375995359259038e-07
9.338571023628044293e-07
9.334879529644302963e-07
9.331165746439751088e-07
9.327715200823021834e-07
9.324258141426334674e-07
9.320704385155272886e-07
9.317346116782106947e-07
9.313793907940380961e-07
9.310330888655280419e-07
9.306679821576072553e-07
9.302994878657976429e-07
9.299234158722151358e-07
9.295619241762353805e-07
9.291874081622920340e-07
9.288291700730517674e-07
9.284883575563454213e-07
9.281469109613225442e-07
9.278168701969090419e-07
9.274678944051988731e-07
9.271292703770890790e-07
9.267664297346791583e-07
9.264012704353950370e-07
9.260195597404836320e-07
9.256293130101974365e-07
9.252525865564320505e-07
9.248524630162998396e-07
9.244769135897723147e-07
9.240856065022130943e-07
9.237109098683273748e-07
9.233363452211698691e-07
9.229623575581301535e-07
9.226007013539279173e-07
9.222419037159122464e-07
9.218932642042393768e-07
9.215416489492439642e-07
9.212129732491234142e-07
9.208915658423431859e-07
9.205832760310611488e-07
9.202634085406849903e-07
9.199295936583744226e-07
9.195964682385326851e-07
9.192662133072716565e-07
9.189502669796243270e-07
9.186415581217910156e-07
9.183093960199220576e-07
9.179789984533872858e-07
9.176664357080902381e-07
9.173678503092506152e-07
9.170768232373047175e-07
9.167976118400694563e-07
9.165260330750552964e-07
9.162283534217250523e-07
9.159217434029320725e-07
9.156029654126181526e-07
9.152964693289999313e-07
9.149941722389672207e-07
9.146938804854907372e-07
9.143938117464405631e-07
9.140828928837879820e-07
9.137912710912264379e-07
9.134970916936769471e-07
9.132015703036456172e-07
9.129127262857004831e-07
9.126179925660630104e-07
9.123366049386290173e-07
9.120246687311050824e-07
9.117317823438891076e-07
9.114435209732559686e-07
9.111697858925213032e-07
9.108742218844538192e-07
9.106081832595886513e-07
9.103766500555491626e-07
9.101329916738152471e-07
9.098916583657999490e-07
9.096438952203842405e-07
9.094042587766611501e-07
9.091755388067960297e-07
9.089538043808985714e-07
9.087224859918213860e-07
9.084719625139206225e-07
9.082472033686678760e-07
9.079957985978206424e-07
9.077569456193576967e-07
9.075008985309318666e-07
9.072359191605107672e-07
9.069754643227158431e-07
9.067033248106765199e-07
9.064330376659981866e-07
9.061762113968281581e-07
9.059121798768727600e-07
9.056399255108400063e-07
9.053619640675622391e-07
9.050670562825302271e-07
9.047729061448644198e-07
9.044828029004337787e-07
9.041953574931204027e-07
9.039103718712202590e-07
9.036173827309444020e-07
9.033288004173155217e-07
9.030520451814701219e-07
9.027856856897149113e-07
9.024994513505265413e-07
9.022225189623266949e-07
9.019377241895371125e-07
9.016325535771022918e-07
9.013444683998627655e-07
9.010582751129336183e-07
9.007732573901685693e-07
9.004893243700562224e-07
9.002080662459476740e-07
8.999006935917780108e-07
8.996039386011451325e-07
8.993199984422049072e-07
8.990334274750452082e-07
8.987480144411526193e-07
8.984534241238253986e-07
8.981544326000636722e-07
8.978521717952984480e-07
8.975728160104987160e-07
8.972824523912284769e-07
8.969878160238021609e-07
8.967215325886950955e-07
8.964634523194025689e-07
8.961887877887079265e-07
8.959232143887668447e-07
8.956457370653377367e-07
8.953923521665646166e-07
8.951451978645495483e-07
8.948834620220274510e-07
8.946288964284367590e-07
8.943662135489632257e-07
8.941014199362239332e-07
8.938543692422999088e-07
8.936145873533318355e-07
8.933788195092582579e-07
8.931361892269765157e-07
8.928558693816931226e-07
8.925901498402696922e-07
8.923259964315915344e-07
8.920643689121930989e-07
8.917829111598611968e-07
8.915223227348355297e-07
8.912529909532355101e-07
8.909959918562073599e-07
8.907142941584399204e-07
8.904455518479352928e-07
8.901723145466361133e-07
8.898777571262649132e-07
8.895782246860649420e-07
8.892904692776429459e-07
8.889797203790340093e-07
8.886875923385238632e-07
8.884030067697188897e-07
8.881115004748681816e-07
8.878236279495833783e-07
8.875469725802387489e-07
8.872491662304768174e-07
8.869517882343501528e-07
8.866407505155759563e-07
8.863336952558266409e-07
8.860274754520009205e-07
8.857249031418198553e-07
8.854175507106002420e-07
8.851183873171780510e-07
8.848166830682677217e-07
8.845060793583820633e-07
8.842047213715385243e-07
8.839042453178212279e-07
8.836035003073542578e-07
8.832977172158385585e-07
8.829885291327580729e-07
8.826851364563488565e-07
8.823963372786841766e-07
8.821178218741583806e-07
8.818524440056295366e-07
8.815932978749401322e-07
8.813258121697502396e-07
8.810680498267983403e-07
8.808124023172227213e-07
8.805652451464056341e-07
8.803131352164758558e-07
8.800696705800874823e-07
8.798310983580097747e-07
8.795806123693177887e-07
8.793477695213198240e-07
8.791295475842884184e-07
8.789135333735615720e-07
8.786999936380283364e-07
8.784850267229841611e-07
8.782630094266915639e-07
8.780372650927980424e-07
8.778151931192731854e-07
8.775952988652291872e-07
8.773881276944985978e-07
8.771776406343071201e-07
8.769825771100119373e-07
8.767932732706673329e-07
8.766002250865585849e-07
8.763882208319858599e-07
8.761977965893481835e-07
8.759761246297224706e-07
