1.498204924999880019e-06
8.334755089328830309e-06
1.971343605302069665e-05
2.484625245162944460e-05
2.384200084873893573e-05
2.204428769090029864e-05
2.082043521492685882e-05
1.972939677874819384e-05
1.860899361906355191e-05
1.798638261599772985e-05
1.729275573585083855e-05
1.665677716939317575e-05
1.607359261152275753e-05
1.550923748204975885e-05
1.500707967007324295e-05
1.453374655498726134e-05
1.415636998784572108e-05
1.384161213379340182e-05
1.354898154916391452e-05
1.322630303110162403e-05
1.294835508586977578e-05
1.267347627845233466e-05
1.239809673603671459e-05
1.214314959682358174e-05
1.189807089533287679e-05
1.167666583313884775e-05
1.147619058608764744e-05
1.127330073272767651e-05
1.111860355402473730e-05
1.096772218199637241e-05
1.080622633044309012e-05
1.066151936275983519e-05
1.053010821302404920e-05
1.041350590727245985e-05
1.029979326071181489e-05
1.017357311840674733e-05
1.005225861298263158e-05
9.928616142921575669e-06
9.828048525627914331e-06
9.733716873016409765e-06
9.651310477048104721e-06
9.558230357559759319e-06
9.472997472794689611e-06
9.378362734448520452e-06
9.282923515932726797e-06
9.194468114920533355e-06
9.102023772891387507e-06
9.011582378862581576e-06
8.919639468188815217e-06
8.836121701584973484e-06
8.764417025483023637e-06
8.698390827611615690e-06
8.629892376222621047e-06
8.577120377075054023e-06
8.512083435115561068e-06
8.459783341929047240e-06
8.408526555614045443e-06
8.366265669033039928e-06
8.316007986745684228e-06
8.268851584780627535e-06
8.224748328978341030e-06
8.186766168688799783e-06
8.162913519409751166e-06
8.142792099921180964e-06
8.115726474878785004e-06
8.078852992618869804e-06
8.038328602381758563e-06
7.999378530871475626e-06
7.969889330827822839e-06
7.944519763497209748e-06
7.928452335355472603e-06
7.908377461353278636e-06
7.887183485495217572e-06
7.865994774768875994e-06
7.834769779428296806e-06
7.818061550453006157e-06
7.798829465813268764e-06
7.779864965250748548e-06
7.754147921100899084e-06
7.723254805448947455e-06
7.691320047857195581e-06
7.664621584552561739e-06
7.632795026031050916e-06
7.598711359281303877e-06
7.563633497990867353e-06
7.526730047680622861e-06
7.490760536992844926e-06
7.453547302624069036e-06
7.420939145737850803e-06
7.388236134527890249e-06
7.359288690618904366e-06
7.329281877418236575e-06
7.300570597616093643e-06
7.269780633678253789e-06
7.236219174689694621e-06
7.203352316086014253e-06
7.173627149199607055e-06
7.145704050185812892e-06
7.119489432136619610e-06
7.093902346148873453e-06
7.071369522946566886e-06
7.045796839349168602e-06
7.018910056417851406e-06
6.991844242498084061e-06
6.962175004413977592e-06
6.933189857343789402e-06
6.905174130251462421e-06
6.876707067248061289e-06
6.847486050960385529e-06
6.818053931586036535e-06
6.788721459738072246e-06
6.759581434125616505e-06
6.730151294702574111e-06
6.700724177477212428e-06
6.671732595632691872e-06
6.643582892056442462e-06
6.615518236442069985e-06
6.587561148457738646e-06
6.559987795017978025e-06
6.532642925601716641e-06
6.505605352776918054e-06
6.479001226899135778e-06
6.452849882966311039e-06
6.426894794350003118e-06
6.401179164337880623e-06
6.375753470856452795e-06
6.350602474211989580e-06
6.325804257856048074e-06
6.301350265454244960e-06
6.277092319737351699e-06
6.253088290567429048e-06
6.229592621496368776e-06
6.206131151899904525e-06
6.183005762934917136e-06
6.160494302135771346e-06
6.138071840616773885e-06
6.115703045053855716e-06
6.093761463415795418e-06
6.071833745607668161e-06
6.050133821912787767e-06
6.028683862759473129e-06
6.007437108337685570e-06
5.986415807446587358e-06
5.965595019410766020e-06
5.945064755307976305e-06
5.924844030114912997e-06
5.905247307624627076e-06
5.885895579270357671e-06
5.867214699469858049e-06
5.848216133438856394e-06
5.830146976223138581e-06
5.812355265303059354e-06
5.795445609405551101e-06
5.779215440370263274e-06
5.763851382185473134e-06
5.748983299344579795e-06
5.735527600475036125e-06
5.721734818600303775e-06
5.709678033532511809e-06
5.698192601474171245e-06
5.686346632156290971e-06
5.674854149390483127e-06
5.662451456072672547e-06
5.650465028606167405e-06
5.638786548784266140e-06
5.626526618611592555e-06
5.613481880569567864e-06
5.600881116643589743e-06
5.589281072954521378e-06
5.577418401113275728e-06
5.565832813591874070e-06
5.553717330648338340e-06
5.542638640239126370e-06
5.530111040081001787e-06
5.517848618740395625e-06
5.505763234898087131e-06
5.494025764518959414e-06
5.481737553328245305e-06
5.469590403417413737e-06
5.456596135541171514e-06
5.442778318152981903e-06
5.428931683001556495e-06
5.415797128507490103e-06
5.402907372862052146e-06
5.390318933632215065e-06
5.378753495611390536e-06
5.366726692429076880e-06
5.354515269671693266e-06
5.342088950359798423e-06
5.329757585366111326e-06
5.317015925219053880e-06
5.304865529967262097e-06
5.291760103141397435e-06
5.278870191081993158e-06
5.266188809887792209e-06
5.253223525449551356e-06
5.240702830611003788e-06
5.227971012847237982e-06
5.215688972503361303e-06
5.203519471177108909e-06
5.191408973468246811e-06
5.179034833845206244e-06
5.166740065040142565e-06
5.154514557163798938e-06
5.142291634871130845e-06
5.129887388182251203e-06
5.117492377741307467e-06
5.105263295556627282e-06
5.093315199468279390e-06
5.081287676855226013e-06
5.069296266580382434e-06
5.057327742712554501e-06
5.045443881612340708e-06
5.033749512406796688e-06
5.022216773417886804e-06
5.010787535694019565e-06
4.999562013009815960e-06
4.988568909255388647e-06
4.977968761834648583e-06
4.967452080375712584e-06
4.956860664123981441e-06
4.946102795468760778e-06
4.935434402033887529e-06
4.924933024928550975e-06
4.914562182635467579e-06
4.904653894484056101e-06
4.894729551341742281e-06
4.885391180597478869e-06
4.875899476147927089e-06
4.866640656850183286e-06
4.857463269780823910e-06
4.848618644729009832e-06
4.839829549310572418e-06
4.830685612037022200e-06
4.821473775546179308e-06
4.812314741916289401e-06
4.803175378310176123e-06
4.794437626090354812e-06
4.785434525451252296e-06
4.776485695422631554e-06
4.767466272059166241e-06
4.758658459776973202e-06
4.749627769650405744e-06
4.740861887809412957e-06
4.732069134627388863e-06
4.723474673511657552e-06
4.714890992467674730e-06
4.706352719990019378e-06
4.698085674252667686e-06
4.689753097444204388e-06
4.681734122629640570e-06
4.673357179462193484e-06
4.664815217674338426e-06
4.656292676675105488e-06
4.647669335771706972e-06
4.639171865662391933e-06
4.630632278204629355e-06
4.622312187449060488e-06
4.613661198694514116e-06
4.604994229779964970e-06
4.596407046763928944e-06
4.588012820188862379e-06
4.579548356370955136e-06
4.571226367668200570e-06
4.562890024983708693e-06
4.554922283325681464e-06
4.546891495431145484e-06
4.539078903776765320e-06
4.531370482732826441e-06
4.523613086391427918e-06
4.516111747242620937e-06
4.508721147576693357e-06
4.501796849429411547e-06
4.495060858641046029e-06
4.488508012495480542e-06
4.481542693256351095e-06
4.474369846418378352e-06
4.467261945721193400e-06
4.460132015034927046e-06
4.453348609364474711e-06
4.446646322331223786e-06
4.439533574976720935e-06
4.432953979346222793e-06
4.426026643613099216e-06
4.419456478509970253e-06
4.412796387115803848e-06
4.406161940435495061e-06
4.399267296828009769e-06
4.392345170725496871e-06
4.385367359875180112e-06
4.378569227026906174e-06
4.371773511861506578e-06
4.364974793565109961e-06
4.358457462717433443e-06
4.352202887520410702e-06
4.345700321700570319e-06
4.339497958047036717e-06
4.333370793997363636e-06
4.327233550626657623e-06
4.321406505187412838e-06
4.315239589027006936e-06
4.309299705618514962e-06
4.303198633439855061e-06
4.297335830045782216e-06
4.291370733982640948e-06
4.285792224072626582e-06
4.280199320272175595e-06
4.274826120666889386e-06
4.268786027455749391e-06
4.262804488602187330e-06
4.256875323965236620e-06
4.250695988997415254e-06
4.244439236226779515e-06
4.238116848961956944e-06
4.231912784641587523e-06
4.225828530340055138e-06
4.219803715639602893e-06
4.213829852567902213e-06
4.207845104534096523e-06
4.201810712798745344e-06
4.195881793752941405e-06
4.189995180080610005e-06
4.184188121967675110e-06
4.178408122192113970e-06
4.172813282130941760e-06
4.166964404653934978e-06
4.161141143525846227e-06
4.155253645176010199e-06
4.149267824316833929e-06
4.143559898797908029e-06
4.137597824165095761e-06
4.131708452918791388e-06
4.125874118754011883e-06
4.120110285449827528e-06
4.114236833243645242e-06
4.108379027155797910e-06
4.102473060170101372e-06
4.096563980524178797e-06
4.090748033475850965e-06
4.085058311273971259e-06
4.079349842675577616e-06
4.073690150156018929e-06
4.068046799823255770e-06
4.062497591649201531e-06
4.057044438477333476e-06
4.051547472372506800e-06
4.046084562453542742e-06
4.040628217649630313e-06
4.035288467506877137e-06
4.030025378101445647e-06
4.024712381444602194e-06
4.019286397667551212e-06
4.013880179500248349e-06
4.008460965474698011e-06
4.003114698637424909e-06
3.997704558523392333e-06
3.992349400883549735e-06
3.986917204007887615e-06
3.981441637887043248e-06
3.976040422762283928e-06
3.970636075981448858e-06
3.965326100192736616e-06
3.960090308762236894e-06
3.954911614293362258e-06
3.949644755269340475e-06
3.944393011694581458e-06
3.939126765349530376e-06
3.933905846698837723e-06
3.928660271260820667e-06
3.923405482089137274e-06
3.918148653695592780e-06
3.912913480730782791e-06
3.907674159579418654e-06
3.902458863283731338e-06
3.897255310537893694e-06
3.892069361644291907e-06
3.886904422230704833e-06
3.881770711501849229e-06
3.876647063527197133e-06
3.871545517842185331e-06
3.866465268778439332e-06
3.861401560969067249e-06
3.856387187997042738e-06
3.851369297683652991e-06
3.846400100545812862e-06
3.841419455325247236e-06
3.836466213026155288e-06
3.831521073388003951e-06
3.826601504518312460e-06
3.821693122899600249e-06
3.816804825223954305e-06
3.811933699106596806e-06
3.807085179492769108e-06
3.802253357632268271e-06
3.797437714907684386e-06
3.792640028347954201e-06
3.787863676941575091e-06
3.783109552104573591e-06
3.778384154604240710e-06
3.773669020784082127e-06
3.768991056234463373e-06
3.764343457413574521e-06
3.759748919572537815e-06
3.755094164127883189e-06
3.750496171635062218e-06
3.745894419558626464e-06
3.741357099415823506e-06
3.736797964822918954e-06
3.732229487853180237e-06
3.727697677273466968e-06
3.723179057975662456e-06
3.718675554965651139e-06
3.714213149346562364e-06
3.709753666845584408e-06
3.705346897441061163e-06
3.700936736027448384e-06
3.696623689757891794e-06
3.692306597731222259e-06
3.688021717946067610e-06
3.683724976507372688e-06
3.679424489327894587e-06
3.675150024941390682e-06
3.670878383963444831e-06
3.666622565186479154e-06
3.662324577487212260e-06
3.658079057032740276e-06
3.653826617589712761e-06
3.649569411330001353e-06
3.645364416068243279e-06
3.641152074349696252e-06
3.636986049821390480e-06
3.632834195963487090e-06
3.628716285088156835e-06
3.624595737439239191e-06
3.620508157903756359e-06
3.616434040568735225e-06
3.612419465519429100e-06
3.608393823888548763e-06
3.604350987633971059e-06
3.600271351262623427e-06
3.596229286452541024e-06
3.592187663153686849e-06
3.588140313898067547e-06
3.584110851984074613e-06
3.580113558594894622e-06
3.576127568987088575e-06
3.572201074208791666e-06
3.568275900525910505e-06
3.564361055436931349e-06
3.560464863459628200e-06
3.556566030863582047e-06
3.552701044122168691e-06
3.548824616986439482e-06
3.544967116390641940e-06
3.541143186446482951e-06
3.537288419716571260e-06
3.533448375500454760e-06
3.529628150167641685e-06
3.525803352559428908e-06
3.521998344950951860e-06
3.518239443339431170e-06
3.514489592612447936e-06
3.510726526476024035e-06
3.506971864798055439e-06
3.503231885967537908e-06
3.499499656927322921e-06
3.495771115752856849e-06
3.492079048694964918e-06
3.488369669020925008e-06
3.484660058946316242e-06
3.480960737197771589e-06
3.477274910488332684e-06
3.473601926927837430e-06
3.469939218247928850e-06
3.466318695652255084e-06
3.462695977408543918e-06
3.459098777463081127e-06
3.455535763834483328e-06
3.451965388858592365e-06
3.448451974448436771e-06
3.444949024045616748e-06
3.441475847429312455e-06
3.438023855936667011e-06
3.434574565513647627e-06
3.431132875430631544e-06
3.427650165891618413e-06
3.424148493620604952e-06
3.420639180588596154e-06
3.417142454218115133e-06
3.413656749932603335e-06
3.410178766350075148e-06
3.406713153476578951e-06
3.403256651957758865e-06
3.399811513318027610e-06
3.396376085040093208e-06
3.392954263031841408e-06
3.389539819822754053e-06
3.386147784385467520e-06
3.382760738470986868e-06
3.379378962786501766e-06
3.376005305676646793e-06
3.372647207980705700e-06
3.369296856631546182e-06
3.365952658525406962e-06
3.362619194763205231e-06
3.359296186560666460e-06
3.355995117234775619e-06
3.352690955396812923e-06
3.349419044948420367e-06
3.346155491827079653e-06
3.342902420941451386e-06
3.339662081515189540e-06
3.336498324760227324e-06
3.333301864862345088e-06
3.330146845374896877e-06
3.327043862467131205e-06
3.323925426029566708e-06
3.320828150912413175e-06
3.317708923780409450e-06
3.314576575680425631e-06
3.311477254062312662e-06
3.308384811400912146e-06
3.305306303090458491e-06
3.302238444190047540e-06
3.299166281152226727e-06
3.296113483184093268e-06
3.293101342761348648e-06
3.290075834440960548e-06
3.287051227811048917e-06
3.284047599161256228e-06
3.281053114510416319e-06
3.278070350092005801e-06
3.275072647034972062e-06
3.272126611957449675e-06
3.269201414080697907e-06
3.266238047679815316e-06
3.263266321121215781e-06
3.260289783042593304e-06
3.257364022919055389e-06
3.254454323815176819e-06
3.251519537520301584e-06
3.248588296362771096e-06
3.245678169526854082e-06
3.242753249637716101e-06
3.239845069273413974e-06
3.236910242022113459e-06
3.233991873919150108e-06
3.231086451724833569e-06
3.228191405154261976e-06
3.225299701894918191e-06
3.222420632029607337e-06
3.219591429531435448e-06
3.216731469797577831e-06
3.213941031849868522e-06
3.211144850959478593e-06
3.208362742030564136e-06
3.205570556861508087e-06
3.202764909894417810e-06
3.200022502542778243e-06
3.197292216811244961e-06
3.194587337211293635e-06
3.191895488017248164e-06
3.189180670238097437e-06
3.186446856957612495e-06
3.183734396423357178e-06
3.181042143464362308e-06
3.178314698302554536e-06
3.175639958746635012e-06
3.172908296300726515e-06
3.170203550451780387e-06
3.167474477747937518e-06
3.164736648500150845e-06
3.162018331215765200e-06
3.159313381454994462e-06
3.156623514210034466e-06
3.153917162270087245e-06
3.151202888443718098e-06
3.148529138453282522e-06
3.145841307031235651e-06
3.143180830115930387e-06
3.140509014303640267e-06
3.137836147365961635e-06
3.135177033480231342e-06
3.132556153969438904e-06
3.129932110490121322e-06
3.127364101302937542e-06
3.124776385941720982e-06
3.122203974015465718e-06
3.119623317463001702e-06
3.117055498812708963e-06
3.114489115545774672e-06
3.111949574317530900e-06
3.109432834617114881e-06
3.106910897232955968e-06
3.104477981138160971e-06
3.102032230052970827e-06
3.099602099277263986e-06
3.097125999170203580e-06
3.094640239808160854e-06
3.092142625602200555e-06
3.089658092865651003e-06
3.087203840900806215e-06
3.084739590377321118e-06
3.082330918087287845e-06
3.079918009100220453e-06
3.077471609334299342e-06
3.075064654812240966e-06
3.072639263116806099e-06
3.070252310545959396e-06
3.067897307226321659e-06
3.065506180673348516e-06
3.063110978191019652e-06
3.060736231475449344e-06
3.058384566072085402e-06
3.056023421175384723e-06
3.053662441478918042e-06
3.051301080431721695e-06
3.048930946040272568e-06
3.046541550877327636e-06
3.044159205298383599e-06
3.041800632001347633e-06
3.039457030023597974e-06
3.037149756324702639e-06
3.034885483707983078e-06
3.032638533404145573e-06
3.030355862733335724e-06
3.028067739030502331e-06
3.025765519724696263e-06
3.023463883111871770e-06
3.021127859195487280e-06
3.018786778335431724e-06
3.016428973244041626e-06
3.014062636500654134e-06
3.011702648102912146e-06
3.009337947078846317e-06
3.006982246880520333e-06
3.004625597496161402e-06
3.002277776776190387e-06
2.999931046262461238e-06
2.997591689598726644e-06
2.995281946385114842e-06
2.992956692929172272e-06
2.990660629001400806e-06
2.988359695272653194e-06
2.986063525634630774e-06
2.983757279780804984e-06
2.981455051313887816e-06
2.979157945240291402e-06
2.976861887367678955e-06
2.974571112231970240e-06
2.972285919906130609e-06
2.970007130382809945e-06
2.967734682242288907e-06
2.965465023728814348e-06
2.963200610503446897e-06
2.960941806009657581e-06
2.958687573686492956e-06
2.956444204617004235e-06
2.954203990287975841e-06
2.951965214488420888e-06
2.949732137790376932e-06
2.947503570348355193e-06
2.945280050106788663e-06
2.943061919245981614e-06
2.940850374325513762e-06
2.938646454706946689e-06
2.936446416623021726e-06
2.934249937402275418e-06
2.932060615416554941e-06
2.929872257952549269e-06
2.927689074550011430e-06
2.925514942918869365e-06
2.923341713942214083e-06
2.921172610801171238e-06
2.919008036005838022e-06
2.916848774146045708e-06
2.914693806299661196e-06
2.912543645533151224e-06
2.910398359752582624e-06
2.908258197529426133e-06
2.906123258512385786e-06
2.903993906357099965e-06
2.901869215266185122e-06
2.899749504000813108e-06
2.897637535736318862e-06
2.895533138182301173e-06
2.893430286695845263e-06
2.891333292811467960e-06
2.889257325834031531e-06
2.887173415933274333e-06
2.885089285175913611e-06
2.883009805302708042e-06
2.880935633320976573e-06
2.878865277504458747e-06
2.876794209266470413e-06
2.874727566145727809e-06
2.872672740118774183e-06
2.870619332899766596e-06
2.868572303974140359e-06
2.866529378531016866e-06
2.864490887580892162e-06
2.862458855785801835e-06
2.860440045771426430e-06
2.858419043642890137e-06
2.856426809087534960e-06
2.854445785836368488e-06
2.852466807823796487e-06
2.850486125183169209e-06
2.848503447632677952e-06
2.846517734979146728e-06
2.844541979925871345e-06
2.842563953288973023e-06
2.840593469490401462e-06
2.838624735454808690e-06
2.836664010946788843e-06
2.834701864737407538e-06
2.832752556169163556e-06
2.830809823547003099e-06
2.828856400641771828e-06
2.826905107923892702e-06
2.824963355092405583e-06
2.823021475484366884e-06
2.821094308096833734e-06
2.819159032035420042e-06
2.817236316716596567e-06
2.815329632697250721e-06
2.813420331263830208e-06
2.811524523454305077e-06
2.809632463143037905e-06
2.807757955395440386e-06
2.805887513994628457e-06
2.804009404110975274e-06
2.802135536184002638e-06
2.800286735205980577e-06
2.798444736752207435e-06
2.796611225449369186e-06
2.794766562029710899e-06
2.792906700775573152e-06
2.791045264124314705e-06
2.789203116327476691e-06
2.787360001187196660e-06
2.785521151607773685e-06
2.783688443789479842e-06
2.781866614721717190e-06
2.780062526646579297e-06
2.778259140883167956e-06
2.776458400432071812e-06
2.774660313843596338e-06
2.772850655614389417e-06
2.771034230397132771e-06
2.769206184831812699e-06
2.767372154853010845e-06
2.765560873289576940e-06
2.763741830548396465e-06
2.761932087525012418e-06
2.760126760239546138e-06
2.758322291702028098e-06
2.756516320381577445e-06
2.754728977653404226e-06
2.752941552870695129e-06
2.751170840590528197e-06
2.749388870010789884e-06
2.747613657352416583e-06
2.745823236016999573e-06
2.744029684937743830e-06
2.742240505062501769e-06
2.740457332749507770e-06
2.738684939977225967e-06
2.736921105079722540e-06
2.735162262918988173e-06
2.733409220344037194e-06
2.731642037066744236e-06
2.729882723249491028e-06
2.728125263310945828e-06
2.726372332251856634e-06
2.724625859282800611e-06
2.722890434162181436e-06
2.721147508206469837e-06
2.719415931323525973e-06
2.717684778732403437e-06
2.715960487908755228e-06
2.714235534313751310e-06
2.712531119381553389e-06
2.710820564382508649e-06
2.709134846090585531e-06
2.707440848695071486e-06
2.705736817862478833e-06
2.704049409208092540e-06
2.702358510235255574e-06
2.700666906312368653e-06
2.698979742981374393e-06
2.697285620138811258e-06
2.695613341129977290e-06
2.693941249492319873e-06
2.692260242744758403e-06
2.690583282474065537e-06
2.688908127097994661e-06
2.687242824013244837e-06
2.685575110306703735e-06
2.683919206443245823e-06
2.682282422230369356e-06
2.680652182906502693e-06
2.679010279220706093e-06
2.677386213287524747e-06
2.675768283967378650e-06
2.674153834421691738e-06
2.672571949253437590e-06
2.670955302184425107e-06
2.669349483596756775e-06
2.667729559965639227e-06
2.666125826383573005e-06
2.664507869516638562e-06
2.662907803676128788e-06
2.661308494603993720e-06
2.659714970969997581e-06
2.658134161367670056e-06
2.656555965917780885e-06
2.654995929145802263e-06
2.653418467484615551e-06
2.651879638321867448e-06
2.650320388550367819e-06
2.648763854590126915e-06
2.647218132614302132e-06
2.645675814103734504e-06
2.644139320672853466e-06
2.642600429141200055e-06
2.641076300802024589e-06
2.639559761423997734e-06
2.638045461512194934e-06
2.636532033254058772e-06
2.635012425421322914e-06
2.633485284788291898e-06
2.631952635232981689e-06
2.630430247264217925e-06
2.628930920774467924e-06
2.627408297535808012e-06
2.625891686665029540e-06
2.624363277543276243e-06
2.622864640294479440e-06
2.621360101656951565e-06
2.619880297257366829e-06
2.618415391999830730e-06
2.616940943533048275e-06
2.615477172457570987e-06
2.614020358515581999e-06
2.612557537948985434e-06
2.611075278761582757e-06
2.609586770056662315e-06
2.608101199161104260e-06
2.606606495441698152e-06
2.605125072351584476e-06
2.603626789868688218e-06
2.602135292492933948e-06
2.600650229427347307e-06
2.599172419385655411e-06
2.597685409874502264e-06
2.596189264703557675e-06
2.594701844952933909e-06
2.593206057613247045e-06
2.591721814112144871e-06
2.590233503916531871e-06
2.588740395372401829e-06
2.587248084396528648e-06
2.585758288231277024e-06
2.584279992579949722e-06
2.582803309189210755e-06
2.581323547655601951e-06
2.579845424798549503e-06
2.578372319237585350e-06
2.576906137654029688e-06
2.575448620026840906e-06
2.573993427542311812e-06
2.572544053293744214e-06
2.571107110425437965e-06
2.569666689618028604e-06
2.568226979610595521e-06
2.566783032406280623e-06
2.565331283923872710e-06
2.563883581846881513e-06
2.562429498630496474e-06
2.560984788418116219e-06
2.559542629382067091e-06
2.558097167952891853e-06
2.556654691495931527e-06
2.555209853521430271e-06
2.553769535713639377e-06
2.552329603269155335e-06
2.550895440068544852e-06
2.549461141273325538e-06
2.548028482917401671e-06
2.546598517511580286e-06
2.545170686251951611e-06
2.543745870687030592e-06
2.542323503859137067e-06
2.540902814733504630e-06
2.539484544479554313e-06
2.538069074701860544e-06
2.536657080068895913e-06
2.535248389738134553e-06
2.533839677895122849e-06
2.532435369004171181e-06
2.531032487550112531e-06
2.529632571512348190e-06
2.528234191180435631e-06
2.526837283834425210e-06
2.525443155762707374e-06
2.524051291399485008e-06
2.522661581636175824e-06
2.521276123617111571e-06
2.519891718516294989e-06
2.518511058498284698e-06
2.517130157482039702e-06
2.515752183318319630e-06
2.514377322203896202e-06
2.513005619753421054e-06
2.511637189949272289e-06
2.510267389452485950e-06
2.508899856353273864e-06
2.507536702349449868e-06
2.506177991604199749e-06
2.504824826632795646e-06
2.503467693821963584e-06
2.502114759687262636e-06
2.500761427829774012e-06
2.499411063124768962e-06
2.498061450986102610e-06
2.496714415288845060e-06
2.495369689061563116e-06
2.494029085920739758e-06
2.492688167752104519e-06
2.491349138813437001e-06
2.490012240598883018e-06
2.488677500252307932e-06
2.487345525593959581e-06
2.486015076912661114e-06
2.484687423671491211e-06
2.483361760196882647e-06
2.482037723494246539e-06
2.480715741446261482e-06
2.479397096320778558e-06
2.478079355620884264e-06
2.476764207388291357e-06
2.475453349943263010e-06
2.474143442223267287e-06
2.472835689982745875e-06
2.471529286202378307e-06
2.470224461278749420e-06
2.468921760970800912e-06
2.467620802661516388e-06
2.466324003735287636e-06
2.465028154023229844e-06
2.463733623595626699e-06
2.462445213003510028e-06
2.461156718811811785e-06
2.459874989678471864e-06
2.458592192371249146e-06
2.457309717455083861e-06
2.456027256618105831e-06
2.454746439137470464e-06
2.453467607269573543e-06
2.452190955007276344e-06
2.450916402238940904e-06
2.449644365303882085e-06
2.448375112860569025e-06
2.447106251041835969e-06
2.445839306744555950e-06
2.444574674523953081e-06
2.443312139975206459e-06
2.442051350353750400e-06
2.440795215823644355e-06
2.439541587273959127e-06
2.438289097600595658e-06
2.437036977687481489e-06
2.435787907648110125e-06
2.434542121379909476e-06
2.433296653495214100e-06
2.432051962380265270e-06
2.430811193464150689e-06
2.429578012649503027e-06
2.428338945712378673e-06
2.427106550743854023e-06
2.425879627462919849e-06
2.424650425848911140e-06
2.423423435316889370e-06
2.422205592345070033e-06
2.420993566851793637e-06
2.419781275850859047e-06
2.418569336567244158e-06
2.417358675478308123e-06
2.416159933910814184e-06
2.414956303597129590e-06
2.413751038312520990e-06
2.412546876441230034e-06
2.411354013177358378e-06
2.410155438984490035e-06
2.408961854717010473e-06
2.407770660826759563e-06
2.406573204531121168e-06
2.405387502272083565e-06
2.404212233044988044e-06
