1.207605386138105915e-04
1.018600166875284653e-04
9.889798273492850754e-05
9.309627290446279935e-05
8.368382161765324445e-05
7.642462589205747329e-05
7.097691045719653859e-05
6.640802927122618163e-05
6.277108283893220557e-05
5.970105431659472291e-05
5.699303267151460396e-05
5.469486109123920125e-05
5.270995208980613683e-05
5.102823053364733406e-05
5.019937026545398344e-05
4.961992178823289567e-05
4.875174744508548123e-05
4.892162002347296080e-05
4.911269805246930965e-05
4.892889321146856433e-05
4.929405180128683790e-05
4.953388379926909515e-05
5.035126764795888306e-05
5.066373784841901368e-05
5.100822409858526648e-05
5.103493783075662923e-05
5.097165617326817016e-05
5.077368399385120588e-05
5.061079900720342290e-05
5.034953701002446301e-05
5.012910851015037607e-05
4.985134394304016012e-05
4.953569078602094051e-05
4.913795224695967741e-05
4.867870812478454197e-05
4.824789022346700562e-05
4.791078088444704379e-05
4.763966268472802433e-05
4.745842358189835574e-05
4.720978148595073471e-05
4.702013293822551200e-05
4.679038090426483279e-05
4.653046907028133872e-05
4.631145206745217521e-05
4.612082363085705776e-05
4.594212409210354455e-05
4.574733786163627243e-05
4.555806362388101162e-05
4.534694746563551189e-05
4.516279015303889066e-05
4.505410861658619702e-05
4.500717843144094607e-05
4.495151204412748005e-05
4.491479542628919733e-05
4.481889178298632717e-05
4.470918795377777389e-05
4.457491287191751340e-05
4.443229682055587691e-05
4.426166045285601509e-05
4.410062414609665767e-05
4.390494516809677512e-05
4.367255628392383682e-05
4.341837639678476288e-05
4.315709589848517100e-05
4.289494157717849637e-05
4.261079405739518860e-05
4.233211518881633097e-05
4.206581844946142033e-05
4.179181730413771180e-05
4.152768830331292289e-05
4.128400157164106469e-05
4.106277738085674313e-05
4.083946799558420043e-05
4.061646882061038360e-05
4.038465619620761933e-05
4.017674557155498410e-05
3.995893433236905479e-05
3.973003996310355332e-05
3.950534212786321913e-05
3.927837026594157698e-05
3.904408036006577738e-05
3.881308484981170221e-05
3.858852306160632021e-05
3.837229708798783472e-05
3.817982535265474587e-05
3.798936471427674232e-05
3.780030066555318174e-05
3.763158035622425889e-05
3.745894507947798697e-05
3.728027378375460110e-05
3.709718372607755853e-05
3.691937917158693373e-05
3.675335952829768895e-05
3.659125189567234628e-05
3.643393723854330052e-05
3.627522979816850479e-05
3.612525173185671779e-05
3.597062606098051270e-05
3.581451237821239490e-05
3.564832400699473829e-05
3.548905806703165028e-05
3.533513505745487733e-05
3.519692259495906119e-05
3.505461262636641167e-05
3.491960626552261633e-05
3.478988424821255617e-05
3.466950353267165684e-05
3.455890661487955485e-05
3.446618227803572183e-05
3.436708008408261976e-05
3.427116038774702649e-05
3.416518318479699814e-05
3.405901487613619157e-05
3.395747690753282005e-05
3.385269838988851668e-05
3.375675520191258875e-05
3.365690021323568547e-05
3.355304761666408608e-05
3.345029497776419274e-05
3.335154381872007653e-05
3.325640283583556581e-05
3.316194904384162486e-05
3.307151416066668161e-05
3.298448685923863519e-05
3.291109012380079399e-05
3.283685400893995653e-05
3.276087525722316899e-05
3.268976691098152273e-05
3.262611398184554371e-05
3.256770941248868863e-05
3.250005961005554306e-05
3.244031275995846975e-05
3.238338639977645153e-05
3.232268194263755880e-05
3.226977641991374599e-05
3.221510820193648099e-05
3.215613173250793329e-05
3.209243557878061506e-05
3.202648033549379336e-05
3.196478917365316462e-05
3.191082031663770814e-05
3.184626280657736254e-05
3.178025852866508684e-05
3.171013051427615075e-05
3.163268882066229090e-05
3.155923200589869190e-05
3.148965965625337085e-05
3.141657508448088249e-05
3.134556864867904004e-05
3.128258601850503326e-05
3.121780575840513020e-05
3.115620607865393589e-05
3.109505404616287616e-05
3.103440628594882804e-05
3.097147943285209374e-05
3.090792174964835645e-05
3.084847009837256244e-05
3.078868968037955581e-05
3.073274362941770359e-05
3.067934379400903759e-05
3.062771413000661794e-05
3.057332233020191095e-05
3.052025180239804377e-05
3.046268631121333261e-05
3.040675622641736639e-05
3.035637192843676092e-05
3.029926674254982392e-05
3.025503805556676551e-05
3.020502743239204417e-05
3.015214996501676235e-05
3.009792733311780302e-05
3.004738296033798362e-05
2.999814577998845624e-05
2.995155897041241495e-05
2.990445900478901509e-05
2.985547188683450675e-05
2.980189368774451288e-05
2.974927421264923633e-05
2.969876303704682547e-05
2.964339614288981700e-05
2.958683233613682609e-05
2.952834206690316303e-05
2.947011366854384020e-05
2.941058021015154192e-05
2.935241268158403103e-05
2.930253599983854659e-05
2.925238592816442631e-05
2.919756450386411958e-05
2.914277945014505237e-05
2.908921340139059898e-05
2.903206203788922924e-05
2.897779204082591781e-05
2.892026307718024999e-05
2.886606160260024302e-05
2.881252246060600930e-05
2.875859543453737082e-05
2.870714179128097148e-05
2.865265038405382273e-05
2.859770246720486547e-05
2.854523014981268564e-05
2.848992139925834842e-05
2.843534484178219577e-05
2.838056931085972538e-05
2.832476982034700362e-05
2.826860917464185647e-05
2.821245856804030790e-05
2.815689518463394237e-05
2.810324464763173114e-05
2.804974199320609275e-05
2.799532516633083444e-05
2.794254031532590561e-05
2.788815330810937959e-05
2.783473393633785682e-05
2.778234269703560094e-05
2.773325454859504568e-05
2.768190967149442675e-05
2.763016895583066097e-05
2.757940435838805257e-05
2.752778946094166303e-05
2.747697937835562513e-05
2.742550023655678678e-05
2.737420533243925929e-05
2.732669982334826048e-05
2.728090872517897062e-05
2.723752424728029514e-05
2.719248210693483829e-05
2.714999743317887768e-05
2.710679684070125921e-05
2.706573657077353696e-05
2.702437018655056637e-05
2.697996002538287347e-05
2.693658309661564327e-05
2.689143103460101081e-05
2.684539002849516901e-05
2.680106139384862956e-05
2.675667314445005483e-05
2.671177117676649054e-05
2.666641798729520909e-05
2.662079713306814361e-05
2.657410787488912604e-05
2.652672193446678017e-05
2.647989338586093400e-05
2.643309610152495752e-05
2.638708063719874116e-05
2.634252530931007166e-05
2.629946331269268517e-05
2.625556316411902213e-05
2.621213921679257645e-05
2.616752523860162722e-05
2.612364419948359312e-05
2.608005007981761659e-05
2.603798612985506236e-05
2.599616105096350609e-05
2.595369585973504134e-05
2.591109549534091662e-05
2.586861641998285756e-05
2.582587833962860668e-05
2.578507151870524562e-05
2.574557253968422650e-05
2.570586251225079140e-05
2.566656203788852090e-05
2.562783974475349070e-05
2.558936377567737875e-05
2.555251706857684745e-05
2.551500770073083279e-05
2.547764259502195621e-05
2.543966844006419960e-05
2.540110260729175925e-05
2.536196728785538050e-05
2.532399894082870833e-05
2.528668849386916015e-05
2.524921312329335448e-05
2.521287990787713279e-05
2.517662688854910836e-05
2.514023055641774793e-05
2.510344408467007877e-05
2.506606247744027477e-05
2.503041190548415681e-05
2.499425789518971248e-05
2.495721653088299810e-05
2.491926029429657733e-05
2.488154715398488499e-05
2.484322976064442517e-05
2.480445367226114697e-05
2.476659275741152424e-05
2.472877425728476527e-05
2.469046705994526697e-05
2.465191007223900595e-05
2.461331404927334846e-05
2.457413537969576093e-05
2.453581997844590275e-05
2.449761316088185973e-05
2.445989297025982982e-05
2.442213102842132587e-05
2.438452775314891034e-05
2.434773995208710371e-05
2.431063947210265007e-05
2.427440918021295498e-05
2.423929748427520263e-05
2.420382736187203215e-05
2.416879142738375175e-05
2.413303169784865513e-05
2.409758865430567559e-05
2.406228896087199900e-05
2.402660344185361159e-05
2.399195386617230868e-05
2.395723388215320859e-05
2.392223451691935485e-05
2.388798829284595734e-05
2.385448757217669983e-05
2.382040319254833733e-05
2.378621712239453552e-05
2.375228470247606405e-05
2.371803000918580226e-05
2.368522139755067417e-05
2.365192434573735677e-05
2.361973645884937086e-05
2.358793798475637381e-05
2.355720535258207457e-05
2.352618522502368160e-05
2.349496646551129127e-05
2.346358001249216938e-05
2.343278790185562480e-05
2.340241483431411030e-05
2.337227998041521772e-05
2.334215260842338680e-05
2.331167061704523025e-05
2.328116678524271059e-05
2.325099220763348411e-05
2.322088953227790942e-05
2.319151608965014694e-05
2.316199584418898922e-05
2.313277557935012051e-05
2.310358532420163607e-05
2.307437185558261443e-05
2.304554040202788905e-05
2.301761952867598329e-05
2.299058013703148082e-05
2.296339792180912038e-05
2.293730265540246661e-05
2.291132241168750150e-05
2.288425988859916631e-05
2.285749559191415089e-05
2.283025748949658919e-05
2.280340131781871714e-05
2.277670674435405625e-05
2.275083796815631105e-05
2.272542928600395466e-05
2.269890362015310423e-05
2.267320664352670678e-05
2.264752165985220865e-05
2.262179804615692459e-05
2.259613799760902181e-05
2.256991287619532772e-05
2.254328948086369553e-05
2.251636118521629687e-05
2.248874025403443702e-05
2.246066755744740524e-05
2.243339380105228742e-05
2.240666041029365307e-05
2.237971549445812866e-05
2.235279580509532638e-05
2.232609254486243842e-05
2.229899767826562670e-05
2.227185089257742353e-05
2.224450857023437631e-05
2.221715943463775449e-05
2.219033713838967052e-05
2.216343204810851980e-05
2.213679554287451969e-05
2.211073143523409334e-05
2.208466023639372530e-05
2.205776243787672481e-05
2.203116238566204212e-05
2.200442862705380052e-05
2.197819341028249516e-05
2.195160660242171234e-05
2.192477550608344842e-05
2.189818766581551091e-05
2.187182423938447239e-05
2.184580115851398582e-05
2.181989556418642060e-05
2.179432131230482861e-05
2.176938116003663645e-05
2.174470386685757744e-05
2.172022157024051681e-05
2.169563623754715905e-05
2.167136803626720949e-05
2.164747844019533044e-05
2.162323526878633155e-05
2.159952405343504073e-05
2.157613896084997285e-05
2.155224402095334924e-05
2.152821882205441072e-05
2.150437291565179482e-05
2.148082777981616653e-05
2.145759792519640678e-05
2.143372764987870870e-05
2.140968750699822194e-05
2.138618781803254467e-05
2.136229967749355086e-05
2.133834258703831544e-05
2.131424690868480529e-05
2.129027778962104954e-05
2.126634989842065472e-05
2.124292565813382702e-05
2.121922510632585725e-05
2.119516940044031644e-05
2.117166509647307521e-05
2.114790997150282190e-05
2.112367039432460828e-05
2.109944921116487396e-05
2.107537459162131614e-05
2.105141619538043483e-05
2.102774322368002860e-05
2.100439988228598650e-05
2.098179463206249030e-05
2.095950213431374030e-05
2.093765881145457809e-05
2.091577919312108923e-05
2.089403902281892890e-05
2.087290107111058508e-05
2.085169963495807211e-05
2.083061021802275098e-05
2.080982657153899432e-05
2.078911644209240523e-05
2.076858830693977312e-05
2.074848445777561823e-05
2.072780172457781188e-05
2.070708985932899953e-05
2.068666631925389726e-05
2.066565216654800205e-05
2.064488283952490506e-05
2.062374519344433097e-05
2.060310160645069971e-05
2.058263912139038734e-05
2.056255247334894045e-05
2.054305301026454649e-05
2.052311175498323429e-05
2.050399612138016143e-05
2.048501845380693809e-05
2.046560056137520850e-05
2.044630609086980720e-05
2.042690316963282254e-05
2.040733823923896129e-05
2.038822338364679066e-05
2.036930480115404046e-05
2.035111512864533120e-05
2.033366124156623235e-05
2.031669875528826019e-05
2.029910774010536739e-05
2.028175566072669162e-05
2.026399452010818549e-05
2.024621283218230370e-05
2.022814326203391599e-05
2.021000998226389443e-05
2.019186957922433206e-05
2.017345396767875084e-05
2.015511443853905475e-05
2.013671049875284078e-05
2.011851883631267108e-05
2.010053895416867871e-05
2.008279427194803262e-05
2.006532061830696730e-05
2.004815770357539303e-05
2.003095629613663829e-05
2.001420197057945683e-05
1.999738034773447342e-05
1.998074591847759094e-05
1.996414985404781819e-05
1.994793091200702313e-05
1.993178184316264621e-05
1.991534501963522524e-05
1.989871157148590924e-05
1.988197841245987156e-05
1.986520713343510253e-05
1.984892007656511095e-05
1.983222855888234329e-05
1.981538195860076069e-05
1.979846873501315445e-05
1.978145415761684399e-05
1.976450050809176159e-05
1.974820435415321597e-05
1.973256861304261014e-05
1.971703863607441294e-05
1.970162651512875760e-05
1.968647552281912685e-05
1.967064820100077844e-05
1.965530688386207643e-05
1.963939596936884859e-05
1.962326934728058866e-05
1.960707913429081582e-05
1.959099025478144775e-05
1.957482884265124000e-05
1.955873655824882554e-05
1.954314786034121165e-05
1.952739863594027162e-05
1.951144816129181956e-05
1.949547141102000406e-05
1.947914317977678895e-05
1.946271733999470078e-05
1.944630135340805790e-05
1.943032137057907274e-05
1.941423636765531453e-05
1.939849134190904645e-05
1.938265183195137916e-05
1.936685129004393066e-05
1.935103666025415255e-05
1.933487027483628379e-05
1.931831743463466284e-05
1.930181373576099807e-05
1.928502911039196613e-05
1.926878236162145699e-05
1.925271177645631175e-05
1.923629927349604046e-05
1.921995353080418112e-05
1.920365924920106564e-05
1.918752197560096763e-05
1.917128359639297494e-05
1.915492832073053839e-05
1.913874447493947516e-05
1.912297721977046727e-05
1.910749035016522516e-05
1.909184108229731243e-05
1.907606140156088684e-05
1.905991122734039417e-05
1.904382414475333079e-05
1.902754871898618209e-05
1.901134517593916690e-05
1.899484785356692727e-05
1.897833799339946679e-05
1.896196771287742838e-05
1.894569976008768624e-05
1.892933645311433607e-05
1.891293111477813932e-05
1.889660305433290757e-05
1.888027625803395454e-05
1.886374307931314428e-05
1.884713371971683590e-05
1.883053479083944158e-05
1.881395192116783806e-05
1.879734522608122194e-05
1.878072365945774929e-05
1.876423965444103218e-05
1.874763637934241626e-05
1.873109019149652457e-05
1.871457582900255701e-05
1.869816050919248122e-05
1.868168975847846913e-05
1.866518039315455467e-05
1.864879884259387248e-05
1.863234401554798245e-05
1.861582295179064391e-05
1.859951515026541150e-05
1.858326769816945312e-05
1.856701625393103897e-05
1.855075255760196267e-05
1.853449038767973899e-05
1.851832504009639531e-05
1.850213076101427711e-05
1.848591599611951753e-05
1.846978267576416402e-05
1.845373669778535333e-05
1.843774487926381979e-05
1.842181218213873796e-05
1.840585256419380422e-05
1.839000192927266818e-05
1.837409364573601626e-05
1.835828051129015641e-05
1.834248345546529886e-05
1.832688525757187516e-05
1.831129404397513737e-05
1.829570829029641602e-05
1.828014447270156443e-05
1.826460183976764140e-05
1.824926267647275074e-05
1.823407724666303736e-05
1.821887540054644878e-05
1.820368926443069582e-05
1.818847147733085296e-05
1.817326314014375572e-05
1.815813449643819178e-05
1.814296594172092731e-05
1.812793477215272686e-05
1.811288776122729177e-05
1.809784128126043458e-05
1.808283292234201973e-05
1.806807762328068776e-05
1.805341418571700568e-05
1.803868008762032294e-05
1.802411529160694191e-05
1.800954914418768945e-05
1.799494224008881668e-05
1.798025562171212885e-05
1.796561768439134169e-05
1.795092938423042877e-05
1.793631358230946777e-05
1.792165261435542278e-05
1.790708236335757550e-05
1.789262636459932826e-05
1.787823510407067268e-05
1.786380179004257770e-05
1.784936329399467787e-05
1.783484967017017896e-05
1.782031978395344290e-05
1.780582954138798361e-05
1.779141853858582465e-05
1.777698990727541036e-05
1.776249704566835384e-05
1.774800001260236641e-05
1.773352010767299553e-05
1.771909852062818677e-05
1.770472417471968737e-05
1.769038496066718640e-05
1.767603940506049800e-05
1.766173894790765738e-05
1.764747432152631614e-05
1.763326165434401336e-05
1.761915750844714724e-05
1.760509592790495767e-05
1.759100529780178006e-05
1.757697337203663755e-05
1.756296892481117863e-05
1.754902527247067102e-05
1.753511053711446935e-05
1.752122989588642652e-05
1.750736649044556947e-05
1.749355891850884991e-05
1.747974522843926437e-05
1.746597810429061480e-05
1.745220232355469098e-05
1.743844414654932673e-05
1.742479652641712128e-05
1.741117066239373896e-05
1.739758923757747563e-05
1.738405133276077724e-05
1.737058558537369726e-05
1.735715362394596177e-05
1.734367684201987321e-05
1.733023419552152174e-05
1.731681582037709584e-05
1.730339831406758796e-05
1.729001821533857194e-05
1.727665584737092392e-05
1.726335925790019324e-05
1.725017087407058203e-05
1.723697911025681882e-05
1.722377976702714670e-05
1.721065029512827894e-05
1.719756347642915640e-05
1.718450162864582783e-05
1.717146931261298451e-05
1.715843635680227157e-05
1.714542507270749410e-05
1.713240674599729731e-05
1.711939945387123223e-05
1.710650580453738895e-05
1.709364977943682036e-05
1.708085680277018759e-05
1.706808534226696158e-05
1.705538560171002873e-05
1.704273128902759104e-05
1.703006774112418391e-05
1.701741632185866369e-05
1.700471964691949102e-05
1.699208721671775424e-05
1.697948364150299704e-05
1.696691167915478663e-05
1.695432767120838761e-05
1.694179708855242532e-05
1.692934185966007686e-05
1.691689147985991874e-05
1.690443258633958878e-05
1.689200467573681483e-05
1.687960761852125521e-05
1.686724591541523827e-05
1.685488779551752280e-05
1.684250865620931132e-05
1.683016167942347395e-05
1.681784350699692834e-05
1.680552028912198257e-05
1.679322454366059526e-05
1.678095567455531212e-05
1.676871301334926275e-05
1.675648225267585266e-05
1.674426751405365152e-05
1.673207797439035365e-05
1.671991641524794405e-05
1.670778242614857798e-05
1.669567103477082861e-05
1.668358806575624968e-05
1.667153334846373510e-05
1.665950063802275501e-05
1.664749380834107544e-05
1.663551400574044581e-05
1.662355966740482741e-05
1.661163451562959733e-05
1.659973888661361131e-05
1.658790192126564448e-05
1.657611877213720103e-05
1.656434307675862128e-05
1.655258334940911880e-05
1.654087125646784109e-05
1.652917786589486122e-05
1.651750681982152127e-05
1.650584984343355982e-05
1.649418237714212398e-05
1.648254438309961268e-05
1.647093254319981266e-05
1.645934134230233014e-05
1.644777118315685405e-05
1.643622530700745968e-05
1.642469703492761425e-05
1.641319325066831631e-05
1.640172165766999387e-05
1.639027071499962919e-05
1.637884567341846029e-05
1.636743670173959722e-05
1.635605255629328880e-05
1.634469026957033496e-05
1.633335551795850806e-05
1.632204551833834976e-05
1.631075587147064738e-05
1.629948773569960056e-05
1.628824447712800917e-05
1.627702358295189601e-05
1.626582510083497392e-05
1.625464970047039515e-05
1.624349969648443355e-05
1.623237165491364837e-05
1.622127785773066889e-05
1.621021953977695460e-05
1.619929166299162538e-05
1.618845234080597091e-05
1.617761956042063458e-05
1.616681174739151080e-05
1.615595937401127422e-05
1.614510829386870018e-05
1.613431516570561794e-05
1.612358211266305612e-05
1.611289814625343922e-05
1.610224075794142810e-05
1.609160216496945042e-05
1.608098010912944402e-05
1.607037926432896438e-05
1.605979711840479100e-05
1.604926024925630023e-05
1.603872187458421197e-05
1.602817286425130446e-05
1.601765695738150661e-05
1.600709368501154536e-05
1.599649760033604491e-05
1.598596901742570147e-05
1.597545167410481060e-05
1.596496216377459945e-05
1.595449578503242331e-05
1.594408400351628272e-05
1.593367936414251553e-05
1.592328170970232849e-05
1.591289150718408433e-05
1.590249334324156860e-05
1.589211001928783862e-05
1.588173205713704279e-05
1.587135679048063482e-05
1.586101430681479600e-05
1.585069871209858120e-05
1.584039245415328918e-05
1.583009477240412318e-05
1.581981217926915653e-05
1.580954158775691815e-05
1.579931784903366567e-05
1.578909761309989893e-05
1.577889806909277924e-05
1.576871611903899573e-05
1.575855923241902690e-05
1.574842327133648394e-05
1.573831640183922525e-05
1.572820946635023273e-05
1.571812797274235550e-05
1.570806280560567945e-05
1.569803118336978454e-05
1.568803835027134951e-05
1.567806947908500633e-05
1.566809311394848364e-05
1.565813380381812114e-05
1.564819474454134463e-05
1.563829691091990051e-05
1.562841173351009282e-05
1.561858196030178899e-05
1.560876729580938912e-05
1.559895018212199814e-05
1.558917317187848492e-05
1.557941824794781895e-05
1.556966222493463093e-05
1.555995829870239638e-05
1.555025555697948025e-05
1.554056788457575951e-05
1.553089380555161084e-05
1.552123903817827512e-05
1.551158299586049834e-05
1.550192907526547822e-05
1.549231405335089773e-05
1.548272583158714059e-05
1.547316785906890520e-05
1.546363284809990689e-05
1.545411748237282375e-05
1.544461827340891364e-05
1.543513134978094313e-05
1.542564693370513550e-05
1.541619187437312294e-05
1.540680263654948325e-05
1.539741388539822537e-05
1.538802924163268403e-05
1.537864699509198686e-05
1.536927387554428787e-05
1.535991506885789627e-05
1.535057411725374149e-05
1.534127492427093796e-05
1.533195203802434944e-05
1.532263587056853057e-05
1.531336296038058979e-05
1.530412949943894444e-05
1.529492358460716241e-05
1.528570434247169646e-05
1.527650944883669041e-05
1.526732526654464673e-05
1.525818223405426306e-05
1.524910640655778558e-05
1.524010253965199768e-05
1.523111005960896748e-05
1.522221441957783786e-05
1.521331902405001229e-05
1.520444391336456384e-05
1.519558864483796772e-05
1.518681983885746011e-05
1.517808347649994784e-05
1.516942196162741119e-05
1.516079571126071502e-05
1.515221120849817010e-05
1.514370857085594280e-05
1.513527445102250432e-05
1.512678238498270328e-05
1.511830541787917892e-05
1.510982713909657873e-05
1.510137856706591422e-05
1.509292329818499662e-05
1.508450357990807916e-05
1.507612714435791436e-05
1.506771482833958881e-05
1.505932617304863233e-05
1.505087963795853542e-05
1.504242900769052672e-05
1.503398734156313556e-05
1.502554858126340216e-05
1.501709748081706232e-05
1.500864531379893091e-05
1.500018371328133487e-05
1.499173690587666418e-05
1.498326150670234033e-05
1.497476969167618262e-05
1.496630198128921649e-05
1.495786188962564956e-05
1.494941103032752134e-05
1.494098060365969024e-05
1.493255508925564810e-05
1.492415262632794582e-05
1.491577330322992436e-05
1.490738488407850767e-05
1.489904773460803554e-05
1.489074011681593058e-05
1.488250133918116522e-05
1.487422078863703088e-05
1.486598125020146341e-05
1.485776168987098165e-05
1.484957021333666800e-05
1.484137084870576228e-05
1.483318869632625951e-05
1.482500146200006771e-05
1.481682223822567557e-05
1.480864821981289549e-05
1.480044634435760818e-05
1.479230283840453377e-05
1.478416411958654217e-05
1.477607734798747520e-05
1.476797174125488892e-05
1.475986231500046387e-05
1.475189389602794790e-05
1.474392538327335347e-05
1.473599772203018912e-05
1.472806623448079939e-05
1.472011529666530320e-05
1.471220199019262901e-05
1.470427528177695409e-05
1.469632821543140042e-05
1.468843653493798948e-05
1.468057245542642542e-05
1.467269128915938724e-05
1.466476358664254524e-05
1.465685514166631341e-05
1.464897894703254705e-05
1.464113219977141653e-05
1.463323128463333195e-05
1.462533265666928505e-05
1.461741029668284671e-05
1.460947001317882730e-05
1.460152198477967943e-05
1.459357982706195634e-05
1.458561770327089141e-05
1.457766800200104944e-05
1.456975443697054658e-05
1.456182723681831194e-05
1.455390902493859236e-05
1.454602440436218383e-05
1.453815880935705146e-05
1.453032692314127321e-05
1.452249893371812779e-05
1.451469449645580248e-05
1.450690247229923264e-05
1.449915624189956678e-05
1.449143328295522033e-05
1.448376494890137989e-05
1.447612162171983799e-05
1.446849340724208028e-05
1.446086829477988809e-05
1.445321520275142732e-05
1.444553254901381704e-05
1.443786455921405809e-05
1.443023621566702246e-05
1.442261824178291783e-05
1.441501059139255491e-05
1.440740282183358066e-05
1.439978975559841265e-05
1.439217296104858040e-05
1.438455182764288969e-05
1.437695714675033729e-05
1.436933461771837828e-05
1.436172196134631070e-05
1.435413614572494634e-05
1.434656790221604997e-05
1.433899624726997470e-05
1.433143058488380911e-05
1.432390366171961953e-05
1.431638571156435370e-05
1.430889925759779655e-05
1.430142737224590358e-05
1.429396230391187757e-05
1.428651115865362098e-05
1.427904922688035062e-05
1.427158167976269049e-05
1.426410747134940028e-05
1.425664132890090679e-05
1.424917700662663974e-05
1.424173264447666842e-05
1.423430582460412188e-05
1.422688722126223316e-05
1.421946997652144228e-05
1.421206485509307107e-05
1.420466610526884985e-05
1.419728962136715992e-05
1.418992009530086020e-05
1.418255765662354170e-05
1.417519485397797672e-05
1.416784581299309347e-05
1.416050947571900980e-05
1.415318758384038949e-05
1.414587564717635122e-05
1.413857437526611355e-05
1.413129847880037869e-05
1.412403929123224724e-05
1.411679153768480771e-05
1.410955059107552103e-05
1.410231921892191204e-05
1.409512335996370970e-05
1.408793020710251325e-05
1.408074991117756947e-05
1.407358743305097939e-05
1.406642747290540139e-05
1.405927123073271679e-05
1.405212982131346251e-05
1.404498900163622213e-05
1.403785231637978768e-05
1.403073728491251909e-05
1.402365387177737226e-05
1.401659609913501463e-05
1.400953808153331550e-05
1.400249975170386048e-05
1.399546813408575521e-05
1.398841570716938043e-05
1.398139405383646707e-05
1.397437101364240606e-05
1.396734395807510100e-05
1.396032659744145050e-05
1.395331313279073372e-05
1.394631803742386025e-05
1.393932968905052987e-05
1.393238312261354427e-05
1.392543712039045305e-05
1.391852173778844981e-05
1.391160466843979255e-05
1.390469617320524755e-05
