8.502172099175457333e+03
7.829008353620212802e+03
7.829008353620212802e+03
5.945417291777555874e+03
7.409108177398476982e+03
7.344772126631272840e+03
7.007896447871089549e+03
7.679997908390822886e+03
6.948366598482652989e+03
8.152039359422510643e+03
7.535515454905816114e+03
6.834605459619774592e+03
7.027341903548829578e+03
8.131028780202241251e+03
7.346636961323401920e+03
8.019498445646890104e+03
7.154617141883628392e+03
6.660612433828538997e+03
7.740636613483938163e+03
7.926513959164810331e+03
7.360572453215910173e+03
7.778233664720098204e+03
6.423325523617882936e+03
7.060160951689616013e+03
8.325676698962557566e+03
8.018342548604376134e+03
7.749593230928008779e+03
6.764308638784239520e+03
7.390276106519670066e+03
8.136886601626763877e+03
6.774245531533996655e+03
6.332089237119839709e+03
8.492732274904092264e+03
7.570327571428664669e+03
6.795177634253905126e+03
6.645462593213139371e+03
7.641222362226752011e+03
6.896349445288067727e+03
7.968891823762684908e+03
7.991893866190334847e+03
8.194732360479329145e+03
7.549394209530546505e+03
6.673971502262103968e+03
7.033456298017669724e+03
7.210902124441770866e+03
8.686137784692678906e+03
6.519595113995722386e+03
6.249155951161570556e+03
6.714894037327413571e+03
7.109786307654944721e+03
7.162278821220396821e+03
6.771639607284385420e+03
6.862164657355233430e+03
8.055470164547612512e+03
8.492451804975946288e+03
6.971137456988959457e+03
7.055590420794940655e+03
6.551090659066892840e+03
6.805875542774563655e+03
6.990329058156043175e+03
6.379569523920611573e+03
6.778935559540958820e+03
6.561702041532083967e+03
6.784512406792608999e+03
6.398792413979874254e+03
6.758944305778853050e+03
6.706473882041605066e+03
6.436768085208746015e+03
8.247866130417614841e+03
7.994500743114400393e+03
7.162604094435077968e+03
8.120743906191144561e+03
7.512503500691846057e+03
7.970529497779287340e+03
7.543879831467855183e+03
8.266983191432516833e+03
6.424491877946165914e+03
7.067577069705688700e+03
6.584185198733248399e+03
6.339956526251919968e+03
6.256085903923178194e+03
6.883899115157750202e+03
8.482796433681400231e+03
7.799280392851327633e+03
7.566724819773614399e+03
7.073821102792739111e+03
6.554862776267102163e+03
8.005062403089783402e+03
6.972237143676348751e+03
8.141578119267817783e+03
6.767128228969335396e+03
7.125070962152634820e+03
6.587193942643322771e+03
8.175703502373434276e+03
7.009995238773444726e+03
7.331413200443176720e+03
8.713123465340824623e+03
7.644760612436667543e+03
6.943092503741921064e+03
7.025248170441546790e+03
