8.562178746640761062e+01
1.620924170314318076e+02
1.620924170314318076e+02
4.276104844834483032e+01
7.205524233879705776e+01
6.085992383849348641e+01
7.401717807388310177e+01
5.245610847438743463e+01
1.224233927383861555e+02
1.061199034450135485e+02
1.233921569208600744e+02
5.855918781736402678e+01
4.991640431298239378e+01
4.545933235292729080e+01
2.979418592772297814e+01
9.931507498567478365e+01
7.287436715195045167e+01
6.378808234036735314e+01
5.709385577568825454e+01
3.136947432244881639e+01
9.709562730774402439e+01
4.903375007448661904e+01
3.870760958197327994e+01
9.392495845508969410e+01
4.100040116961806547e+01
9.207004310529212887e+01
4.665385281929317074e+01
6.143005955157638454e+01
1.403551603599357804e+02
8.875065542606078850e+01
8.691765242285288195e+01
6.183877028925881802e+01
9.139698429393490642e+01
1.289157846221674788e+02
6.898753687602514617e+01
1.417849984031453232e+02
3.143617907075773843e+01
1.469323992394294010e+02
1.566747859011248352e+02
1.021412809838270164e+02
8.633255670799924530e+01
7.806680725838445767e+01
8.879619186141485443e+01
1.143780620648458353e+02
1.119518021671332804e+02
9.228239805502431636e+01
1.447987825344750092e+02
1.603284731858811654e+02
8.997127057387903903e+01
8.172913629831150217e+01
1.321656861375741983e+02
9.879065194271049677e+01
3.036364930092736714e+01
8.072014115637378495e+01
9.268195548315709686e+01
2.236260151667046614e+01
9.696070371945455690e+01
1.872523988188735302e+02
4.754754566526555948e+01
3.122567199198218546e+01
6.466132107704463294e+01
1.345238775019361128e+02
9.931803434666750263e+01
8.148212288480829102e+01
8.377644147693986554e+01
6.724493590196738069e+01
8.923978112273877628e+01
9.112475948512165758e+01
1.380798816262025071e+02
1.431059594397802641e+02
9.771750162997646783e+01
7.857843473816589608e+01
5.698298460038087399e+01
1.610437405461455285e+02
1.002691076869522249e+02
8.883979927238526386e+01
9.941633969813855742e+01
9.452357274240647200e+01
1.303087119410181458e+02
1.227511577290947287e+02
1.025262579235008644e+02
9.442661814568225509e+01
1.364010509901245598e+02
8.616723369780306996e+01
6.246098264318530369e+01
9.564945431643242557e+01
1.020193230234986430e+02
4.605974235486790036e+01
1.328821400941867807e+02
1.158940306525839077e+02
7.016453561475539402e+01
4.276992486907095525e+01
1.226619196697169087e+02
4.393706663793953027e+01
1.144483306788405343e+02
5.944932610700496411e+01
1.179972631762544921e+02
8.466808051030761817e+01
1.709698443926382367e+02
7.581961547359554743e+01
