5.368102275118708661e-04
4.484387017400114821e-04
3.665428152209366294e-04
3.204933883906958348e-04
2.866766882186843300e-04
3.019732915686104322e-04
4.560811999408511471e-04
6.414706881255776739e-04
7.808014194387065529e-04
8.845065916144040233e-04
9.597519305741119156e-04
1.019310236034004242e-03
1.074189280276799082e-03
1.124021958814493951e-03
1.166679446645019040e-03
1.208129824143189517e-03
1.246834352428693050e-03
1.283359880300696245e-03
1.311338126044221068e-03
1.333042512646629351e-03
1.349907284240605028e-03
1.363938544924801115e-03
1.375161960298772103e-03
1.380474065857918535e-03
1.380103683450970009e-03
1.374530454951550934e-03
1.366783733860925908e-03
1.356045093718923631e-03
1.343684385260348951e-03
1.330328885739325180e-03
1.315957877908099059e-03
1.300711594195480764e-03
1.285743915745475325e-03
1.270988369189466130e-03
1.256768321880547944e-03
1.243611855486337087e-03
1.231216641599057991e-03
1.219042060398425886e-03
1.206862967403821065e-03
1.195232629495471223e-03
1.183657581330539764e-03
1.172460642524098115e-03
1.161655408321172166e-03
1.151404882371848733e-03
1.141715672413708008e-03
1.132178772478415396e-03
1.122631594612519181e-03
1.113331878585337251e-03
1.104372495733151310e-03
1.095521040566366797e-03
1.086697067818374147e-03
1.077835381885755084e-03
1.068956183804824038e-03
1.060103058146266404e-03
1.051441378574874972e-03
1.043012365754011342e-03
1.034760369695578858e-03
1.026668467267193583e-03
1.018707845645156103e-03
1.010968029507357605e-03
1.003436908769811484e-03
9.961837681692355638e-04
9.893055008017670286e-04
9.826529901237899059e-04
9.761451862750246877e-04
9.698259470945748634e-04
9.637225832694313156e-04
9.577501498975189275e-04
9.519198822294396402e-04
9.461547661399469971e-04
9.405261611392828121e-04
9.350370241397330719e-04
9.296797428900822283e-04
9.244539345650366804e-04
9.194957483596921319e-04
9.149453929988560219e-04
9.107009484984365496e-04
9.064911490827375204e-04
9.024357992265631201e-04
8.984760604252883028e-04
8.945836309059391556e-04
8.907726059666431443e-04
8.869492450885942169e-04
8.831745481539472796e-04
8.793244356896487597e-04
8.754282974610007447e-04
8.714999549087141389e-04
8.675809121390312554e-04
8.636834181680332588e-04
8.598289818732268025e-04
8.559957068226570643e-04
8.521898214008073388e-04
8.483860734650033051e-04
8.446263193414250622e-04
8.408571637050279166e-04
8.370918127157748719e-04
8.333912108589902655e-04
8.297548654650923174e-04
8.262645175118156840e-04
8.228855259669613700e-04
8.196036046405359016e-04
8.163586387014007883e-04
8.131524001597509668e-04
8.099888757340513402e-04
8.069795152093743899e-04
8.040838655897043297e-04
8.013407720647829774e-04
7.987187908171092992e-04
7.961807125534451322e-04
7.937374503412312999e-04
7.914568821601803599e-04
7.892197665063931545e-04
7.870362193715976741e-04
7.848544791660019924e-04
7.827448502347824667e-04
7.806419989614735416e-04
7.785781234423939327e-04
7.765590887494883523e-04
7.745171182991500555e-04
7.724437186615400446e-04
7.703858515996728912e-04
7.683634108929199378e-04
7.663540581884844280e-04
7.643741410196357037e-04
7.624223830348893010e-04
7.605136596919068832e-04
7.586657500356455176e-04
7.568747186735590767e-04
7.550955453384572327e-04
7.533537303983937937e-04
7.516576784379881649e-04
7.500456819930597556e-04
7.484608413405704000e-04
7.468775474407336528e-04
7.452772111878708207e-04
7.436413846872764631e-04
7.419994740659224992e-04
7.404180365843818570e-04
7.388481637006248442e-04
7.372962972667471571e-04
7.357072872690134224e-04
7.340855620107326462e-04
7.324530779638273315e-04
7.308614876980123673e-04
7.292921014649208665e-04
7.277161313517158505e-04
7.261609371886893925e-04
7.246512263017146566e-04
7.231871190437088367e-04
7.217540759891196344e-04
7.203466848542656011e-04
7.189352225128682388e-04
7.175076142092329939e-04
7.161210595389149326e-04
7.147931594403419226e-04
7.135208197282961323e-04
7.123371860978027024e-04
7.111748899787284812e-04
7.100132716456135622e-04
7.088435578585474588e-04
7.076845361064900211e-04
7.065158005799130258e-04
7.053241638593745399e-04
7.041353311341388196e-04
7.029427268897506676e-04
7.017359477542557070e-04
7.005025727129867178e-04
6.992415630927858007e-04
6.979730717797032278e-04
6.967198692757163450e-04
6.954921956515652901e-04
6.942751163636436042e-04
6.930682691280741275e-04
6.918154146446540368e-04
6.905540594786646310e-04
6.893010775274625510e-04
6.880710332106653978e-04
6.868503856218448117e-04
6.856789793894661235e-04
6.845400708026728358e-04
6.833991014493754918e-04
6.822685068567563077e-04
6.811321482540480185e-04
6.799951881127794468e-04
6.788842480963394122e-04
6.777826901555136134e-04
6.767161839729624647e-04
6.756667533079675509e-04
6.746319033986437333e-04
6.736227851430986709e-04
6.726401426835412626e-04
6.716639188323390679e-04
6.706825228602799477e-04
6.697289414519646406e-04
6.688168699121917887e-04
6.679630772173996171e-04
6.671926327266488981e-04
6.664853497160545901e-04
6.658340406156132169e-04
6.652378770402140543e-04
6.646491726436139355e-04
6.640911292852678298e-04
6.635765952557776430e-04
6.630962821334924128e-04
6.626143271540167225e-04
6.621337775922446879e-04
6.616422812972241668e-04
6.611626053111031853e-04
6.606965522424358131e-04
6.602334015456180240e-04
6.597762792628990942e-04
6.593353226742305851e-04
6.589014839632041870e-04
6.584756244833009538e-04
6.580644303764735881e-04
6.576809548091797509e-04
6.572762769906133210e-04
6.568504367653773927e-04
6.564084719099071282e-04
6.559599419516683703e-04
6.555180946348480343e-04
6.551027217058775316e-04
6.547385111506004484e-04
6.544232737159545298e-04
6.541550281973881236e-04
6.539309170746725446e-04
6.537295999222577335e-04
6.535106927385748868e-04
6.532773057879734608e-04
6.530254235955451451e-04
6.527527820797268676e-04
6.524505054543608233e-04
6.521217274297714476e-04
6.517647125589780656e-04
6.514000879379272350e-04
6.509986697023572265e-04
6.505694489282905224e-04
6.501082132629943311e-04
6.496144103204057633e-04
6.491045874443064807e-04
6.486015934504029204e-04
6.481133928102640997e-04
6.476418054440589035e-04
6.471757701462427280e-04
6.467064538014282229e-04
6.462419045453499534e-04
6.457837043408489169e-04
6.453360049510309480e-04
6.448881432879951126e-04
6.444467034123221123e-04
6.440040129864700764e-04
6.435415344683649346e-04
6.430756142878072583e-04
6.425972213397169140e-04
6.421106880119955640e-04
6.416282031201029756e-04
6.411517963803041106e-04
6.406833567274589514e-04
6.402270061376083739e-04
6.397910446562175401e-04
6.393815437194372677e-04
6.389743413461456290e-04
6.385648790921788194e-04
6.381436949266617665e-04
6.377119380061865113e-04
6.372632510363525132e-04
6.367944187285580005e-04
6.363154704731264219e-04
6.358309264712381495e-04
6.353532205777639129e-04
6.348794863164795767e-04
6.344081037110737339e-04
6.339461307478621134e-04
6.334914278522978852e-04
6.330339015862072437e-04
6.325728894333987589e-04
6.321018194614484980e-04
6.316295505813795128e-04
6.311497112927325157e-04
6.306520005145426107e-04
6.301490090321126098e-04
6.296351790560189522e-04
6.291128758060712508e-04
6.285905496159079585e-04
6.280642865290023569e-04
6.275301479398851185e-04
6.269861822495027652e-04
6.264345498242403221e-04
6.258908260113216649e-04
6.253696434722445319e-04
6.248589958720991407e-04
6.243699189374584064e-04
6.238810525549792069e-04
6.233898791582014433e-04
6.228974172636349629e-04
6.224165850907101326e-04
6.219486366413483520e-04
6.214877344501297226e-04
6.210267417282929348e-04
6.205705375731950272e-04
6.201272680866690146e-04
6.196964048154305097e-04
6.192926711175917491e-04
6.189101070252176493e-04
6.185415313793893961e-04
6.181877661996285599e-04
6.178364777594864575e-04
6.174806363040134978e-04
6.171270069011751359e-04
6.167865802090756900e-04
6.164487872784965355e-04
6.161110173167288042e-04
6.157937377814121397e-04
6.155022530251421558e-04
6.152276724372823802e-04
6.149597491646769006e-04
6.146937461111595408e-04
6.144289684098089201e-04
6.141737324155934277e-04
6.139308120120627859e-04
6.136923244378876801e-04
6.134496340896079293e-04
6.132218899014134665e-04
6.130074258341312431e-04
6.128075753407969664e-04
6.126257686629591262e-04
6.124613975936652561e-04
6.123212843796455723e-04
6.121889363708248998e-04
6.120602340957380112e-04
6.119272312653259655e-04
6.117911504831370032e-04
6.116611275044115401e-04
6.115385199256773933e-04
6.114328579606616862e-04
6.113388269923436449e-04
6.112579941545025685e-04
6.111876104854411856e-04
6.111459322315949830e-04
6.111366670528825193e-04
6.111470228207266809e-04
6.111752158022944800e-04
6.112033372054926370e-04
6.112217948163222499e-04
6.112303043188455553e-04
6.112343675196496920e-04
6.112353371808953040e-04
6.112230187150108091e-04
6.112071881324444150e-04
6.111943044128560504e-04
6.111721123747784236e-04
6.111397654143101849e-04
6.111051089583819469e-04
6.110744729651376196e-04
6.110449785360543094e-04
6.110150450172563245e-04
6.109942748552502252e-04
6.109798350486289782e-04
6.109729753593880815e-04
6.109639446259978231e-04
6.109653152066822504e-04
6.109759766386690634e-04
6.109942093475202339e-04
6.110201284198502622e-04
6.110520507345996305e-04
6.110919212881831333e-04
6.111346255099474887e-04
6.111671908286800316e-04
6.111952510775730445e-04
6.112152027359623718e-04
6.112216934755305888e-04
6.112233418954834269e-04
6.112201996559525705e-04
6.112105552825920947e-04
6.111998537559293300e-04
6.111997704714621166e-04
6.112007159131620888e-04
6.111994426067405249e-04
6.111994007615914343e-04
6.111990599394137710e-04
6.111970143930566890e-04
6.111905420378580195e-04
6.111837520394831566e-04
6.111745944894801316e-04
6.111748291378869564e-04
6.111765744438681829e-04
6.111795868731500093e-04
6.111811744651211983e-04
6.111796715353451240e-04
6.111850370060135798e-04
6.111943200816427396e-04
6.112135047154290549e-04
6.112386642515663538e-04
6.112670644499487152e-04
6.112921229730221067e-04
6.113178972461010951e-04
6.113422075471531452e-04
6.113729381100586023e-04
6.114098379827096310e-04
6.114524308024332907e-04
6.114991177994275962e-04
6.115522019898348132e-04
6.116110121149604794e-04
6.116850810002335886e-04
6.117857253500967162e-04
6.119058305198062922e-04
6.120523871091359527e-04
6.122239436560421516e-04
6.124251978605296017e-04
6.126431631241301525e-04
6.128659400833477364e-04
6.130950137730645276e-04
6.133348084999965455e-04
6.135772341375915007e-04
6.138244786720556704e-04
6.140628218578255727e-04
6.142876212959866994e-04
6.145004598588178291e-04
6.147067294019785064e-04
6.149069448850638794e-04
6.150963183226961992e-04
6.152814670040409814e-04
6.154587597020472981e-04
6.156325174792127639e-04
6.158069846957889846e-04
6.159772183271371594e-04
6.161418300066944052e-04
6.162928659004534996e-04
6.164355342742010822e-04
6.165695432424989162e-04
6.166996322349230101e-04
6.168336515825700254e-04
6.169669489472471039e-04
6.170973377814729759e-04
6.172287421840876726e-04
6.173684698178631908e-04
6.175113979325358307e-04
6.176582441306231481e-04
6.178092072401397423e-04
6.179574362739025627e-04
6.181037973416622601e-04
6.182518417899700866e-04
6.184025795576722452e-04
6.185476747686034045e-04
6.186910998670414920e-04
6.188367245940062109e-04
6.189756201750244149e-04
6.191053319961832601e-04
6.192333894179056488e-04
6.193645621107256565e-04
6.194922954067195097e-04
6.196134853264194386e-04
6.197312670763060506e-04
6.198440307986306103e-04
6.199541358335854081e-04
6.200665379291270870e-04
6.201762233345346287e-04
6.202802386156338341e-04
6.203793361055950743e-04
6.204730291502002322e-04
6.205614564081835417e-04
6.206473738422896942e-04
6.207340711364765480e-04
6.208221763045830609e-04
6.209094374486152012e-04
6.209939097349761756e-04
6.210762823933231635e-04
6.211569226355686266e-04
6.212347191881827709e-04
6.213059467562899582e-04
6.213698721360060798e-04
6.214225282481567521e-04
6.214728217292479892e-04
6.215273037693157731e-04
6.215814207482631181e-04
6.216359158994729569e-04
6.216915101547586687e-04
6.217482740148241611e-04
6.217991096687487196e-04
6.218420022013529782e-04
6.218845933359106338e-04
6.219279379598873685e-04
6.219692507611026318e-04
6.220074477759836599e-04
6.220394412166497080e-04
6.220652928029284838e-04
6.220855612436747761e-04
6.220990546466068820e-04
6.221072349914056731e-04
6.221122013177645110e-04
6.221115716431109468e-04
6.221093460789922083e-04
6.221106455288741071e-04
6.221161181187172045e-04
6.221179696214988080e-04
6.221126273382796001e-04
6.221043508363969946e-04
6.220941303536808766e-04
6.220780022610868012e-04
6.220557360803615323e-04
6.220319005438254860e-04
6.220114915154181063e-04
6.219982185747321155e-04
6.219820551887351827e-04
6.219697940490160953e-04
6.219595131638399254e-04
6.219508145460551918e-04
6.219428717931133966e-04
6.219373500369608206e-04
6.219301613243861720e-04
6.219324747051293255e-04
6.219436995632293035e-04
6.219561394963466633e-04
6.219679039367600418e-04
6.219775501750092949e-04
6.219854489475056111e-04
6.219887194761853028e-04
6.219912318368406474e-04
6.219886846393902873e-04
6.219835465254753724e-04
6.219711549780130872e-04
6.219521955839512131e-04
6.219317560073730697e-04
6.219121019474187868e-04
6.218921563027469783e-04
6.218672809160047735e-04
6.218341110032320337e-04
6.217946938903569061e-04
6.217439679401370184e-04
6.216859435334337516e-04
6.216205815013971930e-04
6.215486120341255074e-04
6.214735443874322592e-04
6.213953980189168254e-04
6.213140764819839214e-04
6.212303195995082759e-04
6.211433208075497949e-04
6.210555240856725605e-04
6.209649190628512136e-04
6.208718616322801177e-04
6.207717440755553982e-04
6.206667152421367541e-04
6.205620449393895160e-04
6.204535641942640926e-04
6.203406636673773882e-04
6.202208230249431136e-04
6.200973878750650837e-04
6.199773751195845548e-04
6.198622451229450492e-04
6.197455778337539320e-04
6.196318244926976842e-04
6.195205480611328582e-04
6.194142349491098525e-04
6.193091785862319190e-04
6.192031113807296453e-04
6.190946723513621316e-04
6.189842446537211591e-04
6.188753224122675242e-04
6.187695590625445470e-04
6.186727740203135702e-04
6.185884988405433021e-04
6.185126498583726163e-04
6.184456739567063257e-04
6.183811675649831434e-04
6.183194877193527381e-04
6.182618194742102186e-04
6.182045848930278016e-04
6.181510293491579216e-04
6.181020044954755373e-04
6.180590948449905982e-04
6.180248146736485324e-04
6.179959533293741909e-04
6.179721326555157480e-04
6.179512682587458847e-04
6.179319364268360875e-04
6.179165611158485933e-04
6.179012974037549621e-04
6.178865522017590360e-04
6.178756849795642150e-04
6.178691691031582911e-04
6.178690711219867208e-04
6.178766525168642764e-04
6.178859263563023056e-04
6.178985721098189093e-04
6.179092338814338959e-04
6.179151768747156341e-04
6.179166121559130209e-04
6.179163378082432219e-04
6.179165651432838796e-04
6.179169132350394947e-04
6.179181687360080916e-04
6.179247754447904665e-04
6.179341275335239938e-04
6.179455265740785644e-04
6.179587684983850948e-04
6.179757418967438999e-04
6.179929926470633305e-04
6.180096114481044810e-04
6.180226560233778458e-04
6.180299184908939931e-04
6.180318958683812206e-04
6.180276928130689013e-04
6.180166569148341478e-04
6.179967540653852169e-04
6.179691467134536742e-04
6.179338111082657110e-04
6.178890809187472270e-04
6.178348458311042068e-04
6.177741974130729471e-04
6.177127898188578556e-04
6.176513773628567686e-04
6.175878397977103843e-04
6.175230785737979974e-04
6.174568324132891821e-04
6.173870341477956511e-04
6.173142483563791826e-04
6.172415063026378710e-04
6.171691824233074570e-04
6.170957033030284589e-04
6.170239110564629823e-04
6.169515413792187129e-04
6.168729759588378056e-04
6.167869842119385378e-04
6.166975273058256666e-04
6.166043432051278176e-04
6.165081601120149957e-04
6.164073173048481092e-04
6.162997207487272509e-04
6.161854015452111408e-04
6.160633059457337269e-04
6.159363590183309940e-04
6.158064029038171809e-04
6.156761148177233682e-04
6.155443033197687029e-04
6.154110942075926346e-04
6.152749717633843518e-04
6.151385240996141762e-04
6.150044706038267908e-04
6.148720538796758174e-04
6.147415711725586060e-04
6.146108853077594195e-04
6.144804054530498627e-04
6.143516058624065362e-04
6.142250208760028935e-04
6.140997105387789676e-04
6.139736884500125724e-04
6.138500529467108037e-04
6.137246271311169558e-04
6.135983232378223887e-04
6.134741620478501023e-04
6.133542846135264142e-04
6.132375278604043503e-04
6.131231502388726981e-04
6.130119915983502001e-04
6.129034336154993382e-04
6.127932495389468376e-04
6.126845534303747200e-04
6.125813127680912202e-04
6.124833026402858082e-04
6.123895983083793701e-04
6.122992278410101241e-04
6.122146925966807755e-04
6.121337980940052192e-04
6.120547112181586990e-04
6.119786196514692429e-04
6.119032593170064659e-04
6.118276261405892558e-04
6.117493137175895315e-04
6.116682730092479117e-04
6.115862125891637297e-04
6.115040203385155044e-04
6.114203048170664418e-04
6.113361450098983791e-04
6.112539174961396883e-04
6.111716910868914693e-04
6.110872589302083959e-04
6.110003995005988328e-04
6.109161793774754148e-04
6.108318057830151209e-04
6.107520661615921517e-04
6.106754769346635055e-04
6.106027073543856968e-04
6.105340306283011439e-04
6.104670800753511433e-04
6.104034207909365224e-04
6.103463043030714569e-04
6.102937265586275313e-04
6.102411632625106891e-04
6.101870092711107795e-04
6.101302575122429352e-04
6.100695930169509505e-04
6.100056953273974916e-04
6.099434466466619820e-04
6.098837870208027780e-04
6.098256659813577722e-04
6.097713350322944963e-04
6.097188486458355499e-04
6.096664776177628583e-04
6.096160887584168480e-04
6.095688286094655493e-04
6.095243733291254946e-04
6.094823612059440104e-04
6.094422027877711371e-04
6.094006529669556381e-04
6.093605151392038431e-04
6.093219984592715497e-04
6.092806741083497827e-04
6.092360784681936188e-04
6.091903343889551242e-04
6.091432192106505323e-04
6.090939679154593750e-04
6.090453050091388298e-04
6.089970058092606352e-04
6.089472851127658440e-04
6.088945278283345490e-04
6.088401476201520286e-04
6.087837755019211454e-04
6.087232467094023979e-04
6.086629439223798692e-04
6.086059664412078957e-04
6.085527309565737491e-04
6.085031552689164694e-04
6.084590591356040705e-04
6.084225927825509745e-04
6.083927647873062098e-04
6.083704989051522214e-04
6.083516414021049616e-04
6.083386521852593995e-04
6.083309938847284489e-04
6.083268814190660604e-04
6.083248553757561591e-04
6.083281376502195584e-04
6.083373649324852993e-04
6.083512655664458178e-04
6.083699772867798110e-04
6.083886704091086154e-04
6.084084589092973424e-04
6.084313910182038076e-04
6.084543703571640167e-04
6.084799059590452908e-04
6.085046761755751130e-04
6.085291373058327336e-04
6.085576231836403466e-04
6.085895238930634629e-04
6.086235061024128845e-04
6.086557858715544020e-04
6.086867619085490483e-04
6.087146525503289848e-04
6.087401136770985259e-04
6.087623280615296530e-04
6.087833432550443990e-04
6.088035501650425297e-04
6.088226438984321517e-04
6.088409888062565247e-04
6.088558150196032902e-04
6.088676601289636685e-04
6.088760349181190175e-04
6.088830195518273383e-04
6.088907912565955701e-04
6.088980997783818155e-04
6.089039794562369759e-04
6.089069918153160611e-04
6.089111031270719437e-04
6.089169443406165913e-04
6.089208174228793752e-04
6.089245445729676116e-04
6.089272482642011817e-04
6.089298973079975688e-04
6.089334071993941907e-04
6.089401566934757749e-04
6.089495355163838551e-04
6.089597676744369940e-04
6.089701497067384530e-04
6.089822009153389362e-04
6.089931973650744264e-04
6.090028357185119524e-04
6.090089327295840739e-04
6.090094447025590479e-04
6.090039738988947942e-04
6.089956846240163115e-04
6.089865025218064477e-04
6.089767291965850638e-04
6.089671293093799074e-04
6.089536800754898147e-04
6.089356315005874012e-04
6.089126692020315444e-04
6.088854680406604637e-04
6.088545673574149910e-04
6.088211233225428827e-04
6.087863015123862881e-04
6.087485283534910512e-04
6.087078288007889562e-04
6.086666670784978035e-04
6.086236716444636550e-04
6.085809093678326131e-04
6.085393469314358999e-04
6.084979111045485216e-04
6.084590378670431563e-04
6.084218251603702027e-04
6.083853902550993105e-04
6.083520169508782474e-04
6.083201999543519888e-04
6.082910389718722321e-04
6.082634616480417887e-04
6.082356270497641564e-04
6.082070459677531900e-04
6.081768011782926397e-04
6.081428948077539269e-04
6.081058908889449242e-04
6.080657965813389496e-04
6.080226834517523868e-04
6.079776726259744461e-04
6.079306228785626544e-04
6.078811391532261627e-04
6.078288922975853565e-04
6.077761258695843711e-04
6.077236382187393678e-04
6.076706360640287460e-04
6.076184006954736365e-04
6.075677374302079813e-04
6.075193802452617592e-04
6.074727755659763096e-04
6.074262981013186895e-04
6.073793690739892658e-04
6.073314677060845986e-04
6.072831432150416252e-04
6.072356364950951511e-04
6.071903903501118995e-04
6.071487263620972685e-04
6.071078340240416288e-04
6.070687868339204969e-04
6.070300497309537779e-04
6.069918230224749089e-04
6.069525814213416401e-04
6.069131347979881417e-04
6.068732201862771583e-04
6.068312137453478689e-04
6.067870303405047561e-04
6.067429925243917341e-04
6.066985468562986587e-04
6.066514765552318434e-04
6.066017861356835838e-04
6.065525054608179520e-04
6.065031512135135973e-04
6.064546345583981006e-04
6.064087892942176703e-04
6.063664735713288545e-04
6.063261818997139549e-04
6.062842150956781508e-04
6.062412852653554845e-04
6.061971657338822896e-04
6.061523139355805409e-04
6.061058403545383551e-04
6.060581833961037812e-04
6.060098907981044608e-04
6.059618237606927095e-04
6.059148595857082086e-04
6.058674243210848383e-04
6.058212827232640563e-04
6.057776457420156833e-04
6.057336243431554182e-04
6.056886947692414385e-04
6.056448411819779316e-04
6.056010280384568553e-04
6.055574792197512867e-04
6.055136649352979182e-04
6.054695544634723951e-04
6.054255381558966203e-04
6.053806315637515808e-04
6.053357051048816311e-04
6.052930396704519480e-04
6.052512024604054380e-04
6.052098174769436666e-04
6.051682676984582393e-04
6.051288458850638411e-04
6.050902676231267527e-04
6.050520967870416178e-04
6.050141546407432087e-04
6.049777240017069260e-04
6.049427158539801746e-04
6.049089280660898283e-04
6.048794260154537151e-04
6.048512941555021479e-04
6.048238392071887595e-04
6.047983480679121988e-04
6.047765935419647208e-04
6.047577004592201780e-04
6.047411888618375213e-04
6.047249987327772041e-04
6.047102886100495442e-04
6.046940183934841314e-04
6.046772199681312455e-04
6.046600410465728529e-04
6.046439119641677882e-04
6.046260382882996491e-04
6.046060685232342241e-04
6.045847556904816776e-04
6.045593111600349769e-04
6.045294740656729192e-04
6.044960697248596146e-04
6.044611745890189538e-04
6.044272603098984654e-04
6.043948728273729459e-04
6.043631650312847672e-04
6.043306053521491951e-04
6.042995624567264667e-04
6.042704355814662543e-04
6.042419070026717976e-04
6.042126797939619204e-04
6.041849195115704153e-04
6.041614953721449743e-04
6.041401350830100710e-04
6.041206009445221001e-04
6.041022895173805800e-04
6.040862535967834275e-04
6.040734779120891362e-04
6.040646896725110175e-04
6.040584945164208502e-04
6.040541022394981452e-04
6.040500809581564844e-04
6.040457571733820388e-04
6.040444876915636524e-04
6.040466536546833416e-04
6.040533183019995700e-04
6.040644928052181506e-04
6.040775682100047199e-04
6.040903153948544912e-04
6.041036884501143397e-04
6.041180552954427633e-04
6.041327364609220402e-04
6.041464044684759227e-04
6.041575794135928658e-04
6.041668079993634368e-04
6.041743209965987332e-04
6.041813642986504579e-04
6.041871490000793720e-04
6.041932936544437997e-04
6.041987653721065310e-04
6.042038066173042966e-04
6.042106339084502443e-04
6.042180091437685408e-04
6.042265080804331114e-04
6.042360330668031677e-04
6.042462197342099006e-04
6.042559869965045396e-04
6.042656386712575789e-04
6.042759868859130887e-04
6.042883660812628770e-04
6.043035560989192369e-04
6.043201391155026336e-04
6.043366560023003551e-04
6.043539617513134276e-04
6.043722458148545213e-04
6.043920220358479011e-04
6.044114172345868433e-04
6.044306698868590760e-04
6.044498946589213408e-04
6.044690075102673128e-04
6.044883398870390086e-04
6.045074321128435582e-04
6.045270934914571915e-04
6.045473295853441347e-04
6.045661213276957860e-04
6.045838576534709290e-04
6.046014449311335696e-04
6.046191127108450306e-04
6.046370125951469219e-04
6.046552743361780727e-04
6.046729154077012469e-04
6.046896088098371218e-04
6.047058581428204531e-04
6.047226451731267573e-04
6.047397145680435959e-04
6.047554998681469894e-04
6.047682701622539986e-04
6.047789772299195328e-04
6.047881875635046419e-04
6.047955877325448008e-04
6.048025818565066483e-04
6.048094892230563690e-04
6.048160729584829958e-04
6.048199151314808319e-04
6.048218046401512360e-04
6.048209499620392070e-04
6.048174272800988958e-04
6.048130352901292693e-04
6.048077129209957414e-04
6.047998770577152393e-04
6.047919418743799526e-04
6.047816351114485489e-04
6.047693041450486742e-04
6.047548161946813845e-04
6.047390790688226409e-04
6.047239108366175451e-04
6.047114800288563635e-04
6.047022021097183233e-04
6.046936380468220882e-04
6.046853234659473747e-04
6.046771909453635494e-04
6.046691967910237508e-04
