2.921744429550104244e-04
3.348337811443149602e-04
2.834342569184740142e-04
2.683454904554741596e-04
2.411287500783308941e-04
2.210702259860753891e-04
2.061638999916929444e-04
1.933055579973044563e-04
1.835662182969216062e-04
1.776522759154139559e-04
1.730479098999104478e-04
1.670693284021645888e-04
1.638680860175690548e-04
1.593389385545195013e-04
1.560536569119079725e-04
1.512485697688830202e-04
1.470476193999813955e-04
1.433471221578804585e-04
1.411662455771024326e-04
1.389534319601287541e-04
1.367693664045161752e-04
1.347740395142729241e-04
1.332663755027361856e-04
1.319993818189027425e-04
1.312824167785471476e-04
1.307515368394974932e-04
1.304309645914253802e-04
1.300442256880290329e-04
1.290664097725200614e-04
1.282338993019017221e-04
1.273087123647295097e-04
1.266959169717797227e-04
1.270662655256486208e-04
1.265031366607257096e-04
1.267651949001995324e-04
1.267873091475129048e-04
1.265690440625581682e-04
1.260112341232905349e-04
1.255669144560375553e-04
1.248154852000298563e-04
1.237360518291134794e-04
1.226008482164342363e-04
1.213595483451372425e-04
1.201600982292519502e-04
1.190802318956740279e-04
1.180186445026849389e-04
1.170259354434651189e-04
1.161369837023451540e-04
1.151849479805391337e-04
1.143406977226347609e-04
1.135009714113258437e-04
1.126630751383712620e-04
1.118134758350818622e-04
1.109671184041645484e-04
1.101480270833382066e-04
1.093628548564624876e-04
1.086563534538245019e-04
1.078785018627132110e-04
1.072524873570324116e-04
1.066375214731500641e-04
1.059926953392335499e-04
1.054697148876852797e-04
1.049540970333650653e-04
1.044520171545906367e-04
1.040043968175793947e-04
1.035968490168926945e-04
1.031382865642046040e-04
1.027766076790963398e-04
1.023529119318779376e-04
1.018648138541461027e-04
1.014277591663604889e-04
1.009625116931301146e-04
1.006108147592366141e-04
1.001852499123854270e-04
9.977398534506217072e-05
9.932174986540365073e-05
9.885014907948656599e-05
9.837147417159898229e-05
9.789832888669094252e-05
9.747431763121720849e-05
9.708000408634892033e-05
9.673081279791332884e-05
9.634576740666146472e-05
9.603158888483143108e-05
9.570938017900241645e-05
9.537502833014979101e-05
9.501662452140746142e-05
9.468201309213260177e-05
9.434600289395742034e-05
9.397472954910963266e-05
9.355688854816399818e-05
9.314679082996101173e-05
9.275141940578731476e-05
9.233213263883331679e-05
9.192852068364358554e-05
9.151105872990415778e-05
9.109703154512133151e-05
9.066769232679225410e-05
9.026508230276997701e-05
8.984718695714150884e-05
8.942988450840995635e-05
8.901472913741358519e-05
8.860593808897444356e-05
8.818949947936032972e-05
8.778893888655963772e-05
8.741912507888158950e-05
8.704930225340695423e-05
8.669686127569949357e-05
8.634527206007825621e-05
8.598904105170633854e-05
8.564534431607039012e-05
8.529395211715277687e-05
8.494952330520915925e-05
8.459699629951633116e-05
8.425918979944481803e-05
8.391548683358394261e-05
8.358128585960402528e-05
8.324381195174253767e-05
8.290964606356378741e-05
8.257429841246854941e-05
8.224405268926262831e-05
8.193081655995907721e-05
8.161485625584729425e-05
8.128726696261666829e-05
8.096153113063885921e-05
8.063961775467283998e-05
8.032349485574917503e-05
8.000960630634616571e-05
7.969903312484445787e-05
7.939200493526826004e-05
7.909008341444659091e-05
7.879165952420568667e-05
7.849525722323244612e-05
7.820259214607511481e-05
7.791267620552142273e-05
7.762616812565236194e-05
7.734325597245698383e-05
7.706495436828771886e-05
7.679048928612844719e-05
7.651765214839936899e-05
7.624832839206747829e-05
7.598252072488713817e-05
7.572261819712969484e-05
7.546370889790403411e-05
7.520859496208909213e-05
7.495499762411015373e-05
7.470591917623795530e-05
7.445968333522137445e-05
7.421513138822272333e-05
7.396953047546781564e-05
7.373440586044697131e-05
7.349590447922217792e-05
7.326406506390047016e-05
7.303434156592286317e-05
7.280886508145921043e-05
7.258084304665634234e-05
7.235266452422202746e-05
7.213425076064165959e-05
7.191340531231470384e-05
7.169277474148607037e-05
7.147169612686267697e-05
7.125139873086981353e-05
7.103249993308389707e-05
7.081651736792658411e-05
7.060244828790991211e-05
7.038970946397389030e-05
7.017911399402116572e-05
6.997168776544135751e-05
6.976915847468346513e-05
6.957008078789605305e-05
6.936683834229913142e-05
6.916547051467764073e-05
6.896807019481155971e-05
6.877399182241659558e-05
6.858417349340069575e-05
6.839604823902657033e-05
6.820544865447793724e-05
6.801913060512551059e-05
6.783390442146374562e-05
6.765089819978954699e-05
6.746600850759689697e-05
6.728338345969565003e-05
6.710767671328169023e-05
6.693324618582907832e-05
6.676073699829831814e-05
6.659426038485417409e-05
6.642433576104320875e-05
6.625645120116300418e-05
6.609284517141922268e-05
6.592879088240818464e-05
6.576401349458359984e-05
6.560076418702408057e-05
6.543740254866813619e-05
6.527474667979198336e-05
6.511293921074606426e-05
6.495944724359870883e-05
6.481113632667886819e-05
6.466429967944054057e-05
6.452152383952222995e-05
6.438098484097144595e-05
6.423618803217391007e-05
6.409438647458665398e-05
6.395345055443046401e-05
6.382221376701713539e-05
6.369341443967711759e-05
6.355978573314149331e-05
6.342931240865967040e-05
6.329767906607583201e-05
6.316533397919658910e-05
6.304294954280440801e-05
6.293313937827072705e-05
6.283260101138101405e-05
6.272637314485886566e-05
6.263186982743419154e-05
6.255393136786094972e-05
6.247159032556130710e-05
6.238585269689882781e-05
6.229605137814403645e-05
6.220465865896977547e-05
6.212039575691807630e-05
6.202640872595912994e-05
6.192907903153241312e-05
6.183484069690513502e-05
6.174368695665922232e-05
6.165014977310720001e-05
6.156295534992208733e-05
6.147677333334751937e-05
6.139058264346526031e-05
6.129678749944025503e-05
6.120598452599961947e-05
6.111671132997745356e-05
6.103193520284818540e-05
6.094272466059037118e-05
6.085264729393137230e-05
6.076230351296307239e-05
6.067449280942876507e-05
6.057603344290340541e-05
6.047423934885095078e-05
6.037887880885205492e-05
6.027851523237920986e-05
6.017567931475595555e-05
6.007527448295661715e-05
5.996999224901825552e-05
5.987163637392744098e-05
5.977503940344384205e-05
5.967284570391165235e-05
5.957688134865363173e-05
5.947751121181010006e-05
5.937700742350581797e-05
5.927930935839003957e-05
5.917897010291155033e-05
5.908100873227640945e-05
5.898592823818605483e-05
5.889383286018008039e-05
5.880161111141454615e-05
5.870758141351038007e-05
5.861515850659336269e-05
5.852439159185212237e-05
5.843134284398532845e-05
5.833604021717221519e-05
5.824285787919689572e-05
5.814748379173105927e-05
5.805159340469148401e-05
5.795522672690118642e-05
5.785899698280060429e-05
5.776479309786269065e-05
5.767246845515183924e-05
5.757856254971991788e-05
5.748597236382661232e-05
5.739272269997619329e-05
5.729998365286426821e-05
5.720361111937397860e-05
5.710893775746009998e-05
5.701534337551872865e-05
5.692033655981939221e-05
5.682684342283447700e-05
5.673383018934274744e-05
5.663961545523490303e-05
5.654654609330157084e-05
5.645544938910442077e-05
5.636330346393122543e-05
5.627263724968964794e-05
5.618216762379692132e-05
5.609280385463292758e-05
5.600128060023316809e-05
5.590993579887451012e-05
5.582268920423099376e-05
5.573709154282762443e-05
5.565494249476245746e-05
5.557357743266191859e-05
5.549471752406114349e-05
5.541239354699974791e-05
5.533615536704069833e-05
5.526139456420589102e-05
5.518672037239331159e-05
5.510761829154132378e-05
5.503363456529571546e-05
5.496070253864208417e-05
5.488838533990926679e-05
5.481928707045177215e-05
5.475089130129901118e-05
5.468684084911604084e-05
5.462323588351024984e-05
5.455852483320756892e-05
5.449707056453231607e-05
5.443587389267603370e-05
5.437392412752515067e-05
5.431239198641679336e-05
5.425242653973888106e-05
5.419423257927000783e-05
5.413470593832648588e-05
5.407318382396732810e-05
5.401522990814361321e-05
5.395772627702742229e-05
5.389891123771862097e-05
5.383909187012659545e-05
5.377912579845241258e-05
5.371791406095993910e-05
5.365729025366934373e-05
5.359349063278808639e-05
5.353094948352225959e-05
5.346765965675225155e-05
5.340899499232291627e-05
5.334856441926006629e-05
5.328621186168457921e-05
5.322865905266762975e-05
5.317156144070369126e-05
5.311563692054771800e-05
5.306098298601450943e-05
5.300605697771583333e-05
5.295046524515258351e-05
5.289307564346144830e-05
5.283834808187147037e-05
5.278351476560480911e-05
5.272605675103470148e-05
5.266637557084377310e-05
5.260666106017389038e-05
5.254899346285687349e-05
5.249267930056635716e-05
5.243630829298906232e-05
5.238423053062425167e-05
5.233287578122022192e-05
5.228382069716279711e-05
5.223629934002532087e-05
5.218893848909883471e-05
5.214352889511280367e-05
5.209769587443871243e-05
5.205582440019204877e-05
5.201533929224796602e-05
5.197539843617348195e-05
5.194106881211015382e-05
5.190693274545485570e-05
5.187414298166186837e-05
5.184353613324738081e-05
5.181055237877260563e-05
5.177933651891984690e-05
5.174610591146453056e-05
5.171180142722379237e-05
5.167126680850237538e-05
5.163190448825432803e-05
5.158904584430596871e-05
5.154548904755784351e-05
5.150188313418929985e-05
5.146042156613879395e-05
5.141603367464950519e-05
5.137491970728082577e-05
5.132759719932676601e-05
5.128290047038608959e-05
5.123574293947792284e-05
5.119000360178471265e-05
5.114300713076338844e-05
5.109467503827380935e-05
5.104521976448273820e-05
5.099657754565879676e-05
5.094984191166910663e-05
5.090518255159473234e-05
5.086189790937791980e-05
5.082188544442515772e-05
5.078027347321040431e-05
5.073873492747936839e-05
5.070036593418257229e-05
5.066137016055307626e-05
5.062125946563363228e-05
5.058087108669581726e-05
5.053821790634177059e-05
5.049449274910036050e-05
5.045149079737141470e-05
5.040743783500802955e-05
5.036458292422396740e-05
5.032100144546234943e-05
5.027940053754475889e-05
5.023850989137706834e-05
5.019653177570161028e-05
5.015823636594153893e-05
5.012189645336334755e-05
5.008524653349878089e-05
5.005032165233268173e-05
5.001254589869856120e-05
4.997491190648538172e-05
4.993767344112180350e-05
4.989855654779560396e-05
4.985776009538294990e-05
4.981679324077108851e-05
4.977811183774538727e-05
4.974062970295069349e-05
4.970148079744620572e-05
4.966255064994396352e-05
4.962336349064151253e-05
4.958509866200510024e-05
4.954757187055755307e-05
4.951247863378429551e-05
4.947722567877024829e-05
4.943958022326398548e-05
4.940476134095298573e-05
4.936923704059184776e-05
4.933275863094067475e-05
4.929506799649079079e-05
4.925756009949797679e-05
4.921984516303344143e-05
4.918286113437811077e-05
4.914495362473034559e-05
4.910726853605755602e-05
4.906979062095765981e-05
4.903225560606729158e-05
4.899510328888491948e-05
4.895585780034823748e-05
4.891767254787207517e-05
4.887801646085411863e-05
4.883786012155077902e-05
4.879897237643311886e-05
4.875959679431725774e-05
4.872006332395397815e-05
4.868042081923734123e-05
4.864041725307422296e-05
4.860062901920979533e-05
4.855784148717952754e-05
4.851620438532162932e-05
4.847584802652172534e-05
4.843550602734060105e-05
4.839420009941469670e-05
4.835388817140515876e-05
4.831345298234475248e-05
4.827148487016630113e-05
4.823060097860616501e-05
4.819014656202054030e-05
4.814933453481098159e-05
4.810604663976362832e-05
4.806380838310104266e-05
4.802083625705668254e-05
4.797853690192947779e-05
4.793575725658472987e-05
4.789380304582239567e-05
4.785140482518667826e-05
4.780857060550247769e-05
4.776536484318006200e-05
4.772346140580290528e-05
4.768020206707121645e-05
4.763750116283882669e-05
4.759342760764700080e-05
4.754981940369567428e-05
4.750751805076990260e-05
4.746539086289990105e-05
4.742161852456319726e-05
4.737795233132588343e-05
4.733493652439068261e-05
4.729198322378022357e-05
4.724962422943192625e-05
4.720639890747737802e-05
4.716403898091028066e-05
4.712223965140397374e-05
4.707990940320295076e-05
4.703811250494865481e-05
4.699641492538740594e-05
4.695477939269457335e-05
4.691199181186204151e-05
4.686933959422594410e-05
4.682619344163864515e-05
4.678398721692565525e-05
4.674131941144568273e-05
4.669892104938490600e-05
4.665634687383273259e-05
4.661467060558452922e-05
4.657262805609560248e-05
4.653031349287582708e-05
4.648827002141532193e-05
4.644684405927799239e-05
4.640622352983973467e-05
4.636613544881431763e-05
4.632642533194231789e-05
4.628568684569169233e-05
4.624393811559888599e-05
4.620171353720023904e-05
4.615974197520569165e-05
4.611863375231624535e-05
4.607729239738438733e-05
4.603675257822232664e-05
4.599547011412499932e-05
4.595395084463124702e-05
4.591215377439063130e-05
4.587079643604342384e-05
4.582971230691426927e-05
4.578962342701293998e-05
4.574965890901653323e-05
4.570958945919666942e-05
4.566987404198219545e-05
4.562961400410367739e-05
4.559024612221344592e-05
4.555063210752551136e-05
4.551179253977559284e-05
4.547311961064820534e-05
4.543512663103266698e-05
4.539651500284504730e-05
4.535841150043533841e-05
4.532029328327512042e-05
4.528120857916818106e-05
4.524252584689606094e-05
4.520352053134027448e-05
4.516443157390548162e-05
4.512550334960370956e-05
4.508582347057227513e-05
4.504687956543184291e-05
4.500910475231863792e-05
4.497164679341484760e-05
4.493536327908388716e-05
4.489889832491530546e-05
4.486301319459281883e-05
4.482605483586951564e-05
4.478948314819704253e-05
4.475238088276159041e-05
4.471451456573827097e-05
4.467577652749568130e-05
4.463738409837464041e-05
4.459915719527125604e-05
4.456161177113719646e-05
4.452313865973214096e-05
4.448482124609845901e-05
4.444682598613203153e-05
4.440868072654458997e-05
4.437062883880188929e-05
4.433340529727756150e-05
4.429641640164491272e-05
4.426027478909565915e-05
4.422482682863605058e-05
4.419030467221804601e-05
4.415563565931457303e-05
4.412061657794621560e-05
4.408646966062538402e-05
4.405182110890304778e-05
4.401754908561922601e-05
4.398392777595048239e-05
4.395123716521719988e-05
4.391905574397987763e-05
4.388811436331359583e-05
4.385665123617973730e-05
4.382571294022147485e-05
4.379529855630184956e-05
4.376474403991950234e-05
4.373472353650532517e-05
4.370468652371068996e-05
4.367476786136283422e-05
4.364413197006645736e-05
4.361310392561221319e-05
4.358197357210916298e-05
4.354989308717461372e-05
4.351764959013685214e-05
4.348484063110496058e-05
4.345193504756808848e-05
4.341923893592417266e-05
4.338639082670138621e-05
4.335385870762350466e-05
4.332211170801942451e-05
4.329094578354531278e-05
4.325913368239335505e-05
4.322647313523485756e-05
4.319349380572448525e-05
4.316121408700811983e-05
4.312910830467069908e-05
4.309686786380697828e-05
4.306484571599167619e-05
4.303364402826044907e-05
4.300237708897327308e-05
4.297156474809637030e-05
4.294071806769778315e-05
4.290944574875342466e-05
4.287949382558259938e-05
4.284900122182791216e-05
4.281948335173613602e-05
4.278927548382441178e-05
4.275945744313549668e-05
4.272955610826142698e-05
4.269920885360996965e-05
4.266940395541534277e-05
4.264065959630480591e-05
4.261187020950831639e-05
4.258351898290844902e-05
4.255464931829306189e-05
4.252769728696326445e-05
4.249941234497590724e-05
4.247219010519475205e-05
4.244461343561007705e-05
4.241741485608004834e-05
4.239083193666423789e-05
4.236314932555333387e-05
4.233623645954189089e-05
4.230947007651749038e-05
4.228262060923958959e-05
4.225595066329256797e-05
4.222950801101357099e-05
4.220308690554675326e-05
4.217741335275990432e-05
4.215082661446684548e-05
4.212459841535271692e-05
4.209909563090062331e-05
4.207333687875742211e-05
4.204840054036450823e-05
4.202379428964898714e-05
4.199894302930524574e-05
4.197493113554909863e-05
4.195038548243361517e-05
4.192475400550682850e-05
4.189970051946253289e-05
4.187433714306420472e-05
4.184793681773863269e-05
4.182194239576087944e-05
4.179547477518883114e-05
4.176939329164907093e-05
4.174289031575701228e-05
4.171708820212260814e-05
4.168977273103106543e-05
4.166315627510964439e-05
4.163616334523862010e-05
4.160860968144269997e-05
4.158163580288801344e-05
4.155488510663579309e-05
4.152826299732536024e-05
4.150106688690651685e-05
4.147487255960514578e-05
4.144847596925843911e-05
4.142196591857451050e-05
4.139670270217114497e-05
4.137102795710304373e-05
4.134556575611728616e-05
4.132056825914626538e-05
4.129534144789686316e-05
4.126968629463676234e-05
4.124390496414060298e-05
4.121751355509876470e-05
4.119128009681166978e-05
4.116469642815521042e-05
4.113826641706043506e-05
4.111186071348798361e-05
4.108604395579471897e-05
4.106032946933723917e-05
4.103453926337210974e-05
4.100899043599069314e-05
4.098372272878144778e-05
4.095776627907017289e-05
4.093257817561883231e-05
4.090740803904900755e-05
4.088203458482037869e-05
4.085698246520521546e-05
4.083171966066052102e-05
4.080622043467664476e-05
4.078088793840856335e-05
4.075506814387914209e-05
4.072959510585696355e-05
4.070463641616082091e-05
4.067991345667591497e-05
4.065467866816878980e-05
4.062924469200254073e-05
4.060408925189516033e-05
4.057896874885523339e-05
4.055416170515089544e-05
4.052939118164682606e-05
4.050435482745625283e-05
4.047941341529673678e-05
4.045388832293029087e-05
4.042812055278438224e-05
4.040263223356450298e-05
4.037736774134782693e-05
4.035167446775454888e-05
4.032628078844692319e-05
4.030075727421794608e-05
4.027542109601619369e-05
4.025062145708699948e-05
4.022539817815088054e-05
4.020017060887755853e-05
4.017503673684592690e-05
4.015039083182833348e-05
4.012518056994396581e-05
4.010014941803079674e-05
4.007490968988785369e-05
4.004978310936162743e-05
4.002416813707699650e-05
3.999855017930689020e-05
3.997302644654134594e-05
3.994779384438987730e-05
3.992310405595653634e-05
3.989802412882967482e-05
3.987336510112908066e-05
3.984846090691223416e-05
3.982392239143097757e-05
3.979947761045888916e-05
3.977558430053289572e-05
3.975226304793543186e-05
3.972835087696996529e-05
3.970414411826103781e-05
3.968074035807517280e-05
3.965641087845790620e-05
3.963213165097305093e-05
3.960823348815633096e-05
3.958421105033896103e-05
3.955943082887683140e-05
3.953474019661753190e-05
3.950984804792390820e-05
3.948460741499893785e-05
3.945922646735366198e-05
3.943382488499793374e-05
3.940839049347803367e-05
3.938292538477639894e-05
3.935765757170712391e-05
3.933236388865585676e-05
3.930719447094707176e-05
3.928250126406551451e-05
3.925763030786498406e-05
3.923266222877670490e-05
3.920753909567871426e-05
3.918279246201685032e-05
3.915741166487100616e-05
3.913228230921377736e-05
3.910692572520198089e-05
3.908182544798278736e-05
3.905652367419829767e-05
3.903136397132719805e-05
3.900594863601689088e-05
3.898063988651952682e-05
3.895496212377212524e-05
3.892938626890634566e-05
3.890359112353347382e-05
3.887804270577399212e-05
3.885237733965295919e-05
3.882677957153052929e-05
3.880161208800483684e-05
3.877636133650692868e-05
3.875100565617580660e-05
3.872542289668700840e-05
3.869981716188844516e-05
3.867428254639313173e-05
3.864875653965529689e-05
3.862314112688339934e-05
3.859760074686397396e-05
3.857210252119008744e-05
3.854663989980974863e-05
3.852120180917407359e-05
3.849576202735409657e-05
3.847040318486878800e-05
3.844498503049367501e-05
3.841961779992766332e-05
3.839430525025631761e-05
3.836904418936815255e-05
3.834384320107373070e-05
3.831868788683735039e-05
3.829361477897387067e-05
3.826858299211486356e-05
3.824361097899070739e-05
3.821873113567293852e-05
3.819385454201565909e-05
3.816903469058841454e-05
3.814422955678392038e-05
3.811946258358000768e-05
3.809475968384595242e-05
3.807008684404980731e-05
3.804548682425600963e-05
3.802093000667437826e-05
3.799641927934651893e-05
3.797197775771216972e-05
3.794762773321197632e-05
3.792330470273814119e-05
3.789907269838163416e-05
3.787484605931092525e-05
3.785070578745961607e-05
3.782657717351238015e-05
3.780247372871492858e-05
3.777848553616728488e-05
3.775445141785117685e-05
3.773043814969395530e-05
3.770648171989338007e-05
3.768259350505724365e-05
3.765872265932900887e-05
3.763499371761499552e-05
3.761122887269731363e-05
3.758750480013314273e-05
3.756381500739953966e-05
3.754020241809169749e-05
3.751660604440843546e-05
3.749304729944960313e-05
3.746954307149154105e-05
3.744608986985249299e-05
3.742269648648375002e-05
3.739934457773337021e-05
3.737602373744818051e-05
3.735273154801728999e-05
3.732949094957962283e-05
3.730629141261597372e-05
3.728312355661857886e-05
3.725999117917959570e-05
3.723690277100602243e-05
3.721385659088113690e-05
3.719085100072927090e-05
3.716792251579812523e-05
3.714504999465871295e-05
3.712218263893209624e-05
3.709937076393267645e-05
3.707660869263506871e-05
3.705389174537745679e-05
3.703124261463849453e-05
3.700863445263808608e-05
3.698612825557588620e-05
3.696357847615581668e-05
3.694112951236887157e-05
3.691868351544025964e-05
3.689629749469559264e-05
3.687394536521729910e-05
3.685161200266519679e-05
3.682935673602835431e-05
3.680714994707204730e-05
3.678498534697423967e-05
3.676285235033854821e-05
3.674074142387193364e-05
3.671878171889560502e-05
3.669684849579059869e-05
3.667491176188859934e-05
3.665300613876286119e-05
3.663120075094307930e-05
3.660953919295629658e-05
3.658792595383183929e-05
3.656653625168767636e-05
3.654503294516633303e-05
3.652370919473980866e-05
3.650221192809352701e-05
3.648064567877839793e-05
3.645911664724309123e-05
3.643762235227316780e-05
3.641617982318935058e-05
3.639468641443502757e-05
3.637323175227539596e-05
3.635182695514744416e-05
3.633048797922720921e-05
3.630911442673834911e-05
3.628782914015505311e-05
3.626663982390302809e-05
3.624553607769791447e-05
3.622445276741306374e-05
3.620342381622890270e-05
3.618235581739039021e-05
3.616132361043183560e-05
3.614030208835991803e-05
3.611933363797478232e-05
3.609842625561674660e-05
3.607763592092849193e-05
3.605696426949069337e-05
3.603622231521082182e-05
3.601554241495496535e-05
3.599484481542441193e-05
3.597420642776940063e-05
3.595364754963969577e-05
3.593303367408788780e-05
3.591249038520350455e-05
3.589202870924593290e-05
3.587150332885514641e-05
3.585097040765645668e-05
3.583045940342797912e-05
3.580995715116258403e-05
3.578949343188009827e-05
3.576905080737041200e-05
3.574864303753962899e-05
3.572831588989014705e-05
3.570797252553222162e-05
3.568766010178392190e-05
3.566737929528225766e-05
3.564714465684315758e-05
3.562696646349699446e-05
3.560686377505395595e-05
3.558677217523576814e-05
3.556678731817065816e-05
3.554683391071858324e-05
3.552694010378492403e-05
3.550710309161521822e-05
3.548727063919439892e-05
3.546745289830038298e-05
3.544764100051743012e-05
3.542787393598928204e-05
3.540812131739724659e-05
3.538837447478418332e-05
3.536866103458203675e-05
3.534899839682138095e-05
3.532937457303314023e-05
3.530975394671733092e-05
3.529019079496893111e-05
3.527065305375187639e-05
3.525115745527122510e-05
3.523167978742748884e-05
3.521226123495114574e-05
3.519285057327720080e-05
3.517341932039868570e-05
3.515405884570801275e-05
3.513471218709019833e-05
3.511540493388512073e-05
3.509611470677746010e-05
3.507686374414855279e-05
3.505764654834777846e-05
3.503844233795729756e-05
3.501924876024813652e-05
3.500008687607666913e-05
3.498096305864882702e-05
3.496186760911289629e-05
3.494280379677208075e-05
3.492377654317978638e-05
3.490477337152399662e-05
3.488581273202145516e-05
3.486687555655311645e-05
3.484796608812571042e-05
3.482908429519468657e-05
3.481023856633822064e-05
3.479142800913669731e-05
3.477264020251524644e-05
3.475388295180223923e-05
3.473515276138435811e-05
3.471645301969236084e-05
3.469778335468135715e-05
3.467914525192569231e-05
3.466053684909124044e-05
3.464196299466060599e-05
3.462342041441587637e-05
3.460490453171546172e-05
3.458642544249128538e-05
3.456798804431823312e-05
3.454956908553090069e-05
3.453118094060629405e-05
3.451281278166772520e-05
3.449447478797375326e-05
3.447616430776398195e-05
3.445789958499936612e-05
3.443966165364059542e-05
3.442146366649403533e-05
3.440334539282469508e-05
3.438522124896230384e-05
3.436712160684775866e-05
3.434906825688455265e-05
3.433108959002992099e-05
3.431315157856456850e-05
3.429523881390975825e-05
3.427736511511212558e-05
3.425952981239176512e-05
3.424172755837273993e-05
3.422399002759666099e-05
3.420625836535329262e-05
3.418861189388728287e-05
3.417093008720697891e-05
3.415324692140965951e-05
3.413563437440886295e-05
3.411798950232804861e-05
3.410044195290933667e-05
3.408295774924924239e-05
3.406544922778151997e-05
3.404791494770608736e-05
3.403050169922685155e-05
3.401308179175155475e-05
3.399571862401247875e-05
3.397845868018536475e-05
3.396126241567641016e-05
3.394416836857066453e-05
3.392706966846498938e-05
3.391005058187563487e-05
3.389303192103389298e-05
3.387593587386165988e-05
3.385889240715129578e-05
3.384182382035685893e-05
3.382466055793312016e-05
3.380763029037755146e-05
3.379065153057194548e-05
3.377369906906107849e-05
3.375671473847784832e-05
3.373979465464380133e-05
3.372284486294662494e-05
3.370595404935271993e-05
3.368902172142108464e-05
3.367210815715116883e-05
3.365523132679017714e-05
3.363831511951002033e-05
3.362143093428488118e-05
3.360454524021006976e-05
3.358769477807420665e-05
3.357087536468140825e-05
3.355415161761106889e-05
3.353741013489584729e-05
3.352068731100997653e-05
3.350394052196415756e-05
3.348724180711006758e-05
3.347050497726736820e-05
