3.258809999999272289e-05
4.274957408173614881e-05
3.492258888999928696e-05
3.025170795613265387e-05
2.906343024194120117e-05
3.022670248121897899e-05
3.457181753556575247e-05
3.826401028537894459e-05
3.773527116515263926e-05
3.694339337475360363e-05
3.524623191633048761e-05
3.385103935586517693e-05
3.258765063544595639e-05
3.155710610726268866e-05
3.051258920690716711e-05
2.980394183907775937e-05
2.918873450584727336e-05
2.848737836022072117e-05
2.772999239858941402e-05
2.714996502351090058e-05
2.649818288078845425e-05
2.589350688964060364e-05
2.543631521707573017e-05
2.512995097105508602e-05
2.480324890322844819e-05
2.457502850855264309e-05
2.413124720439129196e-05
2.370723060349060312e-05
2.330330259977096509e-05
2.291220742834726830e-05
2.256889605597067923e-05
2.230888917408895613e-05
2.202183179853761197e-05
2.174309492204835228e-05
2.143059287759703938e-05
2.115633373100516421e-05
2.091044382585540904e-05
2.065248447343985230e-05
2.042844502185693528e-05
2.019540678042572155e-05
1.998328476440800895e-05
1.979017711070523713e-05
1.963618078474990187e-05
1.942377781244654798e-05
1.921149963366545750e-05
1.901357687287743160e-05
1.885306317930941384e-05
1.870622775462825051e-05
1.854536494544503167e-05
1.841553508852749858e-05
1.824377576646991705e-05
1.807157826951616468e-05
1.790309385439680666e-05
1.773772993889343721e-05
1.757575270688053193e-05
1.741975213499909894e-05
1.727354414145660307e-05
1.713971574386582397e-05
1.701349457718132429e-05
1.691040164388472511e-05
1.678157144563738218e-05
1.664958148054208791e-05
1.653223853128287088e-05
1.641799878162545834e-05
1.630457508750515571e-05
1.621430150675490041e-05
1.614087837672270400e-05
1.607576551305720102e-05
1.603066247448306430e-05
1.598975148134010264e-05
1.595488143562744560e-05
1.593434192990075856e-05
1.587386113925409075e-05
1.582613139164305643e-05
1.576375470342463060e-05
1.571266010782523091e-05
1.566571572723830994e-05
1.561504580913425900e-05
1.554098428704472272e-05
1.545655381024544422e-05
1.538999750905566298e-05
1.532366863619596327e-05
1.525498605307049238e-05
1.520700238984761436e-05
1.515119599034541236e-05
1.509295595189296770e-05
1.505480867039417922e-05
1.502805018708668704e-05
1.499244859156293343e-05
1.494067941468665321e-05
1.489433334149304643e-05
1.486190617495972445e-05
1.482353656090120250e-05
1.479410692297624175e-05
1.476031810517689677e-05
1.472453671345027074e-05
1.469830634504486224e-05
1.467000150175203607e-05
1.464212945843400347e-05
1.460360612164394314e-05
1.455985308795427230e-05
1.450879098459472832e-05
1.446102057357971962e-05
1.440696478068989565e-05
1.435947178413982697e-05
1.430443651101644577e-05
1.426314025045142364e-05
1.422384386316835083e-05
1.417833425538802041e-05
1.413790379751722785e-05
1.409022240651453309e-05
1.403916038108606569e-05
1.398457318651908534e-05
1.393163539688461561e-05
1.388117798821142404e-05
1.383467004683175655e-05
1.378374912063641666e-05
1.373711041828574364e-05
1.368690235099733771e-05
1.363455023696870857e-05
1.358507809393920433e-05
1.353456413034476622e-05
1.348973852795903557e-05
1.344043204504635238e-05
1.339219822546288073e-05
1.334044339034956484e-05
1.328853573080885858e-05
1.323666429121817027e-05
1.318578227672707922e-05
1.313515597987348295e-05
1.308496662717528610e-05
1.303553927955258972e-05
1.298644267678456775e-05
1.293805750136216900e-05
1.289140926017813618e-05
1.284630779905537664e-05
1.280504331729537025e-05
1.276721164091111883e-05
1.272870345332883039e-05
1.269333340561646299e-05
1.265962344062853084e-05
1.262358304184640141e-05
1.258380066234943559e-05
1.254474745670890699e-05
1.250372158794882247e-05
1.246257925823171163e-05
1.242306213117657468e-05
1.238580521694152237e-05
1.234525893821966286e-05
1.231001349631403717e-05
1.227403228866099058e-05
1.223918547914072945e-05
1.221513539926428903e-05
1.219152712634241012e-05
1.216547198763667057e-05
1.213727426824503485e-05
1.211252461435440981e-05
1.208692665270563939e-05
1.206898857690026224e-05
1.204818012954787650e-05
1.202271443637517329e-05
1.200294788898416330e-05
1.198277033805446723e-05
1.195911381562886968e-05
1.193264202284158660e-05
1.190327474792806013e-05
1.187433806203605583e-05
1.184332988192098066e-05
1.181319483305438886e-05
1.178204092561100227e-05
1.175031266414573981e-05
1.171959506416909010e-05
1.168767510419906231e-05
1.166027310980479454e-05
1.163053999492589245e-05
1.160472419567623874e-05
1.158090345287101475e-05
1.155465270168989303e-05
1.152927078510096897e-05
1.150696153952908773e-05
1.148234011195856651e-05
1.145837445203406971e-05
1.143220414889995198e-05
1.140633023715127485e-05
1.138186296077115545e-05
1.135782946621910865e-05
1.133243608854826892e-05
1.130507019656762501e-05
1.127658410293320319e-05
1.124899708588669835e-05
1.122011844271065739e-05
1.119189269143979836e-05
1.116419252590632491e-05
1.113623223797328251e-05
1.110893764629621254e-05
1.108134456166672279e-05
1.105368941446969128e-05
1.102639915197637487e-05
1.099877075407185555e-05
1.097124256329467473e-05
1.094393016573593060e-05
1.091681862086177685e-05
1.089008381506744794e-05
1.086351902924766538e-05
1.083731087790826321e-05
1.081122000108672342e-05
1.078563788295065780e-05
1.075968172658254402e-05
1.073396141648493723e-05
1.070877476994696264e-05
1.068350497695152264e-05
1.065848335750736869e-05
1.063360600987069589e-05
1.060873809491769675e-05
1.058403947378862002e-05
1.055962591455044464e-05
1.053527105802374530e-05
1.051109874859025761e-05
1.048707560493865730e-05
1.046322846130412279e-05
1.044022637448431625e-05
1.041735741918492021e-05
1.039514542131502100e-05
1.037410417106562929e-05
1.035242356790415158e-05
1.033117476569076650e-05
1.030990399912468660e-05
1.028778209137587377e-05
1.026538413184979357e-05
1.024454233567472513e-05
1.022337362573767735e-05
1.020277153610586731e-05
1.018136297579428788e-05
1.016024584051446917e-05
1.013894556563085536e-05
1.011908253226685940e-05
1.009980116727569562e-05
1.008100733190795594e-05
1.006200663407438612e-05
1.004356829988749079e-05
1.002433662912411456e-05
1.000654193030864450e-05
9.990123911730447640e-06
9.972837492857368965e-06
9.954982360041287714e-06
9.937371569120408724e-06
9.918708935219526710e-06
9.899898439684725999e-06
9.881284093648487102e-06
9.863474825427484967e-06
9.845068034119172309e-06
9.826317767102004809e-06
9.807539014660084282e-06
9.788623082468851639e-06
9.770139351310040294e-06
9.751237151153453254e-06
9.732332307708566315e-06
9.713531178736117859e-06
9.695076636454868648e-06
9.676825234230852999e-06
9.658667553834716124e-06
9.640296858609409802e-06
9.622275923797992474e-06
9.604186788286410027e-06
9.586053720036283763e-06
9.568159917596631697e-06
9.550336093418852943e-06
9.532502446401934477e-06
9.514815148207691041e-06
9.497662960193772370e-06
9.480214505582754310e-06
9.463140661875711030e-06
9.446779643397519206e-06
9.430476902105094795e-06
9.413901654797429905e-06
9.397500876287299623e-06
9.381063022986350987e-06
9.365021023239697450e-06
9.349453138073882515e-06
9.334407975095762757e-06
9.320116417681752758e-06
9.306311775304190910e-06
9.293948865430838845e-06
9.279431766164088783e-06
9.266073192215089883e-06
9.252747046819297837e-06
9.238688638663115652e-06
9.225510747167094334e-06
9.212574445314865914e-06
9.199001400026295643e-06
9.185378099570850694e-06
9.172423971191956591e-06
9.158381894164132139e-06
9.144410457362806433e-06
9.130950436097807425e-06
9.117136333690465581e-06
9.102238623587341002e-06
9.087363799721392645e-06
9.072606397759883827e-06
9.057731817585812451e-06
9.043030945617409501e-06
9.028726565245551638e-06
9.014560034242611968e-06
9.000707973328565860e-06
8.987658644973627796e-06
8.974453988704576157e-06
8.961077992745072472e-06
8.947192651271299773e-06
8.933731464125196879e-06
8.921503606689126312e-06
8.909292024084476558e-06
8.897515719316001625e-06
8.885820259356801216e-06
8.873724875980987795e-06
8.861904078930409352e-06
8.850087913388244188e-06
8.839440699915826377e-06
8.828320575026023842e-06
8.817478313919989869e-06
8.806466179311428299e-06
8.797150424582882307e-06
8.788130510300914923e-06
8.780350391023840557e-06
8.773031830594130254e-06
8.766146842696273897e-06
8.757991566137525062e-06
8.750443756742915674e-06
8.742993444154573685e-06
8.734984372851197670e-06
8.726338350262660877e-06
8.716465960897607247e-06
8.708808940023548555e-06
8.700205413540530039e-06
8.691705017072376454e-06
8.683639067431142005e-06
8.674232940494411810e-06
8.664309223050098075e-06
8.654392106169235115e-06
8.644111372430494461e-06
8.634363968634017317e-06
8.625053513401347976e-06
8.615893258274627417e-06
8.606470841469220776e-06
8.597514032576529936e-06
8.587947375269539419e-06
8.579233396021842834e-06
8.569756402974803335e-06
8.560878168802793327e-06
8.552093724148498779e-06
8.542859083185930398e-06
8.533450012958013799e-06
8.523121855058097093e-06
8.512528603480412439e-06
8.502027768645312912e-06
8.493613370333992174e-06
8.484900621032858412e-06
8.475363359001523766e-06
8.465220123671612541e-06
8.455591290602158629e-06
8.445893457044984418e-06
8.435833391077286972e-06
8.426099537167664250e-06
8.415949017600461238e-06
8.406419616246555728e-06
8.396911061594441176e-06
8.387606049107304871e-06
8.377839624623489327e-06
8.368667578702687458e-06
8.360524211120879740e-06
8.352148849417352300e-06
8.344054119326745059e-06
8.335018615818490589e-06
8.325423739106092337e-06
8.315367421467820871e-06
8.306072419300543366e-06
8.296809245676118949e-06
8.287002586586507088e-06
8.276624153166532114e-06
8.266766402085713890e-06
8.256585229613532602e-06
8.246137874818616347e-06
8.235622975738414090e-06
8.225057822183478269e-06
8.214514222372436156e-06
8.203945536472951366e-06
8.193498771774327321e-06
8.183021942392106394e-06
8.172759052341144244e-06
8.162396154293032112e-06
8.152109274438695965e-06
8.141862927652997829e-06
8.131473147062928713e-06
8.121141869206443314e-06
8.110865164437016460e-06
8.100967243001328886e-06
8.091180689935115341e-06
8.081950027539307535e-06
8.072852099148561340e-06
8.063730336952585441e-06
8.055118407560464476e-06
8.046232745721557534e-06
8.037523835606864251e-06
8.029186970707563137e-06
8.021021869523664962e-06
8.013219306099365582e-06
8.005244891465228957e-06
7.997311786868077318e-06
7.989372523551093683e-06
7.980497536123287798e-06
7.971800699735258217e-06
7.963108471233480357e-06
7.955120442000471488e-06
7.946833606072394233e-06
7.938251179061612240e-06
7.929954126315522445e-06
7.921609768408875891e-06
7.913329210641884936e-06
7.905246030495738350e-06
7.897230642903541422e-06
7.889059821122859834e-06
7.880630105108812211e-06
7.872748427550496495e-06
7.865535683255108819e-06
7.858009256145004093e-06
7.851328519745210603e-06
7.843795905485610812e-06
7.836142562654539891e-06
7.829472074675719140e-06
7.822057465047068146e-06
7.815303538759325516e-06
7.808504937059614480e-06
7.801732194208987472e-06
7.794552904767704213e-06
7.787252586002271448e-06
7.779910541176365658e-06
7.772331954923955162e-06
7.765120888146307952e-06
7.758685285098174318e-06
7.752177402786166062e-06
7.745159902064575674e-06
7.737973659713012558e-06
7.731223423499688170e-06
7.724543019297136400e-06
7.717784627895568216e-06
7.711455995326851721e-06
7.705201156046851828e-06
7.698559173888376938e-06
7.692320985805643763e-06
7.686792965758035653e-06
7.680817879666215515e-06
7.674627769220265420e-06
7.668083687546991132e-06
7.661754479454655736e-06
7.655757440518311553e-06
7.649665044986922598e-06
7.642909702211079720e-06
7.636711958764888167e-06
7.630248586624732620e-06
7.623878126017766123e-06
7.617375749627040835e-06
7.610719135242631203e-06
7.604506438803120696e-06
7.598342954662617271e-06
7.592250346597229602e-06
7.586030043821260817e-06
7.580089807326457976e-06
7.574644541282295724e-06
7.569840521652399027e-06
7.564679868732039751e-06
7.558925659955409721e-06
7.553427246678245873e-06
7.547898394756140463e-06
7.542485566945007282e-06
7.537232062814508646e-06
7.532281155969392158e-06
7.527272211276878140e-06
7.521452885119971190e-06
7.515117644878782601e-06
7.509051239096585120e-06
7.502820877361584605e-06
7.496361898988979135e-06
7.489632214826404740e-06
7.482712056701411950e-06
7.475829250209814799e-06
7.468997037013439161e-06
7.462353639084518615e-06
7.455581316252807800e-06
7.448691641408176708e-06
7.441499994568389186e-06
7.434164148471097574e-06
7.427039302424158367e-06
7.420189022416204785e-06
7.413271078336339142e-06
7.406299058445857289e-06
7.399334451459607876e-06
7.392436197176212137e-06
7.385704300101506100e-06
7.378837612976474871e-06
7.371896045053743859e-06
7.364910257087426330e-06
7.357929833636977677e-06
7.350941904995868247e-06
7.344039921345663751e-06
7.337163714077795857e-06
7.330359801784983888e-06
7.323546736911374815e-06
7.316970048813763374e-06
7.310436147408954567e-06
7.303845320005234163e-06
7.297338181559715885e-06
7.290942083567774043e-06
7.284504210019867276e-06
7.278290058784138619e-06
7.272054773880276828e-06
7.265639234251794271e-06
7.259084902941133394e-06
7.252472442302659485e-06
7.246080613771967873e-06
7.239598339354317388e-06
7.233381413527440938e-06
7.227220215565356567e-06
7.220780129150982552e-06
7.214384396856862398e-06
7.208141418971267024e-06
7.201909366610000852e-06
7.195797298981881373e-06
7.189744084396731806e-06
7.183530816397157549e-06
7.177192245570531117e-06
7.170916742494600523e-06
7.164700170051140218e-06
7.158381600634145722e-06
7.152159545795628211e-06
7.146166323873602036e-06
7.140021758546743440e-06
7.133829098575377291e-06
7.127625557332116129e-06
7.121519460069770309e-06
7.115291968943035623e-06
7.108967624447583552e-06
7.102683166478944524e-06
7.096455254974757305e-06
7.090060241508361410e-06
7.083721059525502512e-06
7.077510123217242756e-06
7.071755835216130391e-06
7.065948536319607834e-06
7.060460475747136717e-06
7.054658018285096413e-06
7.048897089626946150e-06
7.042857466840196989e-06
7.037095007325396311e-06
7.031295522779730653e-06
7.025580932487036310e-06
7.020109055145433281e-06
7.014702981648300020e-06
7.009434788014179071e-06
7.003911345668291998e-06
6.998384773309055555e-06
6.992867749675870673e-06
6.987403696273401980e-06
6.981835606655086386e-06
6.976453484238004682e-06
6.971106980914739217e-06
6.965611609556271877e-06
6.960197116834922913e-06
6.954593721270831868e-06
6.948905411490213450e-06
6.943267822577377079e-06
6.937527270005219518e-06
6.932185615313715070e-06
6.926835162293245108e-06
6.921610770111566772e-06
6.916385351670471767e-06
6.911070923547298769e-06
6.905586257251088537e-06
6.900301116080797679e-06
6.894960745141898623e-06
6.889555350057387428e-06
6.884087194910908340e-06
6.878527915622401523e-06
6.873109024403282565e-06
6.867468378200855398e-06
6.862007660445513869e-06
6.856351082601696117e-06
6.850714331052458345e-06
6.845055086523752480e-06
6.839419501683766941e-06
6.833721875530507054e-06
6.828099831445214731e-06
6.822458098408833736e-06
6.816767588203654096e-06
6.811078023497216283e-06
6.805503864352756123e-06
6.799878188865964952e-06
6.794226059446860572e-06
6.788539186536226010e-06
6.782869553954556032e-06
6.777205996653299820e-06
6.771559172764727830e-06
6.765930529847342945e-06
6.760328751817591877e-06
6.754725368350996485e-06
6.749136760476880227e-06
6.743572981275397769e-06
6.738016083155584400e-06
6.732463647570605727e-06
6.726957208173707739e-06
6.721436579338914351e-06
6.715924967881204777e-06
6.710427504086680251e-06
6.704948960347750755e-06
6.699486856349353388e-06
6.694066523351982636e-06
6.688660369882618213e-06
6.683229416508817565e-06
6.677849241435953502e-06
6.672456697003162824e-06
6.667154486313618768e-06
6.661794469159877949e-06
6.656429212187978636e-06
6.651083002350241885e-06
6.645765182487991858e-06
6.640486796178054959e-06
6.635243677113695068e-06
6.630007660274017160e-06
6.624763460267275835e-06
6.619553772170251641e-06
6.614321012527679420e-06
6.609097519515459320e-06
6.603890820172541187e-06
6.598671044461580038e-06
6.593465452548646208e-06
6.588265772288060680e-06
6.583131132293897117e-06
6.577970247160989328e-06
6.572813334000186634e-06
6.567680913262826205e-06
6.562577722455813774e-06
6.557479600285175676e-06
6.552403876077208133e-06
6.547325555431860205e-06
6.542244584201356423e-06
6.537164509657858056e-06
6.532095240217973121e-06
6.527041312331233373e-06
6.521996582452316518e-06
6.516963474933631783e-06
6.511945088787501292e-06
6.506934032328421046e-06
6.501943089088904031e-06
6.496963599128220033e-06
6.492029181710497727e-06
6.487068313444849681e-06
6.482139253088161027e-06
6.477203178285404250e-06
6.472274227394559442e-06
6.467354837473576626e-06
6.462448169330391008e-06
6.457557545758163372e-06
6.452682511395836122e-06
6.447808215861480114e-06
6.442947954259215655e-06
6.438095447926811943e-06
6.433297968133808471e-06
6.428517416614216643e-06
6.423753362334059874e-06
6.419073190453693323e-06
6.414460626294287470e-06
6.409894047016838521e-06
6.405249713798548269e-06
6.400726859616147539e-06
6.396179629625502877e-06
6.391756126878422960e-06
6.387279502960874385e-06
6.382767555964874127e-06
6.378334051712533801e-06
6.373778827696952502e-06
6.369211111991392887e-06
6.364669071651689740e-06
6.360128266777822030e-06
6.355709944929288795e-06
6.351396478988958412e-06
6.347253760892646694e-06
6.343135598517687956e-06
6.338943621123786390e-06
6.334764647206321215e-06
6.330659560868989798e-06
6.326471252945449513e-06
6.322244478539713291e-06
6.318146982089813528e-06
6.313920734206308271e-06
6.309914697500973175e-06
6.305737500244256046e-06
6.301648288410448219e-06
6.297517588579247834e-06
6.293251424914275008e-06
6.289096195623117587e-06
6.284945984355555318e-06
6.280801313043259737e-06
6.276657674875958239e-06
6.272506627646252346e-06
6.268381170975905702e-06
6.264266109035323058e-06
6.260196966378035052e-06
6.256065977695799291e-06
6.251960604030937297e-06
6.247895228026703544e-06
6.243915863384457347e-06
6.239842824794499410e-06
6.235784999821023086e-06
6.231613433668495872e-06
6.227501220274936589e-06
6.223323157039555831e-06
6.219147975173270284e-06
6.214959763034322246e-06
6.210711777189401165e-06
6.206480859797123138e-06
6.202218179377107193e-06
6.197928126634050904e-06
6.193632223328338747e-06
6.189344312271323279e-06
6.185065090515084625e-06
6.180814107397178624e-06
6.176587376410540166e-06
6.172356988501264584e-06
6.168112765490064364e-06
6.163875479362804607e-06
6.159654724007827597e-06
6.155434655552802925e-06
6.151228122569205103e-06
6.147025037521167358e-06
6.142830973539147791e-06
6.138646948726958854e-06
6.134479923506000121e-06
6.130312090413495238e-06
6.126151756657003447e-06
6.122001998160860711e-06
6.117864128702827927e-06
6.113729084490833205e-06
6.109602771261296868e-06
6.105484419416593406e-06
6.101374807268846908e-06
6.097273420544669907e-06
6.093180241340508262e-06
6.089097231313204492e-06
6.085020356918073512e-06
6.080976894972545578e-06
6.076947896177928054e-06
6.072946895919546889e-06
6.068913345576330591e-06
6.064883194515768494e-06
6.060862134136188428e-06
6.056863274412348297e-06
6.052863857961524452e-06
6.048882275922934708e-06
6.044905822549403014e-06
6.040934230340474973e-06
6.036963891413305022e-06
6.032992034083252532e-06
6.029030317758338401e-06
6.025074066277459907e-06
6.021126396721005748e-06
6.017188817282611855e-06
6.013255053234603558e-06
6.009342100171072747e-06
6.005424228175718185e-06
6.001526704899409589e-06
5.997632221437073093e-06
5.993737521197339985e-06
5.989852391909845327e-06
5.985987660188366228e-06
5.982114502957456565e-06
5.978270586256098537e-06
5.974432747242909801e-06
5.970593743241119703e-06
5.966777208067977465e-06
5.962962695860943143e-06
5.959175880480741397e-06
5.955388537078491161e-06
5.951591279702624132e-06
5.947816803967426936e-06
5.944038926171931736e-06
5.940259929452336263e-06
5.936475658930616719e-06
5.932704257153404076e-06
5.928937160532902532e-06
5.925177333723559554e-06
5.921421697400990481e-06
5.917672845597619616e-06
5.913931447136812416e-06
5.910204914535509060e-06
5.906484062833429709e-06
5.902763661135084652e-06
5.899054039790909199e-06
5.895353483237826788e-06
5.891670799473210535e-06
5.887979388373954435e-06
5.884297136976962213e-06
5.880619222457915887e-06
5.876949640487542931e-06
5.873286130537348844e-06
5.869633069237637727e-06
5.865989365849137505e-06
5.862349525797194957e-06
5.858718643855839855e-06
5.855132667682285972e-06
5.851600129683000735e-06
5.848079834315391315e-06
5.844561070039336570e-06
5.840976917276262842e-06
5.837400572414091713e-06
5.833817503743832589e-06
5.830248721157805326e-06
5.826701177800067489e-06
5.823204441632193960e-06
5.819738126544127160e-06
5.816398328739463773e-06
5.813099457801291814e-06
5.809818865300347698e-06
5.806580990861007605e-06
5.803272638982903006e-06
5.799988797528581879e-06
5.796839196088623801e-06
5.793573973438854787e-06
5.790280764716004955e-06
5.787027364602686368e-06
5.783853955190311952e-06
5.780649743830796065e-06
5.777532600698888415e-06
5.774541114477520120e-06
5.771536246391412349e-06
5.768476311229634080e-06
5.765417909701304692e-06
5.762354311526891816e-06
5.759422442245031554e-06
5.756406717293486933e-06
5.753522329212848425e-06
5.750636903780398749e-06
5.747777199287434098e-06
5.744916149952217361e-06
5.742033117373011285e-06
5.739283696618198935e-06
5.736444425923493280e-06
5.733768797857048531e-06
5.731203596516406543e-06
5.728680208783863013e-06
5.726363709248501143e-06
5.723939172800340847e-06
5.721404526523270359e-06
5.718712871644370765e-06
5.716217075605782512e-06
5.713615546116584009e-06
5.710969702711756316e-06
5.708290821226572523e-06
5.705579099124266240e-06
5.702853670995883669e-06
5.700083159817964751e-06
5.697371656241314989e-06
5.694461697136194997e-06
5.691500572202232094e-06
5.688600462196528828e-06
5.685764843234007567e-06
5.682885685175112943e-06
5.679926377525144227e-06
5.676989692817498082e-06
5.673950751732697879e-06
5.670897397362235306e-06
5.667855516167197076e-06
5.664779163701408787e-06
5.661631155965993400e-06
5.658558226987173911e-06
5.655388214774859718e-06
5.652235759993439710e-06
5.649097224900322261e-06
5.645955865977183917e-06
5.642766941355975586e-06
5.639557271617381857e-06
5.636350302842671018e-06
5.633147252476807761e-06
5.629956785861374625e-06
5.626774715569448322e-06
5.623613756761960520e-06
5.620454555510983867e-06
5.617300444721896439e-06
5.614147298288573545e-06
5.610987649117004606e-06
5.607840340402394989e-06
5.604714773920941662e-06
5.601601863767434251e-06
5.598503743169292640e-06
5.595425435810690868e-06
5.592351493616559658e-06
5.589274306880404957e-06
5.586214509463069514e-06
5.583176395862926881e-06
5.580181454375689834e-06
5.577186066680812688e-06
5.574159542597744288e-06
5.571143583067109709e-06
5.568083978037439073e-06
5.565007956585452799e-06
5.561927488928050625e-06
5.558860852603420470e-06
5.555800963831871506e-06
5.552817676323715421e-06
5.549871086804101447e-06
5.546881584202917223e-06
5.543929636482777350e-06
5.540994119076110490e-06
5.538096113136523237e-06
5.535149328184699724e-06
5.532199418382972771e-06
5.529239979233699575e-06
5.526242547928732656e-06
5.523310035239072719e-06
5.520346876603388691e-06
5.517391169755747724e-06
5.514548303953649708e-06
5.511703517950181279e-06
5.508941921180034122e-06
5.506195240998528598e-06
5.503455148588838085e-06
5.500778564533960761e-06
5.498183327403059267e-06
5.495690766830092631e-06
5.493086705164995587e-06
5.490458028403499382e-06
5.487792980312324498e-06
5.485255799154040656e-06
5.482679288857002818e-06
5.480023830747057955e-06
5.477399797515169955e-06
5.474829713215743713e-06
5.472213015154347384e-06
5.469560557328587875e-06
5.466936877322550950e-06
5.464373439454704692e-06
5.461809994157977992e-06
5.459248629900517441e-06
5.456616972081555437e-06
5.453979996730997550e-06
5.451354652218594905e-06
5.448739630188981521e-06
5.446157429974458992e-06
5.443670414737265637e-06
5.441190059922828138e-06
5.438727411370932380e-06
5.436195951227347842e-06
5.433669754580121362e-06
5.431102244556656992e-06
5.428522268843209952e-06
5.425896998144623593e-06
5.423255355254080413e-06
5.420716979582133038e-06
5.418142589016003064e-06
5.415521999361924408e-06
5.412930893394196879e-06
5.410346933783712571e-06
5.407799932824252303e-06
5.405204867108163051e-06
5.402643189423408501e-06
5.400089414590531156e-06
5.397512118119624461e-06
5.394976672232431866e-06
5.392460948227193551e-06
5.389905938169044056e-06
5.387358589002784089e-06
5.384719378370580381e-06
5.382101030657664574e-06
5.379451424436910489e-06
5.376812554977266310e-06
5.374169932085504507e-06
5.371510376369736336e-06
5.368854505098747094e-06
5.366177464890437415e-06
5.363542780207347891e-06
5.360921853170201281e-06
5.358284763094586377e-06
5.355625415086530760e-06
5.352967188964471755e-06
5.350302081140075186e-06
5.347638937373095516e-06
5.345017634988289966e-06
5.342396085144215797e-06
5.339779147157640406e-06
5.337124534033717376e-06
5.334459855817025198e-06
5.331788067530609757e-06
5.329114057270206050e-06
5.326455716379411927e-06
5.323803560948641282e-06
5.321135685232355886e-06
5.318478081767307231e-06
5.315821705134890269e-06
5.313182661813334488e-06
5.310544128301493123e-06
5.307916083498127832e-06
5.305273256567735080e-06
5.302628308459447233e-06
