8.563806590052375212e-03
6.095556512966897496e-03
5.393817199777515246e-03
6.353177301339508684e-03
7.177481187056997808e-03
7.888058704808721677e-03
8.705091888959686983e-03
9.234756868342993211e-03
9.348270162690146615e-03
9.330425857597943878e-03
9.204769570509486673e-03
9.022817312251281072e-03
8.836683332827258500e-03
8.685564305507648478e-03
8.564466060120404928e-03
8.465541918105072908e-03
8.364701470182473245e-03
8.255630600166555255e-03
8.163754746926009387e-03
8.097872767119658477e-03
8.020183279509715893e-03
7.934409733551686314e-03
7.880003849853288445e-03
7.822220673129282736e-03
7.769303689045313835e-03
7.731644347385085297e-03
7.699871930435818294e-03
7.662631976630107991e-03
7.628435705496691699e-03
7.597846150728037803e-03
7.565097242812680346e-03
7.532286560157215767e-03
7.498953599594716801e-03
7.462323772648033100e-03
7.417650029215802111e-03
7.375194906815774228e-03
7.330569914948775051e-03
7.285413049774262968e-03
7.235106069329397954e-03
7.177035024298230106e-03
7.114518550262247457e-03
7.051260901426495246e-03
6.991674101739933124e-03
6.935808419812908299e-03
6.880934577092530889e-03
6.828429343698795562e-03
6.775811778621681526e-03
6.721732104189897389e-03
6.667291591751156425e-03
6.614054125381478924e-03
6.561549926383034373e-03
6.510772372075061473e-03
6.460323592719762614e-03
6.411058916404913620e-03
6.365121855913122989e-03
6.319122850490923281e-03
6.276109180165712412e-03
6.240032084514261432e-03
6.208023180815187489e-03
6.178107664473569439e-03
6.150423342763763901e-03
6.124111723614811958e-03
6.102495803585873506e-03
6.082256839446253255e-03
6.059373418724915694e-03
6.036669005017670023e-03
6.014312212185703860e-03
5.995162818532562103e-03
5.980472045178594070e-03
5.966367781031716930e-03
5.952156937925404991e-03
5.933507172135067675e-03
5.914270673277350655e-03
5.896112647456740359e-03
5.879480592263633398e-03
5.863890953802579527e-03
5.850230337377921273e-03
5.834776455959971887e-03
5.817474618660759336e-03
5.798754030164262295e-03
5.779860125567777909e-03
5.763035122850410086e-03
5.747003978596041535e-03
5.731726030584761641e-03
5.716927817423072926e-03
5.702690158647682507e-03
5.688211258813315706e-03
5.674772754669235759e-03
5.660813777989518077e-03
5.647317354282598706e-03
5.633457557980870410e-03
5.620137654822895436e-03
5.606172603926182912e-03
5.592877165951403232e-03
5.581228491871372335e-03
5.569586581445085290e-03
5.557839673909725081e-03
5.546189331715802376e-03
5.535222961570157064e-03
5.524387521636035109e-03
5.514002256874568977e-03
5.503531271081395920e-03
5.493863046395220003e-03
5.484525439189378085e-03
5.476461031667588866e-03
5.470060151334584300e-03
5.464459174710332642e-03
5.457438021031349625e-03
5.450759668409657817e-03
5.444300866813536754e-03
5.437233482642956500e-03
5.429564080459165810e-03
5.421606987309298374e-03
5.413360035762842214e-03
5.405638701180316003e-03
5.398482005608432575e-03
5.392261891124733655e-03
5.385808230147241284e-03
5.379941742321887183e-03
5.373592517582419584e-03
5.367017348433618731e-03
5.360412255400921061e-03
5.354040325807458284e-03
5.348717396902407870e-03
5.344024500812485402e-03
5.339946584381216090e-03
5.336155458219538246e-03
5.331994606594388057e-03
5.327461439709614555e-03
5.322525648192854252e-03
5.318495580387995816e-03
5.315258045699307841e-03
5.311879948604155549e-03
5.308283474485486070e-03
5.304193849330414608e-03
5.299443140742885264e-03
5.294800629216942119e-03
5.289586602293636607e-03
5.283733306216183145e-03
5.277838836351637225e-03
5.272170918571391328e-03
5.266277511612610547e-03
5.260507553492064017e-03
5.254309107788264835e-03
5.248122935786856021e-03
5.241878322241504476e-03
5.236234160676674423e-03
5.230456092537664678e-03
5.225620465418555523e-03
5.220819034453667157e-03
5.215799525447024562e-03
5.211147801862148904e-03
5.206683500388968253e-03
5.202504634316889968e-03
5.198934382286553649e-03
5.195273278401967530e-03
5.191904678000647602e-03
5.188294075772519748e-03
5.184029720456207434e-03
5.179340422984119244e-03
5.174256393913836787e-03
5.169028831368478391e-03
5.163853264408802511e-03
5.158719578935949505e-03
5.153680050130082270e-03
5.148779912259726123e-03
5.144017102428369466e-03
5.139488585740779880e-03
5.134615381664575304e-03
5.129615364451797430e-03
5.124414266391355902e-03
5.119368631538770073e-03
5.115157753362659099e-03
5.111346440319219572e-03
5.107051890123408613e-03
5.102427162854523794e-03
5.097262875987657385e-03
5.092029061780687857e-03
5.087025666568704974e-03
5.081863291354851535e-03
5.076775578919798769e-03
5.071604313295445532e-03
5.066260461661127243e-03
5.061059813632229863e-03
5.055516252418366940e-03
5.049721637788088906e-03
5.044192752689462267e-03
5.038932494259578884e-03
5.033991718923012948e-03
5.028895702064977574e-03
5.024011899110066015e-03
5.019022869209051677e-03
5.014463991482165720e-03
5.009724873051939024e-03
5.004647075331500675e-03
4.999865245048537923e-03
4.995139014151858507e-03
4.990515342290123384e-03
4.986078572087626962e-03
4.981717713847948724e-03
4.977427699510192372e-03
4.973105084969840425e-03
4.968913633375330631e-03
4.964629130083402300e-03
4.960442352658788259e-03
4.956175199022012576e-03
4.951718353203547057e-03
4.947120397040951495e-03
4.942220389907468064e-03
4.937346503322604524e-03
4.932404264674895324e-03
4.927603068861696745e-03
4.922649079240334208e-03
4.917599274353880688e-03
4.912517961558104766e-03
4.907425347699998115e-03
4.902346435835409563e-03
4.897330066685084624e-03
4.892168865730066318e-03
4.886958561081361334e-03
4.881610587223765042e-03
4.876328917791354287e-03
4.871128623801944738e-03
4.865876740907357917e-03
4.860451362713735790e-03
4.854956954537355956e-03
4.849432323233910866e-03
4.843682422054990978e-03
4.837868877836350862e-03
4.831947075398353858e-03
4.826125420519687334e-03
4.820156493675350519e-03
4.814232974419004572e-03
4.808297087229797609e-03
4.802551081621410541e-03
4.796985700458206332e-03
4.791292736414745970e-03
4.785512675954806464e-03
4.779752749198568594e-03
4.773890511228832088e-03
4.768036527773313570e-03
4.762349956393005512e-03
4.756670197038623434e-03
4.750979001697826568e-03
4.745307548354897771e-03
4.739633805657604906e-03
4.734169903567830677e-03
4.728642260595924095e-03
4.723132096352665975e-03
4.717434328379960760e-03
4.711604277851771418e-03
4.705852526385769126e-03
4.700153579908068063e-03
4.694506234983407932e-03
4.689048848769809992e-03
4.683697495143240332e-03
4.678496363812440981e-03
4.673455016653491056e-03
4.668578465476878013e-03
4.663942472579953383e-03
4.659414860910379187e-03
4.655060551970647068e-03
4.650781428377060052e-03
4.646542437192498383e-03
4.642239632880138314e-03
4.637904846417757916e-03
4.633531559788644887e-03
4.629111034969161237e-03
4.624618009659136816e-03
4.620265590774184049e-03
4.615880439163989185e-03
4.611490813319682643e-03
4.606936584413771560e-03
4.602336934237876570e-03
4.597663425269893182e-03
4.592936951557945006e-03
4.588112724406815009e-03
4.583452914017641967e-03
4.578899046848806074e-03
4.574504475266601318e-03
4.570205397291896357e-03
4.565968391725499370e-03
4.561695076533737840e-03
4.557558237770271102e-03
4.553490394115098511e-03
4.549378086972558251e-03
4.545346950021829022e-03
4.541328707588557917e-03
4.537447263303059919e-03
4.533780660014806105e-03
4.530138686455864767e-03
4.526679469206466681e-03
4.523317738682737163e-03
4.519985424997898654e-03
4.516542072013675531e-03
4.513303476809910758e-03
4.510107044371259449e-03
4.506992860959812587e-03
4.503811206835062891e-03
4.500591127906372092e-03
4.497352723461624409e-03
4.493996979748615672e-03
4.490773337623931404e-03
4.487617218347447930e-03
4.484505906675743774e-03
4.481449738942397051e-03
4.478472767857679185e-03
4.475436459103958146e-03
4.472421391495950103e-03
4.469493871822578270e-03
4.466651405111958170e-03
4.463810363689818192e-03
4.460835731410952437e-03
4.457787904861490805e-03
4.454699072178674828e-03
4.451691076222360696e-03
4.448697702456649861e-03
4.445787337368582379e-03
4.442991951265965606e-03
4.440168549361938298e-03
4.437504072379076792e-03
4.434885435243636660e-03
4.432388253827524750e-03
4.429846587057342279e-03
4.427365480490179708e-03
4.424959617438575105e-03
4.422483506461273584e-03
4.419996671523623855e-03
4.417456837327126198e-03
4.414872483438965316e-03
4.412379146934658145e-03
4.409800569175312095e-03
4.407252107338449285e-03
4.404673972837057014e-03
4.402076582217958299e-03
4.399490048325770293e-03
4.397002949331769127e-03
4.394526876971702016e-03
4.392293733780083809e-03
4.390197601223216374e-03
4.388230676580498132e-03
4.386312009402851611e-03
4.384473240560323240e-03
4.382559310349155510e-03
4.380682720318013895e-03
4.378805169101521351e-03
4.376978526959498725e-03
4.375092590550957658e-03
4.373230331414623695e-03
4.371400057383963145e-03
4.369667560697442291e-03
4.367900440660588829e-03
4.366240563805988406e-03
4.364568111614074847e-03
4.362962521202750840e-03
4.361432576995107231e-03
4.360062952876225459e-03
4.358787347870542520e-03
4.357568602174516012e-03
4.356381401203196849e-03
4.355159186525809495e-03
4.353954111998926783e-03
4.352934587923167759e-03
4.351991093491555142e-03
4.351066454693736443e-03
4.350177802100532037e-03
4.349314209007885609e-03
4.348466331489311311e-03
4.347575136860190072e-03
4.346542367578972582e-03
4.345531314763063403e-03
4.344531890597785190e-03
4.343464901231190375e-03
4.342378699238583738e-03
4.341355816271018526e-03
4.340324008070244564e-03
4.339230026164692285e-03
4.338163264388347935e-03
4.337074069953049220e-03
4.335974197193579426e-03
4.334832243181279202e-03
4.333557712987977720e-03
4.332276606362473609e-03
4.331149758851776839e-03
4.330102070807416090e-03
4.329019249560485914e-03
4.327942657567055047e-03
4.326942003911746215e-03
4.325841153227556052e-03
4.324659288277269038e-03
4.323455441947314168e-03
4.322230020632629108e-03
4.320989350294723690e-03
4.319846539522767190e-03
4.318739825402779370e-03
4.317664165286538500e-03
4.316519962633598266e-03
4.315367356753568168e-03
4.314301683426514586e-03
4.313216342556935867e-03
4.312146264913795102e-03
4.311111721628545397e-03
4.310107385353064216e-03
4.309160793291336514e-03
4.308123564599820529e-03
4.307047084861415250e-03
4.305850659486578150e-03
4.304644369706937639e-03
4.303374149848221072e-03
4.302078454612883775e-03
4.300781235312582836e-03
4.299525792069699981e-03
4.298324500820717431e-03
4.297125941412927377e-03
4.295977775702779222e-03
4.294901436036326244e-03
4.293976743210065235e-03
4.293145829427276808e-03
4.292280410861664015e-03
4.291321015514192212e-03
4.290294038458253127e-03
4.289372690506284592e-03
4.288529602321481012e-03
4.287742820689599381e-03
4.287049007977205076e-03
4.286385717268598877e-03
4.285832000856470980e-03
4.285201572326195751e-03
4.284557693091957560e-03
4.283867309624743609e-03
4.283225427277717427e-03
4.282622628281267975e-03
4.281929713746414692e-03
4.281291948965744963e-03
4.280697380759074418e-03
4.279999273082746129e-03
4.279273566010598738e-03
4.278484936118855976e-03
4.277613687599154252e-03
4.276708932811785005e-03
4.275972416547331630e-03
4.275315328242412435e-03
4.274604201504571266e-03
4.273887228207888002e-03
4.273245575081282242e-03
4.272626866786993598e-03
4.271992076548708842e-03
4.271276099974699592e-03
4.270550147337123098e-03
4.269787506458315972e-03
4.269033787407217756e-03
4.268226420925485404e-03
4.267411715071597889e-03
4.266557551061820990e-03
4.265619248315701342e-03
4.264607354770839562e-03
4.263577224162935775e-03
4.262515051676077187e-03
4.261493099206379968e-03
4.260528398135611690e-03
4.259557166204647888e-03
4.258542834856045983e-03
4.257558249512342907e-03
4.256514849306856918e-03
4.255421088802197917e-03
4.254336552198085056e-03
4.253250942630838922e-03
4.252150748315457890e-03
4.251010666052106209e-03
4.249805448075149629e-03
4.248557598844798430e-03
4.247291914564729765e-03
4.246004880156835706e-03
4.244725153888330438e-03
4.243473060490581504e-03
4.242144387670426786e-03
4.240820177329024041e-03
4.239482074662070943e-03
4.238137017914201700e-03
4.236795098077398430e-03
4.235461431876706533e-03
4.234140096845456086e-03
4.232799265184851271e-03
4.231518992945377915e-03
4.230330922631738398e-03
4.229112693906749050e-03
4.227876976704024285e-03
4.226642111300151460e-03
4.225434495083033731e-03
4.224230891561987257e-03
4.222984767538850992e-03
4.221730214604482549e-03
4.220485184069075468e-03
4.219211627067636153e-03
4.217943350831127210e-03
4.216666024501491104e-03
4.215383026487781216e-03
4.214108880550844309e-03
4.212895128877114197e-03
4.211776259622033482e-03
4.210688704559879814e-03
4.209634162579175241e-03
4.208597390115556731e-03
4.207586145987356890e-03
4.206535714895274017e-03
4.205473430860396343e-03
4.204359594333504681e-03
4.203234417507813181e-03
4.202078268846140378e-03
4.200917008946533811e-03
4.199748963398366834e-03
4.198576842943422399e-03
4.197426966801767745e-03
4.196281285686152308e-03
4.195123772280098633e-03
4.193987671729813849e-03
4.192839668030095938e-03
4.191673359259027835e-03
4.190482873205814661e-03
4.189322379642987718e-03
4.188155642679837129e-03
4.187064720835647139e-03
4.186007226398873876e-03
4.184915576620960170e-03
4.183803714752617163e-03
4.182676546441150764e-03
4.181523479271985304e-03
4.180340092059512194e-03
4.179090446010900843e-03
4.177843291096941351e-03
4.176619551979022724e-03
4.175434029437978534e-03
4.174251050786561071e-03
4.173043699189535674e-03
4.171801165339529549e-03
4.170525663512813716e-03
4.169213593819228771e-03
4.167874171255891644e-03
4.166496601653034253e-03
4.165088396435929173e-03
4.163642855457107446e-03
4.162251316383625520e-03
4.160867641899942439e-03
4.159473924182362919e-03
4.158105606154361561e-03
4.156743378977405950e-03
4.155347794101976223e-03
4.153951662817215520e-03
4.152515057586423329e-03
4.151072894620269800e-03
4.149608810865878725e-03
4.148152106538481598e-03
4.146640290417599739e-03
4.145107170584641336e-03
4.143562720121046067e-03
4.141987728019417940e-03
4.140403721390305096e-03
4.138815570196504277e-03
4.137203818722028428e-03
4.135545763319790208e-03
4.133856905239396452e-03
4.132134243339375540e-03
4.130379353900550353e-03
4.128638913587443990e-03
4.126903431975331715e-03
4.125164097196831053e-03
4.123394457058185414e-03
4.121625173862290305e-03
4.119836893049204883e-03
4.118032979790568759e-03
4.116256508360028980e-03
4.114505910599498655e-03
4.112788023795400580e-03
4.111126733983567171e-03
4.109482224774279290e-03
4.107852571611496362e-03
4.106215394116078179e-03
4.104607217574047888e-03
4.102962425032228092e-03
4.101309334596227492e-03
4.099618125558238471e-03
4.097924619488856231e-03
4.096255288658346393e-03
4.094580249199701247e-03
4.092908630754718557e-03
4.091211125521125591e-03
4.089532311302710929e-03
4.087860430061933566e-03
4.086172225437556538e-03
4.084496064543005449e-03
4.082836145389848008e-03
4.081192285633953969e-03
4.079600823390659541e-03
4.078015747448336670e-03
4.076421207228653719e-03
4.074832486868752365e-03
4.073274285547273318e-03
4.071696351456210138e-03
4.070104977844284447e-03
4.068492423946150696e-03
4.066878714450291796e-03
4.065283276685100443e-03
4.063674851988430085e-03
4.062077075111737885e-03
4.060524884535708819e-03
4.058973862560981416e-03
4.057408211856037249e-03
4.055826677623266749e-03
4.054271905464048274e-03
4.052756627872505964e-03
4.051233227762474250e-03
4.049674675805739997e-03
4.048112463815248772e-03
4.046546488611851324e-03
4.044975361986044571e-03
4.043383534140265224e-03
4.041807523740569702e-03
4.040235919532694439e-03
4.038665014517651281e-03
4.037082760620266421e-03
4.035493372613542691e-03
4.033905554024095653e-03
4.032332802024076075e-03
4.030782512443144457e-03
4.029224904861364309e-03
4.027642941291524441e-03
4.026070575202092203e-03
4.024500970398253372e-03
4.022967461212433385e-03
4.021454497220799083e-03
4.019899995907820142e-03
4.018332282919976836e-03
4.016779074889720996e-03
4.015209980706183415e-03
4.013661101723064832e-03
4.012110516203887950e-03
4.010567755258926184e-03
4.009040607725273056e-03
4.007544327555617215e-03
4.006049133973527826e-03
4.004551383658828956e-03
4.003044662584929504e-03
4.001534480773246902e-03
4.000033470044594454e-03
3.998525342452128456e-03
3.997072029014821747e-03
3.995679781910204363e-03
3.994330573226487907e-03
3.992994622689354650e-03
3.991665150587095888e-03
3.990321734223215878e-03
3.988968169858172520e-03
3.987593746739215815e-03
3.986199613518507864e-03
3.984808251576998223e-03
3.983403033957995214e-03
3.981998911706687190e-03
3.980581705787303998e-03
3.979161165643540707e-03
3.977756737145435664e-03
3.976383124130147134e-03
3.975020753987207854e-03
3.973643862915313650e-03
3.972258094776168029e-03
3.970877949720784915e-03
3.969496980412059138e-03
3.968145375120570202e-03
3.966782989050641160e-03
3.965409066002806987e-03
3.964033041379658867e-03
3.962679435108842387e-03
3.961309333130701507e-03
3.959960506410296725e-03
3.958630117100149330e-03
3.957333048864093705e-03
3.956060804172490709e-03
3.954810921357089157e-03
3.953590221434803535e-03
3.952384363268496639e-03
3.951178405227627997e-03
3.949961074725016202e-03
3.948787854668839650e-03
3.947632606476953257e-03
3.946473973322313193e-03
3.945309998847864805e-03
3.944147053082344354e-03
3.942972578297237671e-03
3.941799096169770235e-03
3.940636770091946774e-03
3.939475287999710459e-03
3.938311113753046808e-03
3.937168159542011117e-03
3.936042705681270203e-03
3.934925807906657080e-03
3.933866793944016706e-03
3.932787242363224196e-03
3.931721611609715998e-03
3.930649254490847268e-03
3.929571372831533634e-03
3.928453803619301465e-03
3.927342128243486476e-03
3.926217010054219685e-03
3.925076766465514753e-03
3.923942821829001261e-03
3.922813305933188326e-03
3.921671774804217150e-03
3.920526200530662954e-03
3.919382371898802453e-03
3.918231914873651113e-03
3.917093099136148039e-03
3.915971546759991311e-03
3.914864173870135841e-03
3.913772813665633392e-03
3.912703857957694487e-03
3.911627055898745688e-03
3.910544549562145963e-03
3.909452366877291460e-03
3.908359549891521345e-03
3.907267453831429760e-03
3.906186896643210928e-03
3.905126503533147119e-03
3.904060787293471297e-03
3.903008484720498893e-03
3.901982313417115197e-03
3.900955440151388214e-03
3.899940426027925355e-03
3.898945966497916003e-03
3.897975468077975823e-03
3.897051367855398820e-03
3.896142631162149029e-03
3.895237378025470047e-03
3.894343470790309278e-03
3.893473551627515527e-03
3.892594562712112672e-03
3.891716431605597541e-03
3.890835387129617032e-03
3.889953040074601437e-03
3.889075298564134437e-03
3.888160250474519044e-03
3.887239771754378952e-03
3.886308309052950976e-03
3.885379822761543794e-03
3.884456741357244797e-03
3.883539784925924693e-03
3.882623981021069044e-03
3.881716349945091033e-03
3.880808229998264271e-03
3.879880890237669654e-03
3.878941365600947853e-03
3.877974669765357502e-03
3.877021551495338572e-03
3.876074336975120303e-03
3.875137317531657938e-03
3.874190585818929836e-03
3.873254302286972383e-03
3.872347944068820456e-03
3.871462952485223499e-03
3.870569654221527565e-03
3.869691488945775984e-03
3.868803239717124275e-03
3.867919419567145828e-03
3.867033262422656277e-03
3.866139244719223392e-03
3.865237870920175487e-03
3.864333015296958756e-03
3.863419752245856199e-03
3.862501577565344898e-03
3.861558871364103879e-03
3.860607144896321345e-03
3.859643779372095782e-03
3.858664028790320753e-03
3.857671091083110255e-03
3.856666812177922919e-03
3.855655725236990187e-03
3.854638451952799912e-03
3.853639414378530470e-03
3.852629234109315910e-03
3.851628977723812672e-03
3.850627662236019190e-03
3.849626076790538861e-03
3.848625781131826372e-03
3.847605029169877053e-03
3.846585669598959634e-03
3.845558133523060453e-03
3.844528922178522181e-03
3.843505511925356371e-03
3.842484252350192569e-03
3.841468639935134190e-03
3.840443270314043093e-03
3.839433416853164568e-03
3.838439214239528809e-03
3.837458377034838435e-03
3.836480600694406294e-03
3.835497792371375756e-03
3.834514499421369949e-03
3.833513374466449367e-03
3.832518970736400153e-03
3.831512635596054546e-03
3.830496217103642430e-03
3.829473957922406666e-03
3.828440137956093826e-03
3.827406600598280521e-03
3.826389799695276931e-03
3.825369435146854652e-03
3.824355914773273826e-03
3.823326571952083506e-03
3.822308954917346107e-03
3.821290335369142803e-03
3.820273450721730669e-03
3.819267368764127629e-03
3.818263006139956291e-03
3.817261783264390158e-03
3.816246451286760266e-03
3.815231243487938670e-03
3.814244057734444884e-03
3.813256314243294257e-03
3.812273189597620293e-03
3.811297019416219883e-03
3.810319630147594207e-03
3.809364544470687265e-03
3.808435226267072558e-03
3.807518390052985324e-03
3.806606760512587506e-03
3.805690138600191248e-03
3.804781895601112938e-03
3.803866291823724405e-03
3.802953001830344012e-03
3.802049314771342291e-03
3.801147390856593998e-03
3.800240850817993617e-03
3.799332229813554788e-03
3.798441446137754834e-03
3.797567794182627604e-03
3.796706934358971223e-03
3.795860760535752290e-03
3.795005299358707260e-03
3.794153094644911461e-03
3.793302425037793288e-03
3.792454354127015263e-03
3.791609485220804113e-03
3.790779494627240405e-03
3.789946043179639752e-03
3.789120362490877580e-03
3.788314021937038215e-03
3.787507029405055067e-03
3.786715534249221644e-03
3.785943651111046537e-03
3.785190710347760557e-03
3.784441677053711640e-03
3.783698812810664964e-03
3.782963179237239064e-03
3.782230130109352686e-03
3.781512974544444603e-03
3.780794478195172344e-03
3.780055276358720243e-03
3.779305195258752473e-03
3.778559308007987082e-03
3.777822167966370104e-03
3.777118443980803392e-03
3.776448271012431638e-03
3.775773655319180060e-03
3.775087905327964826e-03
3.774413283740824573e-03
3.773743862239399213e-03
3.773080349556125635e-03
3.772420822461074359e-03
3.771754762213671945e-03
3.771090595554265571e-03
3.770406470646689174e-03
3.769699633002783056e-03
3.768989439269038177e-03
3.768273260482580753e-03
3.767555763964689809e-03
3.766830788007347833e-03
3.766102832309143819e-03
3.765376133910897961e-03
3.764655560012973058e-03
3.763962604768571196e-03
3.763267908764073803e-03
3.762586573159106603e-03
3.761925617428040283e-03
3.761279689922192044e-03
3.760642090894498329e-03
3.760030791140673949e-03
3.759421264058849643e-03
3.758805567448384767e-03
3.758214577564248770e-03
3.757630907801001556e-03
3.757059080389428714e-03
3.756478823734915942e-03
3.755897180081187170e-03
3.755292021046185546e-03
3.754672476877825120e-03
3.754046518030894255e-03
3.753420323211051172e-03
3.752797751228215909e-03
3.752193923275546315e-03
3.751602146029470782e-03
3.751003464052515314e-03
3.750404121529604239e-03
3.749777616189435558e-03
3.749133751922289603e-03
3.748481900776695977e-03
3.747819686816788228e-03
3.747156183532793748e-03
3.746501538184282467e-03
3.745859265637579462e-03
3.745226701537909732e-03
3.744594513592090692e-03
3.743968984441911532e-03
3.743352189388149398e-03
3.742741195366606956e-03
3.742133964160184768e-03
3.741523912958325763e-03
3.740915153008537736e-03
3.740296365805085167e-03
3.739682862545281108e-03
3.739063411706043758e-03
3.738435079805777460e-03
3.737800524875241250e-03
3.737160062600033451e-03
3.736507320847598946e-03
3.735870551269093818e-03
3.735234968806673377e-03
3.734611010856665053e-03
3.733977899960429399e-03
3.733337158869573080e-03
3.732694842734150635e-03
3.732049061612051268e-03
3.731393745547388532e-03
3.730713204771892669e-03
3.730014432685110209e-03
3.729294950862092808e-03
3.728576952371244306e-03
3.727858100163387260e-03
3.727152275733612227e-03
3.726432560890955651e-03
3.725703567839964200e-03
3.724968081457073234e-03
3.724227804848298778e-03
3.723494460555361145e-03
3.722759151034825235e-03
3.722031908523986288e-03
3.721293939433137268e-03
3.720552025925827257e-03
3.719799652351787802e-03
3.719042378565424762e-03
3.718278113365000321e-03
3.717521712537241989e-03
3.716776662635943706e-03
3.716037997506026289e-03
3.715297724095028512e-03
3.714575068140348740e-03
3.713869566722217182e-03
3.713174779824905680e-03
3.712483129149880823e-03
3.711800501496328314e-03
3.711119627278301920e-03
3.710442955317676521e-03
3.709753436801336082e-03
3.709061787720421919e-03
3.708383251341986712e-03
3.707702384664357444e-03
3.707028897389772967e-03
3.706365260392236512e-03
3.705702695530566255e-03
3.705059798290335875e-03
3.704442032648353270e-03
3.703832563381949817e-03
3.703236122210411003e-03
3.702639691681726842e-03
3.702041900552538456e-03
3.701427338596899839e-03
3.700791179938888592e-03
3.700149215109463461e-03
3.699517220445744381e-03
3.698884760216576695e-03
3.698261387832294488e-03
3.697630274162950082e-03
3.696991769863849486e-03
3.696367529712709776e-03
3.695756538350742585e-03
3.695165686220426224e-03
3.694575240026825962e-03
3.693972671753052717e-03
3.693364572243350557e-03
3.692746097741490038e-03
3.692131555613317045e-03
3.691526984354457849e-03
3.690935940165643477e-03
3.690351732160810413e-03
3.689784619175279830e-03
3.689225431336072298e-03
3.688688890279215229e-03
3.688162079261998912e-03
3.687645567722814318e-03
3.687134624789160844e-03
3.686628238522748381e-03
3.686144401635159731e-03
3.685670665068787634e-03
