7.396381125696833806e+03
5.672320616291704937e+03
5.672320616291704937e+03
6.045571504821767121e+03
7.129509027064868860e+03
6.050291953828014812e+03
6.638695636057158481e+03
6.334761060372764405e+03
6.266186569147447699e+03
6.916365880576074233e+03
7.203406793978530914e+03
5.356431776201231514e+03
6.444322734600156764e+03
6.643520788656089280e+03
7.196484337572788718e+03
5.766926708831530050e+03
6.252233972392778014e+03
6.095318790994801020e+03
6.698732480959595705e+03
5.613376266012413907e+03
6.871895620832267014e+03
5.269111160103070688e+03
5.592825085991939886e+03
5.907090783416210797e+03
4.656264318515751256e+03
8.076720924778634071e+03
7.148977600866746798e+03
8.055518576545659016e+03
7.762289660786173044e+03
5.750226530045517393e+03
5.290583910916000605e+03
5.911797247755378521e+03
5.198748529190167574e+03
4.720473045314593946e+03
5.457629452235905774e+03
5.991016620022801362e+03
7.215710475034034971e+03
7.466558359949390251e+03
6.533468967768443690e+03
5.407675606073666131e+03
6.889421762800785473e+03
6.295936761460345224e+03
5.355025707746394801e+03
5.243012598139324837e+03
5.595643258632753714e+03
6.351441066634465642e+03
6.597976642081776845e+03
4.991054433476148006e+03
8.837191541209003844e+03
5.259442710224124312e+03
6.013501529621118607e+03
5.412073338333845641e+03
5.730191425640935449e+03
5.392828457777803123e+03
5.090647635383723355e+03
6.228598259947304541e+03
5.798846259734940759e+03
5.999192444352195707e+03
5.866692642468910890e+03
6.492778601141528270e+03
6.109104934597990905e+03
5.575421410051712883e+03
5.036785195287804527e+03
7.011158620741504819e+03
5.461547997343287534e+03
7.644028679798127087e+03
6.016894698701500602e+03
6.430352686517521761e+03
4.895551190115406825e+03
4.583905439585562817e+03
5.919671163982976395e+03
6.012764325262499369e+03
6.160659574984755636e+03
5.486048347529495913e+03
5.601468309227891041e+03
6.128631919312209902e+03
6.853253810169563621e+03
6.044756984291516346e+03
4.830164081846992303e+03
6.007778203882097841e+03
4.907842916389986385e+03
7.768321630188473137e+03
5.390014820255678387e+03
6.276180588940946109e+03
6.149471419628716831e+03
5.496587605032658757e+03
6.041473165627059643e+03
6.189076292102731713e+03
5.718408140021218969e+03
6.208794902884825206e+03
5.881174271537856839e+03
5.944228889803136553e+03
5.822382641488302397e+03
5.555853307381283230e+03
5.920597235342833301e+03
6.012672123572671808e+03
5.805724366936715342e+03
6.648324639282848693e+03
6.824116133334195183e+03
6.008366102805891387e+03
