4.391673453180637843e+00
4.546062643774144263e+00
4.546062643774144263e+00
4.352201555514282560e+00
5.111941741579046905e+00
4.280187372947120039e+00
4.380768368235215426e+00
4.598403880193387749e+00
4.287555201218263612e+00
5.093654468227954979e+00
4.148515106884469894e+00
4.618673998691913418e+00
4.727625828940352548e+00
5.188705007144680970e+00
5.085017218606942890e+00
4.777147603093419015e+00
4.412117534790524154e+00
4.398865792322039781e+00
4.497536778279428660e+00
4.295566619703101274e+00
4.478124631151128909e+00
4.422018214798790758e+00
4.475515360919949615e+00
4.896277203537844791e+00
4.489309219414924890e+00
5.012360142591837153e+00
4.673397404877005279e+00
4.561344405502198995e+00
4.582764817010215097e+00
4.271606116796912822e+00
4.832951086231517479e+00
4.200890723645771097e+00
4.547784074207135596e+00
5.014941951187700475e+00
4.520185114553279426e+00
5.385818472636693777e+00
4.187463946416826843e+00
4.449605320316153190e+00
4.266071625276445900e+00
4.190314528863513743e+00
8.338156687720299942e+00
4.422379358084996603e+00
4.484397801701301312e+00
4.415817612514099544e+00
5.091090823197773396e+00
4.614533032696677139e+00
4.453832747206361908e+00
5.122506055851101081e+00
4.571047702356920261e+00
4.413637582039188878e+00
4.772466466156403797e+00
4.231850225017602440e+00
4.409531305873082729e+00
5.065696497200194770e+00
4.956817231073467944e+00
4.683958530047771518e+00
4.461234308569383522e+00
4.373536341533828420e+00
4.819320114790497378e+00
4.240841556473583296e+00
4.429229274957168450e+00
4.365087114445832306e+00
4.179456050408016488e+00
4.267563299235529684e+00
4.716384288030702976e+00
4.824328717769978070e+00
4.355558235866912931e+00
6.000130367826525202e+00
4.965301801349387922e+00
4.473513413297252939e+00
4.487624802622039333e+00
4.584992844822352254e+00
4.325462218793165725e+00
8.121217116766192845e+00
4.329519700144110139e+00
4.433564114552067892e+00
4.800675032170134138e+00
4.750311721732074055e+00
4.498383003444757833e+00
4.939779482475872285e+00
5.009429128481038163e+00
4.459541563966032740e+00
4.179015348127411045e+00
4.478963082049972400e+00
4.376790062912532697e+00
4.578206369836755663e+00
4.504993296215631382e+00
5.042537814775932326e+00
4.415863477827811856e+00
4.530081837191871408e+00
4.380952492255944186e+00
5.156418144390770841e+00
5.016677967225259493e+00
4.472081789125050832e+00
4.171893329066204359e+00
4.478763877963158002e+00
4.349573291910284745e+00
4.329513114323860989e+00
4.639618964193879869e+00
4.241351702854891492e+00
