3.500075000000164860e-05
7.924351356057763619e-05
6.470457161438186808e-05
5.629696957142416247e-05
5.429263015011208485e-05
5.106092764301506506e-05
5.028069437609606403e-05
5.291543303813474655e-05
5.153629847149426060e-05
5.069524657907332349e-05
4.998425612314645573e-05
4.863525463031390870e-05
4.694755324636314684e-05
4.592154817894610692e-05
4.588946553244566205e-05
4.585537206046022736e-05
4.605675280198098386e-05
4.509842116543908629e-05
4.455383168952403841e-05
4.440493069373248032e-05
4.408560612988738633e-05
4.357980144981423961e-05
4.341120105431297036e-05
4.303332296621797780e-05
4.262579684323515317e-05
4.207449684568140876e-05
4.168840356789096983e-05
4.107859177320730934e-05
4.059711855687683118e-05
4.001301806127603088e-05
3.954389262659253201e-05
3.899467131319422886e-05
3.850407967410126290e-05
3.808122841290149788e-05
3.771560620332739088e-05
3.749406325447099414e-05
3.719340212126233532e-05
3.701918044418729442e-05
3.697075718554932729e-05
3.687828147321689444e-05
3.672558653158123645e-05
3.668605065107721888e-05
3.647721702376412276e-05
3.628340659198900462e-05
3.607961432165104210e-05
3.592583504577049925e-05
3.579239757172755250e-05
3.563813841694210625e-05
3.551619813871728990e-05
3.528109031859910628e-05
3.508198756296877118e-05
3.491694636178779246e-05
3.475375884423844764e-05
3.463516747979182450e-05
3.454053719774954543e-05
3.438664982120511132e-05
3.425514550594587772e-05
3.413620776356691630e-05
3.397913405039083807e-05
3.380679030808924978e-05
3.365532691369362087e-05
3.346834158795485389e-05
3.327680728226037918e-05
3.310036415273762540e-05
3.291512239688068863e-05
3.279633506721694205e-05
3.266730834212410871e-05
3.255847874111095192e-05
3.244488214898701958e-05
3.227749432933803200e-05
3.213157508793521407e-05
3.196165486736573949e-05
3.180028811177639382e-05
3.163269677234791297e-05
3.148433551967242137e-05
3.134158734506936020e-05
3.122546970731609214e-05
3.108560387024377186e-05
3.095552691642624660e-05
3.083997530200016592e-05
3.072400915074456021e-05
3.060204822856379812e-05
3.049220679262649872e-05
3.036106231201673167e-05
3.025557429609602430e-05
3.013966773852340040e-05
3.001957437131690467e-05
2.990223356457855905e-05
2.979265203006121852e-05
2.968208762264000047e-05
2.955286835459429247e-05
2.943168207929804431e-05
2.931283284581045085e-05
2.918575831786381059e-05
2.908084059045229226e-05
2.897130691312055641e-05
2.887308763760564772e-05
2.877527268585028760e-05
2.868709653608523893e-05
2.858753735566525329e-05
2.848204709779132048e-05
2.837215660704363982e-05
2.825637765929401335e-05
2.813946055348343479e-05
2.801923364204654025e-05
2.789767150132943272e-05
2.778454458727081737e-05
2.767300609145306709e-05
2.756564655089677968e-05
2.747160680328325789e-05
2.737914183282998245e-05
2.729621745130567423e-05
2.722190392921034152e-05
2.713937659264272303e-05
2.705894436483355307e-05
2.698662199462628097e-05
2.690811806314174917e-05
2.682196957130198150e-05
2.673596718118106491e-05
2.663966220172952034e-05
2.653936520617857970e-05
2.644150740253905894e-05
2.634222377558981734e-05
2.624598155598269295e-05
2.614734858259466264e-05
2.605018485541339259e-05
2.595670833533477736e-05
2.586368867627905185e-05
2.577056608124824450e-05
2.567729527444376247e-05
2.558677604945473833e-05
2.549471457358141470e-05
2.540516568201264632e-05
2.531797478976563522e-05
2.523031042136466301e-05
2.514338210408459572e-05
2.505505085971398586e-05
2.496674008548458649e-05
2.488004799849186151e-05
2.479471643017512031e-05
2.470837456588681258e-05
2.462322151761796730e-05
2.453863761745729485e-05
2.445541041690816350e-05
2.437341999868834321e-05
2.429349028417370561e-05
2.421485759452595424e-05
2.413728534676969726e-05
2.405806385956302913e-05
2.397968523220449656e-05
2.390227934667110937e-05
2.382532068317172168e-05
2.374860593331947051e-05
2.367139951552269227e-05
2.359492932398205147e-05
2.351918314417280733e-05
2.344419336960430625e-05
2.337060570635352070e-05
2.329726508980384147e-05
2.322468192493448553e-05
2.315255910791885885e-05
2.308132870199414247e-05
2.301042110904019105e-05
2.294016138369608698e-05
2.287081238449784073e-05
2.280190712704606703e-05
2.273414225808414037e-05
2.266696424373397436e-05
2.260021760133913235e-05
2.253419121090480764e-05
2.246824676086243760e-05
2.240283850038636259e-05
2.233823715081229203e-05
2.227395435293722090e-05
2.221022577704374098e-05
2.214750364596662692e-05
2.208486241511815074e-05
2.202274799845506921e-05
2.196125332401912579e-05
2.190029520411671622e-05
2.183972279058133583e-05
2.177965495750908460e-05
2.172007282739530393e-05
2.166098212043398257e-05
2.160256355487991751e-05
2.154448811326084519e-05
2.148680715745507805e-05
2.142970472666245386e-05
2.137301756828930194e-05
2.131676012346013038e-05
2.126133329716100743e-05
2.120632836400245525e-05
2.115141235777943747e-05
2.109829648211064519e-05
2.104481363829298807e-05
2.099148107993274609e-05
2.093914676218247884e-05
2.088696405851856537e-05
2.083558164910442970e-05
2.078386904856467253e-05
2.073226191687083545e-05
2.068094643786253816e-05
2.062995021162438924e-05
2.057939201388650849e-05
2.052927312653341331e-05
2.047978792831643905e-05
2.043038122290740432e-05
2.038138410739548080e-05
2.033257347872820744e-05
2.028417856669651866e-05
2.023606661821208681e-05
2.018837305250279260e-05
2.014095870792049546e-05
2.009389067525623441e-05
2.004714910292451223e-05
2.000071578427546726e-05
1.995463558045919628e-05
1.990882410351396917e-05
1.986337636910975301e-05
1.981818426085514532e-05
1.977329592183507960e-05
1.972872156497993790e-05
1.968468155210575436e-05
1.964076070072866709e-05
1.959706597609532020e-05
1.955367360827497448e-05
1.951064870416405978e-05
1.946802592262214952e-05
1.942611378413068728e-05
1.938405668909605730e-05
1.934231476972517622e-05
1.930059820379491486e-05
1.925914214834372764e-05
1.921794706212016612e-05
1.917701686648370360e-05
1.913634947310905915e-05
1.909595166536341536e-05
1.905585149230027293e-05
1.901615758535133902e-05
1.897663277788871409e-05
1.893739339424821931e-05
1.889848352276157466e-05
1.885973747253018716e-05
1.882153813307458831e-05
1.878373791088423116e-05
1.874588014714440688e-05
1.870825404184644567e-05
1.867103378100017118e-05
1.863367901737148706e-05
1.859682005424914255e-05
1.856024006907797802e-05
1.852387754744146402e-05
1.848807894086095511e-05
1.845265836273668139e-05
1.841730567636219943e-05
1.838256488807948693e-05
1.834814523967459739e-05
1.831452496624046914e-05
1.828049459359533193e-05
1.824698434798283862e-05
1.821371524729710245e-05
1.818041354153575122e-05
1.814727507739028652e-05
1.811435074880958415e-05
1.808147917006623040e-05
1.804957715003220617e-05
1.801806255768404510e-05
1.798692252897545932e-05
1.795667360080981380e-05
1.792519277628141735e-05
1.789331973523934904e-05
1.786181133681621308e-05
1.783048023130319012e-05
1.779973868108379278e-05
1.776906175866263242e-05
1.773750130598173826e-05
1.770593759452720174e-05
1.767469846954932607e-05
1.764363246586553158e-05
1.761250756332732566e-05
1.758198979846104429e-05
1.755156963855624992e-05
1.752189926409011730e-05
1.749222462298994493e-05
1.746286609068996312e-05
1.743364401569962924e-05
1.740441102666832651e-05
1.737562428085688321e-05
1.734645842217021891e-05
1.731725772491852141e-05
1.728785629354299879e-05
1.725862341029461863e-05
1.722956330102638246e-05
1.720113845953142107e-05
1.717271091832407135e-05
1.714453565234138824e-05
1.711618472805982784e-05
1.708809739536513886e-05
1.705989636850242382e-05
1.703198727776283200e-05
1.700423831859981119e-05
1.697622881901641616e-05
1.694864961599620298e-05
1.692092685596222325e-05
1.689321504731147302e-05
1.686572137971230123e-05
1.683823268632791205e-05
1.681098364511872642e-05
1.678388348387610635e-05
1.675687735548919344e-05
1.672999488827560928e-05
1.670328302155140145e-05
1.667662616049461700e-05
1.665010258679541720e-05
1.662365540791729633e-05
1.659733394987672115e-05
1.657118548489388077e-05
1.654511132815701853e-05
1.651916855578030764e-05
1.649341127203215310e-05
1.646780972685577690e-05
1.644231296928635392e-05
1.641707816875834724e-05
1.639183270965771376e-05
1.636723025761977542e-05
1.634257081147848481e-05
1.631828356089605559e-05
1.629430869687268724e-05
1.627030152640639765e-05
1.624668633750664059e-05
1.622288621780036864e-05
1.619911425423202337e-05
1.617587956160606083e-05
1.615265786030315603e-05
1.612940148220991528e-05
1.610632856808598881e-05
1.608344126320796470e-05
1.606042652650208416e-05
1.603758085510128406e-05
1.601522785572638446e-05
1.599338065987605768e-05
1.597078932626698402e-05
1.594829053417577206e-05
1.592556122365533847e-05
1.590330571696669566e-05
1.588090745641932431e-05
1.585825136596370150e-05
1.583592607798805114e-05
1.581333779974688006e-05
1.579087589582189914e-05
1.576860076920011644e-05
1.574624549690960664e-05
1.572398002508257597e-05
1.570181652789525928e-05
1.567974916947983648e-05
1.565777917915873419e-05
1.563590381004047603e-05
1.561425943767127009e-05
1.559258115291519859e-05
1.557122930958848250e-05
1.555003282644585151e-05
1.552904873268071216e-05
1.550776637291595981e-05
1.548654360686773854e-05
1.546549691559816908e-05
1.544448156291233572e-05
1.542358229538172372e-05
1.540295579263539869e-05
1.538213035366344360e-05
1.536141278770908168e-05
1.534069984409794856e-05
1.532007222381942963e-05
1.529954315275542851e-05
1.527913428951510968e-05
1.525875551476464175e-05
1.523847180640079427e-05
1.521826580542244074e-05
1.519832641957587064e-05
1.517835361335945918e-05
1.515838891183140742e-05
1.513848666079753010e-05
1.511868342018718007e-05
1.509893834433487929e-05
1.507926595247406394e-05
1.505972355562101660e-05
1.504024870508715924e-05
1.502080498610569057e-05
1.500143594542646871e-05
1.498214980086823451e-05
1.496299521491687032e-05
1.494385328265580670e-05
1.492487090880325316e-05
1.490594356070652916e-05
1.488712821213097883e-05
1.486840304261748156e-05
1.484969989814345069e-05
1.483114697217613786e-05
1.481255200855963704e-05
1.479407239025186478e-05
1.477570352093707838e-05
1.475737013460245284e-05
1.473904028725516271e-05
1.472082742128673420e-05
1.470260184899811439e-05
1.468444161551507167e-05
1.466634721795633000e-05
1.464834774401990398e-05
1.463040190525555509e-05
1.461252390251322145e-05
1.459469304660708522e-05
1.457696357674652100e-05
1.455936484668494351e-05
1.454176345126093350e-05
1.452422410048876804e-05
1.450673792911401847e-05
1.448933353325900479e-05
1.447200246941391118e-05
1.445468808124480621e-05
1.443745869579510817e-05
1.442026330347235914e-05
1.440312966079689434e-05
1.438607892391496932e-05
1.436907652672105540e-05
1.435212782814440379e-05
1.433524606812964201e-05
1.431844833918524114e-05
1.430171026660162250e-05
1.428506709855469192e-05
1.426846010075491256e-05
1.425189993119084133e-05
1.423538795244285892e-05
1.421890941378516278e-05
1.420248408724374596e-05
1.418617278930944918e-05
1.416986185782232381e-05
1.415362214771244055e-05
1.413745189479577045e-05
1.412134925364417242e-05
1.410534767382636863e-05
1.408935015382975947e-05
1.407338090923092564e-05
1.405746343558172710e-05
1.404166898807278502e-05
1.402601548056374477e-05
1.401041388424233497e-05
1.399492994921580001e-05
1.397939522911972715e-05
1.396389910848361683e-05
1.394843212478486094e-05
1.393303991017069703e-05
1.391766404798057307e-05
1.390231749244864392e-05
1.388713711668541816e-05
1.387195718527961016e-05
1.385681629904623358e-05
1.384203247211333538e-05
1.382720094493788779e-05
1.381243949040083461e-05
1.379776488423016378e-05
1.378313749581134191e-05
1.376860460522500187e-05
1.375417092549973234e-05
1.373966557240557121e-05
1.372523877782903165e-05
1.371084858025702423e-05
1.369645529522707620e-05
1.368207034333491718e-05
1.366762752129022864e-05
1.365334851436547843e-05
1.363912909090650213e-05
1.362491739086088402e-05
1.361069369690042565e-05
1.359649528139361399e-05
1.358247044264887309e-05
1.356836925378228801e-05
1.355443948782579526e-05
1.354060803693115045e-05
1.352672013688065487e-05
1.351294636311687655e-05
1.349949478824306397e-05
1.348588322639101651e-05
1.347226561627810332e-05
1.345865425087595430e-05
1.344508888168727240e-05
1.343136428902173254e-05
1.341763734773635552e-05
1.340400512676672160e-05
1.339036326055106341e-05
1.337672564156584291e-05
1.336320613277658778e-05
1.334964695548381444e-05
1.333613507804225643e-05
1.332262927022435681e-05
1.330922753837195772e-05
1.329587074111868932e-05
1.328251923742290714e-05
1.326917335263394047e-05
1.325592433654280389e-05
1.324273987025825639e-05
1.322951639349748849e-05
1.321637278337138525e-05
1.320327441526170895e-05
1.319017158692181790e-05
1.317711167796637175e-05
1.316415052460155495e-05
1.315127826437608656e-05
1.313839217843951573e-05
1.312559203214310797e-05
1.311282173823667109e-05
1.310006622378283222e-05
1.308733278494728561e-05
1.307466890889438359e-05
1.306212578734278777e-05
1.304960859237765832e-05
1.303702168556780140e-05
1.302444888583179436e-05
1.301196265001401155e-05
1.299952398361283858e-05
1.298716050392269789e-05
1.297488535162480874e-05
1.296258517962049474e-05
1.295029252525105994e-05
1.293804769734654591e-05
1.292583412771039700e-05
1.291361648925885783e-05
1.290140153305080101e-05
1.288922432896523929e-05
1.287704593298546342e-05
1.286486944483042429e-05
1.285273018753332002e-05
1.284062520758348796e-05
1.282855391035621311e-05
1.281651413031817377e-05
1.280451407544883884e-05
1.279254202704367811e-05
1.278060391002212797e-05
1.276870409179683603e-05
1.275683277279873287e-05
1.274499958056884669e-05
1.273319333043031017e-05
1.272142179081320619e-05
1.270968576422556326e-05
1.269797954383419386e-05
1.268631046227908468e-05
1.267466705192211223e-05
1.266306133830164292e-05
1.265149602643013995e-05
1.263995565134146805e-05
1.262844311335097751e-05
1.261695798714248516e-05
1.260550759155356394e-05
1.259409325505458284e-05
1.258272383916695740e-05
1.257140018918998883e-05
1.256012246998724264e-05
1.254883484365786371e-05
1.253761285225100854e-05
1.252638474063883665e-05
1.251518752582105487e-05
1.250400918861226244e-05
1.249287796940123472e-05
1.248177172997026006e-05
1.247068252476197434e-05
1.245962719692294497e-05
1.244859692312220025e-05
1.243760755585770273e-05
1.242663630681328964e-05
1.241570926492430959e-05
1.240481335011870971e-05
1.239393009813047161e-05
1.238307782195323223e-05
1.237225241060992308e-05
1.236148829126607605e-05
1.235072847823931004e-05
1.234001141872054989e-05
1.232930173044996506e-05
1.231861956700763222e-05
1.230796695067902768e-05
1.229733928614245101e-05
1.228673589054282360e-05
1.227615842966688954e-05
1.226560939672954241e-05
1.225508755600400896e-05
1.224459462776617151e-05
1.223414083581941322e-05
1.222374381890609389e-05
1.221336104284165996e-05
1.220299184685075921e-05
1.219276476327288071e-05
1.218252365046816598e-05
1.217224201545897470e-05
1.216202279749374248e-05
1.215182902759482614e-05
1.214161729456245379e-05
1.213144692721175748e-05
1.212128700890151303e-05
1.211117348378577280e-05
1.210107146777923982e-05
1.209098007277505851e-05
1.208090716852532008e-05
1.207085989792152232e-05
1.206094061402051530e-05
1.205106194961791101e-05
1.204128440162109609e-05
1.203147128900960732e-05
1.202173461469231816e-05
1.201191497234172679e-05
1.200215588064276596e-05
1.199239556412510184e-05
1.198264778841876332e-05
1.197294476292616755e-05
1.196320900527781879e-05
1.195350474410414550e-05
1.194393523795299331e-05
1.193444159356234690e-05
1.192502217765348046e-05
1.191572003451748688e-05
1.190648548995718666e-05
1.189716914123027434e-05
1.188784148255017611e-05
1.187847921927844003e-05
1.186915491528987653e-05
1.185981817316055012e-05
1.185047705169641286e-05
1.184115283080145962e-05
1.183196159920302925e-05
1.182280238390269951e-05
1.181363044656146042e-05
1.180442349703246509e-05
1.179525793036803246e-05
1.178610628478103388e-05
1.177711183187267486e-05
1.176803750376471491e-05
1.175898919291804920e-05
1.174995536017909157e-05
1.174089727670614127e-05
1.173182256740269246e-05
1.172289522721392216e-05
1.171406720310631019e-05
1.170530004802733687e-05
1.169657342709194057e-05
1.168788747498987958e-05
1.167934233505751616e-05
1.167087964126654992e-05
1.166240328280563101e-05
1.165378313900132566e-05
1.164522193423662126e-05
1.163660772583125068e-05
1.162802367918640857e-05
1.161941017636475329e-05
1.161088016266382217e-05
1.160230860648343130e-05
1.159365527663233681e-05
1.158498746485461505e-05
1.157636452851720160e-05
1.156781172250946616e-05
1.155928243501233062e-05
1.155078946311479246e-05
1.154247203028859386e-05
1.153402762986982087e-05
1.152577973164305650e-05
1.151757577295899572e-05
1.150941858035750162e-05
1.150120768562375837e-05
1.149312822386330161e-05
1.148505380580915573e-05
1.147707747425554223e-05
1.146902245759266837e-05
1.146092874119866967e-05
1.145275450135275606e-05
1.144459242811624906e-05
1.143636625979428312e-05
1.142806977175494738e-05
1.141981010273261227e-05
1.141158179965416172e-05
1.140326890802884912e-05
1.139502949409225947e-05
1.138677407725000078e-05
1.137851434909902477e-05
1.137024103136395849e-05
1.136200038240390737e-05
1.135378977747658490e-05
1.134556324996326899e-05
1.133735514990648948e-05
1.132914761338878506e-05
1.132095858916812940e-05
1.131272756400226471e-05
1.130453965926343054e-05
1.129634125550427259e-05
1.128817452907844120e-05
1.128002112842424490e-05
1.127189869379106085e-05
1.126377130074275570e-05
1.125568355660408414e-05
1.124758434440980011e-05
1.123950468903069487e-05
1.123143909063230064e-05
1.122339224197769212e-05
1.121537514784642220e-05
1.120736715522672787e-05
1.119938258470476552e-05
1.119141769760557206e-05
1.118345991120026369e-05
1.117553251174661112e-05
1.116764824903187854e-05
1.115975434555430276e-05
1.115188659684867533e-05
1.114403793854695260e-05
1.113619641492497195e-05
1.112835721597967699e-05
1.112054871392095486e-05
1.111274824927724016e-05
1.110498202369405974e-05
1.109723666440640751e-05
1.108948883178182085e-05
1.108178899955061964e-05
1.107407171158034628e-05
1.106638041188202878e-05
1.105871495228463750e-05
1.105109953340714063e-05
1.104346615940356628e-05
1.103584213199415909e-05
1.102826407586067119e-05
1.102071807813271814e-05
1.101321783609167668e-05
1.100576169363177773e-05
1.099825807102654120e-05
1.099082138040253962e-05
1.098342153384169307e-05
1.097598872704821301e-05
1.096852873821890545e-05
1.096106372282524840e-05
1.095363813169888686e-05
1.094620217469154561e-05
1.093878995475697383e-05
1.093141615046428713e-05
1.092403880315453119e-05
1.091672692927072505e-05
1.090942540236584002e-05
1.090215620986388664e-05
1.089487281899361194e-05
1.088761684235025538e-05
1.088037787539314223e-05
1.087320541945355628e-05
1.086602301602938217e-05
1.085883132652734708e-05
1.085162465903586526e-05
1.084441829672549237e-05
1.083721176972726249e-05
1.083000667620467677e-05
1.082283647377016345e-05
1.081566122116436536e-05
1.080851159429305081e-05
1.080138528597484548e-05
1.079424412630610850e-05
1.078712958707582670e-05
1.078002409101590342e-05
1.077294051216865719e-05
1.076586495609566565e-05
1.075879034801279226e-05
1.075172547571303328e-05
1.074468195739929927e-05
1.073765897704764843e-05
1.073065791621333948e-05
1.072367576526765436e-05
1.071669064570894294e-05
1.070971343865179436e-05
1.070275087356260715e-05
1.069579828741513972e-05
1.068887163008570116e-05
1.068199231411219400e-05
1.067508956610610033e-05
1.066820449082540795e-05
1.066135139407645973e-05
1.065449022564634355e-05
1.064764311276928806e-05
1.064079705313569642e-05
1.063396809064912649e-05
1.062717516017189281e-05
1.062039062230873511e-05
1.061362244799963368e-05
1.060686549172586775e-05
1.060011599352412561e-05
1.059337641238708438e-05
1.058666185407240238e-05
1.057995812316531812e-05
1.057327032555714257e-05
1.056660331444664104e-05
1.055993984458591176e-05
1.055329765021891056e-05
1.054665453188615622e-05
1.054004242827320460e-05
1.053343403775762135e-05
1.052680959287634433e-05
1.052022798819699188e-05
1.051366970485548467e-05
1.050709643474647249e-05
1.050054530973235953e-05
1.049402584187065570e-05
1.048748130615008632e-05
1.048097441761842633e-05
1.047446998772654242e-05
1.046797236889406880e-05
1.046152701713963739e-05
1.045508131225149683e-05
1.044866557636943519e-05
1.044225845503563353e-05
1.043588534703074539e-05
1.042953952245432714e-05
1.042321098227747087e-05
1.041686186594774877e-05
1.041052214668261133e-05
1.040417836186307238e-05
1.039787766861977474e-05
1.039158663637226079e-05
1.038530463285425579e-05
1.037901376747710458e-05
1.037273836210920610e-05
1.036646191280271416e-05
1.036017548289187670e-05
1.035389197700048122e-05
1.034761267943984703e-05
1.034134745634108977e-05
1.033510988241614941e-05
1.032890356143434750e-05
1.032272324637355944e-05
1.031652608320148637e-05
1.031032659744923749e-05
1.030414120028286380e-05
1.029795104975786421e-05
1.029175780236851641e-05
1.028559298338175679e-05
1.027943485806893940e-05
1.027328915772429609e-05
1.026717156554396436e-05
1.026108206549915689e-05
1.025498790439879944e-05
1.024891838718941619e-05
1.024289320613579371e-05
1.023687817489621846e-05
1.023087074430850499e-05
1.022486814856985857e-05
1.021887111144331717e-05
1.021293897069221120e-05
1.020701904357892119e-05
1.020108819776901010e-05
1.019517584579492069e-05
1.018926725941773201e-05
1.018335374883821292e-05
1.017750344848417100e-05
1.017167031795466136e-05
1.016588693208956693e-05
1.016006372084620205e-05
1.015420784466557074e-05
1.014834022340300028e-05
1.014249217260035563e-05
1.013667176003213126e-05
1.013086955570835719e-05
1.012508730861708295e-05
1.011927962679397675e-05
1.011346765257692748e-05
1.010769293038216283e-05
1.010189366595569541e-05
1.009611947836923640e-05
1.009032904428855754e-05
1.008459790055992052e-05
1.007885603342890640e-05
1.007317527564649340e-05
1.006745923401067589e-05
1.006175180540746302e-05
1.005605319442446303e-05
1.005033820330134291e-05
1.004462050117725358e-05
1.003892603695957200e-05
1.003320508879912027e-05
1.002749494375925503e-05
1.002178605651264525e-05
1.001610467903381297e-05
1.001045072344418259e-05
1.000482076875655317e-05
9.999202561832594625e-06
9.993587707007103114e-06
9.987991887289665601e-06
9.982380488346742121e-06
9.976753687280826314e-06
9.971147185769043745e-06
9.965558985400764863e-06
9.959958328789636262e-06
9.954388446889610490e-06
9.948835866755626042e-06
9.943305928076734895e-06
9.937833653682689875e-06
9.932347081395834348e-06
9.926860159942712717e-06
9.921367786351299533e-06
9.915892515204900934e-06
9.910415426326109236e-06
9.904945056189262513e-06
9.899510504595324220e-06
9.894062033003283609e-06
9.888619502226047135e-06
9.883159901985434534e-06
9.877705415017135632e-06
9.872243351801003830e-06
9.866796507282352772e-06
9.861360953495118138e-06
9.855933584916472506e-06
9.850534213013681573e-06
9.845161646077980590e-06
9.839791554953205847e-06
9.834408218470419417e-06
9.829042176305645843e-06
9.823685767896482942e-06
9.818325832326507677e-06
9.812971912340090157e-06
9.807623221898949478e-06
9.802281490934716663e-06
9.796943182651015447e-06
9.791611512966979405e-06
9.786290455291431434e-06
9.780978616801867001e-06
9.775675472787670573e-06
9.770388184769254145e-06
9.765108901293087694e-06
9.759834939552513590e-06
9.754567108765660471e-06
9.749305897451157369e-06
9.744058247665165091e-06
9.738821219111363483e-06
9.733605123499612560e-06
9.728383237967535210e-06
9.723170258515651459e-06
9.717970968101892661e-06
9.712780387808705234e-06
9.707588993249958802e-06
9.702411167117090462e-06
9.697232561222841603e-06
9.692070103235770346e-06
9.686918459833725740e-06
9.681767762725215998e-06
9.676643301328885188e-06
9.671524452403117207e-06
9.666421640325246296e-06
9.661315562098579871e-06
9.656213287776939700e-06
9.651111374543323973e-06
9.646025938548430454e-06
9.640938702171700659e-06
9.635860806356698127e-06
9.630788456208089551e-06
9.625729587166641747e-06
9.620673380547371809e-06
9.615624621630638211e-06
9.610589493824218797e-06
9.605562681213409559e-06
9.600555614380638144e-06
9.595550388944368154e-06
9.590603085607787848e-06
9.585643084565588650e-06
9.580686005829317647e-06
9.575752975340269294e-06
9.570838931929347395e-06
9.565909130494636801e-06
9.560995090556641466e-06
9.556111565704694351e-06
9.551234574783893820e-06
9.546348591235920863e-06
9.541471562105653816e-06
9.536610573093857619e-06
9.531741032338384074e-06
9.526886484103280311e-06
9.522052598244573203e-06
9.517259971071080548e-06
9.512450981541043077e-06
9.507669824782396980e-06
9.502872665956622439e-06
9.498077055982379546e-06
9.493257222257374622e-06
9.488455448031812058e-06
9.483655342818422224e-06
9.478863088836468682e-06
9.474061918290457534e-06
9.469268767883584970e-06
9.464492884554782647e-06
9.459722858800278367e-06
9.454962876370695194e-06
9.450209269587828389e-06
9.445475396840774784e-06
9.440759120219222541e-06
9.436030609192625797e-06
9.431297727592578037e-06
9.426577066152450803e-06
9.421855735306845729e-06
9.417131482661018235e-06
9.412411972406178233e-06
9.407707384550182038e-06
9.403012155885164417e-06
9.398306404198627763e-06
9.393637916181138046e-06
9.388958486523954028e-06
