1.417935490208820093e-04
2.371986418703389316e-04
2.470843822088437925e-04
2.502917008398951575e-04
2.422815784334477124e-04
2.365792812309283556e-04
2.262883386157242180e-04
2.242451319159650817e-04
2.214337343031867701e-04
2.165183785859328561e-04
2.109305457045067441e-04
2.040955552580843609e-04
1.964976188169728286e-04
1.904064422937678061e-04
1.858248295819734438e-04
1.829169791123938450e-04
1.830487146650187327e-04
1.870136731624721959e-04
1.966740606648975111e-04
2.160327068875643876e-04
2.375666349706927064e-04
2.616834949393969973e-04
2.858895440640994907e-04
3.100313700954239254e-04
3.345508926622900339e-04
3.598295217588342036e-04
3.836031563285230905e-04
4.061054994175006022e-04
4.280044901839327818e-04
4.493437534130367080e-04
4.694533536792068452e-04
4.883549700511947327e-04
5.052422373276186426e-04
5.208438816560127371e-04
5.344985852509946981e-04
5.460204302184003267e-04
5.557777526441122105e-04
5.634301756859062165e-04
5.698672339695785719e-04
5.745303471120014310e-04
5.782664377508877534e-04
5.818315286914405547e-04
5.859463832572095552e-04
5.902404761411879060e-04
5.942396854336614220e-04
5.977783149751290763e-04
6.019780063067823282e-04
6.065911050786252376e-04
6.109832483707928466e-04
6.151962338266736639e-04
6.195025407872558698e-04
6.237614470765813967e-04
6.277759071655986210e-04
6.314760689021934768e-04
6.348974654566425652e-04
6.380843175028921670e-04
6.409572559259865080e-04
6.434929629033813358e-04
6.456880600040770671e-04
6.475397647640885723e-04
6.492445186952659850e-04
6.511624186085231136e-04
6.533066686512369005e-04
6.552660372688051725e-04
6.574881396593458462e-04
6.597265675778325169e-04
6.619949883568164786e-04
6.642480101971021556e-04
6.665297195317401941e-04
6.689900826435094981e-04
6.718015384518377783e-04
6.749529856709579785e-04
6.784015711535746566e-04
6.821977824887954936e-04
6.864101107744923717e-04
6.910121197469147125e-04
6.961130652544313558e-04
7.017065513482825334e-04
7.077006898701643754e-04
7.140827330951106562e-04
7.207953032043934363e-04
7.276689752626298770e-04
7.344834395547618052e-04
7.412331055792230946e-04
7.478633772074351873e-04
7.545142809399742667e-04
7.612660291692575302e-04
7.680574264735151894e-04
7.748688348339492120e-04
7.817621757984212581e-04
7.888433265340439541e-04
7.959897470009906712e-04
8.031579762256138913e-04
8.103647646594772797e-04
8.176357561969305274e-04
8.249991526789932344e-04
8.324980658012697985e-04
8.401212938458624529e-04
8.477355910010706333e-04
8.554515400219885176e-04
8.632867264679426611e-04
8.711966082803769941e-04
8.790680541366926266e-04
8.869539560925538725e-04
8.948047107871530056e-04
9.026069339075783573e-04
9.102902319883838123e-04
9.178146355553521395e-04
9.250959218568177884e-04
9.321384013527300207e-04
9.390380039027780611e-04
9.458969043050209462e-04
9.527274352519854959e-04
9.595046068722933247e-04
9.661839656636197213e-04
9.727600549979762562e-04
9.792339025295731386e-04
9.856041864867251014e-04
9.918571747622919460e-04
9.980159160551760420e-04
1.004144603917095585e-03
1.010225603663898394e-03
1.016189406898207427e-03
1.022017023126261170e-03
1.027751050679710353e-03
1.033348663732719516e-03
1.038806089214535039e-03
1.044160670869108670e-03
1.049391753116246878e-03
1.054520752372485690e-03
1.059534228945196782e-03
1.064482278955464255e-03
1.069401587437118469e-03
1.074289489432920380e-03
1.079119556214957684e-03
1.083945240943954896e-03
1.088707392889574129e-03
1.093436134505035729e-03
1.098147228319335065e-03
1.102860950634455481e-03
1.107547143795216144e-03
1.112201840149155485e-03
1.116808200912738653e-03
1.121357683528293120e-03
1.125828765989555147e-03
1.130259802417771112e-03
1.134633715968210842e-03
1.138948011517631987e-03
1.143195584575963653e-03
1.147385728775489723e-03
1.151504731809213948e-03
1.155579078931369148e-03
1.159599050751061212e-03
1.163573730487166193e-03
1.167539464998651770e-03
1.171534362412046454e-03
1.175534178052691512e-03
1.179500372303751840e-03
1.183429112069140591e-03
1.187333727624620330e-03
1.191209141957149092e-03
1.195055042735337393e-03
1.198866956370846486e-03
1.202636722121112672e-03
1.206387074614640158e-03
1.210128868665080607e-03
1.213862478018088017e-03
1.217613586185268496e-03
1.221394418994163362e-03
1.225224655707646401e-03
1.229109874806671911e-03
1.233028281763477729e-03
1.236973576599920523e-03
1.240933014657848122e-03
1.244902461477327259e-03
1.248903207552288499e-03
1.252913434667785302e-03
1.256930777962593070e-03
1.260931049600000180e-03
1.264909572194054116e-03
1.268883622209125315e-03
1.272852774786401584e-03
1.276791358139847199e-03
1.280709122158555074e-03
1.284595079236942883e-03
1.288452990546889131e-03
1.292283545186248984e-03
1.296087367431344268e-03
1.299848875324938983e-03
1.303554344894372564e-03
1.307222769968628814e-03
1.310847312209611213e-03
1.314434923094365878e-03
1.317989341751973822e-03
1.321509739399949262e-03
1.324993995060072972e-03
1.328431237551283908e-03
1.331837268601159105e-03
1.335196881799403761e-03
1.338515662510865803e-03
1.341801070840536233e-03
1.345043797924806283e-03
1.348262833213318031e-03
1.351457601768305027e-03
1.354613445422279744e-03
1.357734927363545311e-03
1.360819026843646754e-03
1.363857835555739185e-03
1.366852540049252928e-03
1.369820036703280498e-03
1.372751262704815980e-03
1.375648130234208549e-03
1.378512627440004823e-03
1.381356733424860157e-03
1.384179286980001967e-03
1.386997833296993747e-03
1.389831405953180802e-03
1.392678882923973575e-03
1.395538450341914571e-03
1.398391014891287119e-03
1.401219146048081603e-03
1.404035968106665672e-03
1.406827306142518054e-03
1.409594690628873225e-03
1.412326806531398514e-03
1.415031786867624632e-03
1.417702373648376197e-03
1.420344704026817347e-03
1.422943221209004103e-03
1.425500845577495944e-03
1.428014421370876795e-03
1.430480414246802908e-03
1.432899768672070938e-03
1.435308910861466921e-03
1.437703328614332388e-03
1.440065067871227223e-03
1.442393762609676510e-03
1.444708007609235567e-03
1.447020198684254629e-03
1.449328828023637231e-03
1.451638433017938233e-03
1.453935618014653508e-03
1.456218597551028632e-03
1.458498973038378516e-03
1.460780717952924173e-03
1.463059253616597619e-03
1.465341058598459197e-03
1.467618503290950976e-03
1.469896225529094148e-03
1.472164787781293088e-03
1.474411004183197316e-03
1.476632816523949223e-03
1.478836140774039860e-03
1.481021756922265434e-03
1.483178557809577969e-03
1.485306599345646936e-03
1.487416552448668060e-03
1.489510863611751869e-03
1.491579715289404135e-03
1.493624951594621497e-03
1.495638519495829906e-03
1.497614346616124885e-03
1.499547747398565509e-03
1.501434865844935521e-03
1.503278362189066535e-03
1.505075700735454070e-03
1.506836783699635465e-03
1.508557641019916181e-03
1.510234226723429366e-03
1.511865587760297721e-03
1.513462260757770118e-03
1.515024431560640971e-03
1.516564357624181113e-03
1.518077484986063517e-03
1.519561393149303913e-03
1.521018444658124840e-03
1.522456052684180525e-03
1.523868137206402110e-03
1.525258215826601205e-03
1.526618209270627939e-03
1.527947411471404894e-03
1.529254688980709147e-03
1.530545368225545233e-03
1.531823586377039454e-03
1.533102927287544005e-03
1.534381951806701189e-03
1.535663234264390267e-03
1.536945112325937245e-03
1.538234509752665728e-03
1.539535583733208117e-03
1.540847170301389664e-03
1.542166010264213721e-03
1.543480807916040344e-03
1.544794174771918450e-03
1.546110615134230291e-03
1.547420459992109162e-03
1.548729271743410100e-03
1.550027491594496492e-03
1.551322167518957634e-03
1.552610856783363065e-03
1.553896497446006402e-03
1.555172423374100816e-03
1.556445310295999666e-03
1.557727074662896378e-03
1.559011467804195458e-03
1.560301505068853760e-03
1.561602470434913289e-03
1.562904155778979719e-03
1.564214225669817871e-03
1.565528804830380134e-03
1.566832598847961010e-03
1.568119666638428467e-03
1.569393883342818903e-03
1.570659632760822329e-03
1.571916851953572385e-03
1.573164115882661916e-03
1.574396058462774160e-03
1.575614718705639194e-03
1.576817719130140742e-03
1.578010462989177945e-03
1.579194194042874561e-03
1.580364885904864125e-03
1.581524931332164768e-03
1.582676120132880514e-03
1.583820332836952550e-03
1.584962793941768538e-03
1.586103996480279750e-03
1.587245052114299787e-03
1.588382285787378950e-03
1.589507775228975184e-03
1.590619838265246427e-03
1.591720219790432626e-03
1.592808646105166358e-03
1.593886665767289042e-03
1.594956868188392727e-03
1.596022969090503483e-03
1.597082994509282320e-03
1.598137492695621839e-03
1.599186044036132216e-03
1.600219764785646651e-03
1.601235419951425095e-03
1.602235362983325069e-03
1.603216556014559670e-03
1.604182739127826439e-03
1.605139186926916222e-03
1.606084106150870673e-03
1.607019450293781758e-03
1.607947741213235516e-03
1.608868196244277182e-03
1.609786456388809326e-03
1.610701930530585285e-03
1.611627764395497878e-03
1.612554717661152060e-03
1.613476586157345724e-03
1.614395940986054290e-03
1.615304629375716823e-03
1.616200522743141453e-03
1.617082239998470904e-03
1.617949699295052890e-03
1.618802000664568792e-03
1.619639747547537085e-03
1.620462598670229740e-03
1.621272804276346468e-03
1.622071623594776831e-03
1.622855956434492456e-03
1.623630397834386349e-03
1.624392854659096859e-03
1.625147137674734206e-03
1.625889389548619427e-03
1.626619708247723861e-03
1.627344256790341998e-03
1.628073177659111661e-03
1.628804006411662189e-03
1.629543545743869807e-03
1.630297882480407062e-03
1.631062859688890351e-03
1.631837624518630084e-03
1.632619622964256003e-03
1.633408650186854265e-03
1.634209356922146535e-03
1.635022182566874026e-03
1.635844583712017320e-03
1.636675296144840617e-03
1.637509076543466110e-03
1.638352403505147952e-03
1.639206652800427686e-03
1.640070027475086425e-03
1.640943615336150482e-03
1.641828573495714150e-03
1.642720583196154854e-03
1.643627514813836028e-03
1.644546207993283823e-03
1.645476463674405828e-03
1.646419643229622004e-03
1.647376074038987056e-03
1.648345956659382850e-03
1.649328730064697967e-03
1.650324135324546379e-03
1.651336350183537976e-03
1.652363329832653169e-03
1.653409392374400981e-03
1.654469947828632846e-03
1.655546920161170277e-03
1.656636480424103020e-03
1.657738411646482706e-03
1.658852091588805056e-03
1.659977085425767785e-03
1.661115583495459099e-03
1.662267232423807455e-03
1.663430157160314306e-03
1.664605952910765260e-03
1.665797341331129488e-03
1.667006478582189026e-03
1.668234883762884481e-03
1.669477065357706166e-03
1.670730463753624089e-03
1.671993339650731242e-03
1.673266810768065825e-03
1.674552023239941814e-03
1.675853861331001683e-03
1.677170351463257332e-03
1.678500229415097250e-03
1.679845290353928090e-03
1.681205407187110921e-03
1.682579246941451681e-03
1.683968870079039079e-03
1.685371167933802459e-03
1.686785073848368283e-03
1.688210106127561701e-03
1.689647881372419993e-03
1.691096705021609241e-03
1.692551005109363925e-03
1.694010911694174065e-03
1.695474875949315452e-03
1.696942085024067326e-03
1.698414115993678074e-03
1.699898120242022102e-03
1.701393239473307766e-03
1.702891592266803740e-03
1.704393200207376946e-03
1.705900002166006735e-03
1.707413609975678764e-03
1.708934568097083325e-03
1.710462429690044446e-03
1.711997257798821177e-03
1.713541071918808865e-03
1.715093916470042217e-03
1.716657382711043751e-03
1.718226136762776449e-03
1.719792926774996525e-03
1.721358655412378973e-03
1.722921377798987278e-03
1.724484819819366126e-03
1.726050520115247552e-03
1.727618059421509372e-03
1.729186598492626946e-03
1.730754389400073314e-03
1.732325353430457264e-03
1.733900170348270020e-03
1.735476685465102333e-03
1.737054453203176838e-03
1.738634323425072717e-03
1.740214378472324137e-03
1.741792920710238122e-03
1.743370426421799726e-03
1.744943040502772895e-03
1.746513003039652182e-03
1.748076322921862094e-03
1.749631335183199311e-03
1.751180054426699443e-03
1.752724699847773042e-03
1.754263409289292175e-03
1.755793904667849814e-03
1.757313663579331171e-03
1.758824228426281774e-03
1.760332574768462728e-03
1.761841721011503858e-03
1.763352493999564494e-03
1.764858745346657015e-03
1.766360350723719620e-03
1.767857047674582230e-03
1.769354517341160471e-03
1.770852377822914291e-03
1.772351581046471055e-03
1.773853557763955396e-03
1.775357447894601592e-03
1.776864709254939029e-03
1.778373894297232598e-03
1.779884191375147523e-03
1.781395381671956480e-03
1.782903601123898016e-03
1.784408083179763556e-03
1.785904990937975390e-03
1.787395807918948755e-03
1.788881292208335414e-03
1.790362368122984339e-03
1.791843653084947011e-03
1.793326833901943192e-03
1.794808741242236595e-03
1.796284472982572150e-03
1.797754201949444295e-03
1.799218099740275282e-03
1.800674304569537931e-03
1.802124830844847566e-03
1.803575223887094597e-03
1.805024789299288597e-03
1.806471264585953656e-03
1.807911343098563819e-03
1.809342670666335209e-03
1.810766602083398657e-03
1.812180277271148356e-03
1.813585303500574002e-03
1.814981010930317865e-03
1.816370802027894062e-03
1.817755293057593275e-03
1.819135979151355418e-03
1.820514262305721271e-03
1.821889312777565497e-03
1.823257670095560640e-03
1.824619112477465907e-03
1.825974996424521626e-03
1.827325210436061458e-03
1.828672463844228371e-03
1.830014335610309975e-03
1.831347338702997603e-03
1.832673622703400720e-03
1.833995789396975894e-03
1.835314461777735190e-03
1.836630276644256017e-03
1.837942596161167052e-03
1.839252243349218151e-03
1.840560222388352074e-03
1.841867522820749654e-03
1.843170292288508812e-03
1.844473434100132913e-03
1.845775909232779581e-03
1.847076680531665105e-03
1.848374467074993767e-03
1.849669358880411032e-03
1.850960254718844993e-03
1.852246875391633631e-03
1.853525696577501373e-03
1.854800291807802946e-03
1.856074864463554000e-03
1.857345919356435428e-03
1.858612055597666166e-03
1.859869939993904868e-03
1.861117647056155424e-03
1.862353889166187045e-03
1.863579914509485473e-03
1.864795096395355494e-03
1.866002650406639206e-03
1.867201729797933864e-03
1.868389902542919988e-03
1.869566711740816263e-03
1.870734700943770023e-03
1.871889434035405985e-03
1.873036315651145211e-03
1.874173029452303905e-03
1.875303271376296691e-03
1.876426413082186561e-03
1.877542024366740669e-03
1.878651157553618434e-03
1.879752434791820111e-03
1.880848332342172080e-03
1.881934337562332074e-03
1.883009665309023526e-03
1.884076655896390956e-03
1.885137267160053032e-03
1.886191741204284534e-03
1.887244077028029515e-03
1.888294927132548465e-03
1.889344071477079513e-03
1.890392076441029792e-03
1.891438043710030230e-03
1.892481895104655438e-03
1.893519568611955672e-03
1.894550369365302720e-03
1.895575521145879093e-03
1.896594843239669858e-03
1.897608560206283553e-03
1.898615727044383229e-03
1.899616125377130357e-03
1.900612925364507334e-03
1.901605385099663101e-03
1.902592807331172226e-03
1.903571766915524745e-03
1.904545489028982783e-03
1.905513873463926576e-03
1.906478460396522417e-03
1.907437009967539706e-03
1.908387880171141370e-03
1.909328646430976740e-03
1.910260105979146679e-03
1.911183525359045655e-03
1.912097850111070920e-03
1.913003283929119724e-03
1.913900004286005208e-03
1.914788815052295137e-03
1.915669883234051704e-03
1.916541863510781230e-03
1.917406251127031901e-03
1.918262017861936111e-03
1.919110591133049108e-03
1.919950835338848135e-03
1.920784844028198711e-03
1.921611082570373434e-03
1.922428904182779327e-03
1.923237081192403879e-03
1.924036182685737910e-03
1.924829539894645130e-03
1.925615847664255073e-03
1.926391484659444910e-03
1.927154884082850047e-03
1.927907438163081093e-03
1.928650112445858900e-03
1.929384801328651354e-03
1.930112708666798307e-03
1.930833021095595394e-03
1.931544362128152651e-03
1.932248208323539751e-03
1.932945101495249420e-03
1.933635550430549618e-03
1.934321736062185725e-03
1.935003397978817680e-03
1.935680979536113198e-03
1.936353931814054985e-03
1.937021846925085326e-03
1.937684139333777436e-03
1.938339297208495739e-03
1.938988900773946098e-03
1.939634167793949067e-03
1.940274396006723585e-03
1.940910447395010263e-03
1.941544784876302315e-03
1.942177945135545791e-03
1.942811185976093266e-03
1.943444404122822130e-03
1.944077162351051007e-03
1.944711228044224138e-03
1.945346439819738496e-03
1.945982024701890236e-03
1.946619829509291027e-03
1.947261340236724689e-03
1.947905395014444974e-03
1.948553095575493704e-03
1.949202236374296578e-03
1.949852339650857101e-03
1.950502687800114180e-03
1.951153026870661687e-03
1.951803759546906275e-03
1.952453327064715850e-03
1.953100732588581093e-03
1.953747309692979630e-03
1.954394716796598996e-03
1.955043154177563136e-03
1.955691879684944533e-03
1.956341271280228212e-03
1.956991877378717794e-03
1.957643667524689400e-03
1.958297239247183165e-03
1.958952641314545655e-03
1.959609304688603084e-03
1.960266933356811982e-03
1.960925893456283865e-03
1.961586952060320310e-03
1.962250579854100084e-03
1.962915357053278843e-03
1.963582819824291961e-03
1.964255444412078139e-03
1.964933989432674118e-03
1.965616645720843006e-03
1.966304061927872868e-03
1.966995244389035079e-03
1.967689134105719481e-03
1.968386175196220732e-03
1.969084991968397900e-03
1.969785486741486031e-03
1.970487414909019835e-03
1.971189680010394709e-03
1.971892025529923057e-03
1.972595111375575160e-03
1.973298798087519748e-03
1.974000844132406830e-03
1.974700439974313732e-03
1.975398869488630572e-03
1.976095302738151583e-03
1.976789837757741281e-03
1.977482000111533203e-03
1.978175039282674321e-03
1.978869616556091192e-03
1.979565528759787228e-03
1.980261629870235483e-03
1.980958071241547928e-03
1.981653314826046196e-03
1.982346572413079457e-03
1.983038997184246536e-03
1.983730006091234243e-03
1.984419867320418029e-03
1.985106605896717717e-03
1.985790404505618102e-03
1.986471525744114112e-03
1.987150600218764475e-03
1.987826156873239054e-03
1.988496424590352647e-03
1.989161575840952319e-03
1.989822803359546019e-03
1.990479307553317742e-03
1.991131331001509339e-03
1.991779727967497426e-03
1.992424440580640131e-03
1.993066145060359059e-03
1.993703647558305037e-03
1.994337837183898701e-03
1.994968398305106087e-03
1.995595472112574910e-03
1.996220578435202453e-03
1.996842188379872440e-03
1.997460308956035616e-03
1.998073036534892249e-03
1.998678870964597145e-03
1.999279736629039957e-03
1.999874949432074202e-03
2.000465610316957445e-03
2.001052561030329524e-03
2.001636797959531564e-03
2.002218593878200576e-03
2.002798284686112002e-03
2.003376639365987526e-03
2.003952062744176858e-03
2.004526262880165083e-03
2.005098638296435535e-03
2.005668946415335805e-03
2.006237229274729101e-03
2.006802388462682399e-03
2.007363232715476085e-03
2.007920576273211286e-03
2.008475481353705176e-03
2.009028876201797258e-03
2.009580244857651042e-03
2.010131217868544456e-03
2.010680916609985762e-03
2.011230014586022630e-03
2.011776323357601388e-03
2.012318443817153520e-03
2.012857248568557505e-03
2.013392312271869086e-03
2.013923049936087312e-03
2.014449816522551149e-03
2.014972319860049762e-03
2.015493406255933987e-03
2.016014916068905195e-03
2.016535150640297400e-03
2.017054528336722358e-03
2.017575031193425631e-03
2.018095959151649729e-03
2.018616288127540043e-03
2.019135705875470081e-03
2.019655209098602557e-03
2.020174747790382582e-03
2.020693901967728860e-03
2.021212577674705042e-03
2.021732278442755441e-03
2.022252853392182866e-03
2.022775517937387083e-03
2.023300276900803080e-03
2.023827939683795797e-03
2.024358664112700136e-03
2.024892921135879303e-03
2.025431361205768700e-03
2.025971893694350403e-03
2.026515316883574069e-03
2.027061906801812165e-03
2.027611524550859690e-03
2.028162888768266035e-03
2.028716311790889834e-03
2.029271929884147140e-03
2.029829281305065968e-03
2.030387110335394284e-03
2.030946193750923345e-03
2.031506850957509516e-03
2.032068501556147898e-03
2.032631451567950588e-03
2.033195589150045383e-03
2.033760615370680102e-03
2.034326165433743890e-03
2.034893018491618251e-03
2.035461560649758084e-03
2.036032045059343529e-03
2.036603888369833970e-03
2.037177240494538171e-03
2.037752480949338394e-03
2.038330234598505208e-03
2.038909780752316738e-03
2.039490835616986769e-03
2.040072991180770252e-03
2.040656501044767375e-03
2.041240909994091954e-03
2.041826107403648533e-03
2.042413281752530028e-03
2.043002901817313460e-03
2.043595184636080343e-03
2.044189245517996200e-03
2.044786448159411751e-03
2.045386758713580409e-03
2.045990751899702791e-03
2.046598124451677863e-03
2.047208791521794736e-03
2.047821770122302317e-03
2.048435481424193839e-03
2.049049656276365552e-03
2.049666124468522629e-03
2.050283894310207886e-03
2.050903696463114365e-03
2.051525375187716622e-03
2.052148969645385419e-03
2.052774841415002174e-03
2.053403417296048063e-03
2.054033006900676025e-03
2.054663753350105797e-03
2.055295557146376295e-03
2.055928974214089877e-03
2.056562774168664565e-03
2.057196792491960795e-03
2.057830997466717805e-03
2.058465409637098321e-03
2.059099232279002888e-03
2.059731693618310766e-03
2.060362272451099052e-03
2.060991014304870955e-03
2.061617494536183669e-03
2.062242871571660051e-03
2.062866921350751774e-03
2.063488513754623086e-03
2.064106254607863452e-03
2.064719043776020585e-03
2.065326802301194805e-03
2.065931426795235455e-03
2.066534043438006743e-03
2.067135330332186410e-03
2.067735116370514152e-03
2.068334460210987172e-03
2.068933259241715131e-03
2.069531678021465249e-03
2.070125854952348417e-03
2.070715542391428961e-03
2.071301537746155549e-03
2.071883603539255957e-03
2.072461610142108546e-03
2.073035468424598137e-03
2.073604730516600495e-03
2.074170289450557019e-03
2.074732420632899744e-03
2.075290654890363327e-03
2.075845274369905041e-03
2.076396066047048357e-03
2.076942340274048546e-03
2.077485347858390972e-03
2.078024467395383611e-03
2.078560292079834407e-03
2.079093791875986832e-03
2.079625673988083970e-03
2.080155331949319793e-03
2.080682606485621637e-03
2.081208084593925371e-03
2.081731408601247314e-03
2.082252874697652564e-03
2.082772744223386572e-03
2.083292869677197054e-03
2.083812379563437529e-03
2.084331480522502462e-03
2.084850442352050460e-03
2.085368164057058941e-03
2.085884991736994699e-03
2.086399792259038388e-03
2.086913058661470349e-03
2.087425289115015306e-03
2.087936968297544448e-03
2.088448075275683817e-03
2.088957466927460031e-03
2.089465060286085137e-03
2.089971877186519965e-03
2.090478665868555387e-03
2.090986048625691120e-03
2.091492829652314214e-03
2.091999741232393375e-03
2.092506197325466350e-03
2.093011995456799113e-03
2.093518346818972354e-03
2.094025614887812768e-03
2.094533160167259649e-03
2.095040778431733405e-03
2.095548215424753585e-03
2.096055710938690610e-03
2.096563409644719694e-03
2.097069920055833186e-03
2.097575824595837753e-03
2.098080389837105736e-03
2.098583746532728216e-03
2.099084902883062344e-03
2.099583782018640300e-03
2.100080604122066437e-03
2.100575604822755172e-03
2.101069018399358973e-03
2.101560630876781952e-03
2.102050767257638772e-03
2.102539660641933143e-03
2.103025958487453589e-03
2.103509237910092602e-03
2.103989528289703769e-03
2.104466740844124478e-03
2.104941726916540346e-03
2.105414349503288620e-03
2.105886143487440201e-03
2.106356233825637872e-03
2.106825941938410621e-03
2.107294793025881081e-03
2.107762678168017406e-03
2.108229533408007960e-03
2.108695629145506800e-03
2.109162118296807175e-03
2.109629165130178646e-03
2.110096329017386793e-03
2.110563536436722062e-03
2.111030620817897375e-03
2.111497566107346704e-03
2.111964539558839910e-03
2.112432433983639415e-03
2.112901468604808965e-03
2.113372284509455138e-03
2.113844565174011897e-03
2.114318083687266332e-03
2.114792417626870473e-03
2.115266957398534344e-03
2.115741442005548024e-03
2.116216074835372465e-03
2.116689597496194172e-03
2.117163050134916215e-03
2.117636503376457268e-03
2.118110316046669609e-03
2.118583685354356004e-03
2.119056572389151939e-03
2.119529032625380466e-03
2.120000768903174560e-03
2.120470798836896539e-03
2.120941043067141752e-03
2.121412166430063778e-03
2.121884405373071578e-03
2.122357392967040915e-03
2.122831532453917265e-03
2.123306772240874697e-03
2.123783267910724602e-03
2.124261124116103364e-03
2.124740617721471592e-03
2.125221523801180436e-03
2.125703949261241281e-03
2.126188216985562540e-03
2.126673770690003067e-03
2.127161094829638308e-03
2.127650428579433255e-03
2.128141356158155546e-03
2.128633126988717719e-03
2.129125795390466539e-03
2.129619693292273980e-03
2.130113590581800363e-03
2.130606750689837282e-03
2.131099317027460287e-03
2.131590984997227926e-03
2.132081659570877162e-03
2.132570996607343391e-03
2.133057995029496567e-03
2.133542321502898079e-03
2.134025127674913074e-03
2.134506014422941998e-03
2.134984762356961340e-03
2.135461787777413571e-03
2.135937728515826736e-03
2.136412747742754293e-03
2.136886794511831059e-03
2.137359511295211598e-03
2.137830804771291560e-03
2.138300760273813186e-03
2.138769584387743925e-03
2.139237014976601552e-03
2.139701236037920475e-03
2.140163614109435661e-03
2.140624336287642523e-03
2.141083506635565320e-03
2.141541318553223140e-03
2.141997838898547502e-03
2.142454157474377521e-03
2.142910206221570243e-03
2.143365750359360524e-03
2.143821886440756917e-03
2.144278251501737301e-03
2.144734612287201546e-03
2.145191107564531352e-03
2.145647841138912954e-03
2.146104938448219982e-03
2.146562909223686654e-03
