2.637894288315184230e-05
2.225620166903725892e-05
2.248680810282800219e-05
2.136013613211346435e-05
1.979397899945958258e-05
1.819399347146638855e-05
1.689157410993092243e-05
1.670513359775272361e-05
1.689375110884180594e-05
1.833614077844451695e-05
2.030390317555178171e-05
2.227198968932157154e-05
2.433680551327429940e-05
2.621088480211064599e-05
2.784508852334519768e-05
2.923120130731528805e-05
3.049919973728414010e-05
3.162494329565756888e-05
3.250570213801703409e-05
3.311232101786767436e-05
3.349021509799883988e-05
3.373012479078351853e-05
3.387284089498952827e-05
3.395207624781751096e-05
3.398299043394421056e-05
3.393403191854916091e-05
3.382341455354629409e-05
3.366297292377648650e-05
3.346303709031119749e-05
3.328303839428723375e-05
3.313350745438995343e-05
3.300268775718399455e-05
3.289149414625953580e-05
3.279397941042204288e-05
3.271929938374361558e-05
3.267239777810960620e-05
3.264394451478400399e-05
3.265076255835543020e-05
3.268807514748346715e-05
3.273859632927655791e-05
3.279558326753549365e-05
3.285259049050125244e-05
3.290957129399062951e-05
3.296643406952271232e-05
3.301462241086861239e-05
3.306362064780222717e-05
3.310899831566460074e-05
3.315259183569247754e-05
3.319379438181846887e-05
3.323530744670110971e-05
3.327795638513184935e-05
3.332633950228577375e-05
3.337446901462835954e-05
3.341712834996707701e-05
3.345790732827802987e-05
3.349312601658367591e-05
3.352265129934827001e-05
3.354519364338626333e-05
3.355722928300684398e-05
3.356355384073630397e-05
3.356471242423704813e-05
3.356019775209235416e-05
3.354926308144331521e-05
3.355105769080282305e-05
3.355718581626909361e-05
3.356360599962576193e-05
3.357050253271182631e-05
3.357951519777965918e-05
3.358817392540419384e-05
3.359888825761508436e-05
3.361105567938421309e-05
3.362507468274085102e-05
3.363726600893921740e-05
3.364664574007812458e-05
3.365349031885700632e-05
3.366676975006738302e-05
3.368352458200392336e-05
3.370423539745835614e-05
3.373003482417447259e-05
3.375719406752020093e-05
3.378106168470586002e-05
3.380326281332907747e-05
3.382438719397067234e-05
3.384829817233369850e-05
3.387843985331906075e-05
3.392298328754686260e-05
3.397904845343591932e-05
3.404048167245207252e-05
3.410261733260629179e-05
3.416527144880003136e-05
3.422610322775965382e-05
3.428482660587847122e-05
3.434246850059693708e-05
3.439983899821684883e-05
3.446043866418096698e-05
3.452573590155912406e-05
3.459324998725013772e-05
3.466403077906728196e-05
3.473853923049372423e-05
3.481335977837453919e-05
3.489207745263228383e-05
3.497462615862053287e-05
3.506169936140958595e-05
3.515287327600736601e-05
3.524767460280122929e-05
3.534478640300055892e-05
3.544443360010363846e-05
3.554526196674439827e-05
3.564895471012424511e-05
3.575745526383542974e-05
3.586962848064008711e-05
3.598677285243612553e-05
3.610589155297883724e-05
3.622369335935577192e-05
3.634003379193949639e-05
3.645772019202791515e-05
3.657676796495473449e-05
3.669785423855897652e-05
3.682145648129198047e-05
3.694319779943357239e-05
3.706519999758852986e-05
3.718671438880928425e-05
3.730708165295243238e-05
3.742656397487101251e-05
3.754627955780864059e-05
3.766444337627028607e-05
3.778157973045892672e-05
3.789798987882517554e-05
3.801471709358457776e-05
3.813132064743052094e-05
3.824699104749160959e-05
3.836177611664583236e-05
3.847603364986368661e-05
3.859099016217038322e-05
3.870650629843489730e-05
3.882327397730469441e-05
3.894170161906147960e-05
3.906296916952599780e-05
3.918836406521198978e-05
3.931850459670952126e-05
3.945354628962424444e-05
3.959442600589971258e-05
3.973856958749625971e-05
3.988390893097127770e-05
4.003203725046158466e-05
4.018224863901190882e-05
4.033474302166272147e-05
4.049010564078694421e-05
4.064680577327459100e-05
4.080427381268759534e-05
4.096357388524978779e-05
4.112557170049022201e-05
4.128958967652632809e-05
4.145704217355984395e-05
4.162807083468311205e-05
4.180239477579603477e-05
4.198038697479198087e-05
4.216273272854440468e-05
4.234943122488426213e-05
4.253979020689085499e-05
4.273030358968874030e-05
4.292289006726404639e-05
4.311605643801247188e-05
4.330952296787572546e-05
4.350283812995577607e-05
4.369552550577448288e-05
4.388796614697863856e-05
4.408000839770145050e-05
4.427116793307585540e-05
4.446143278048233610e-05
4.464989890072037766e-05
4.483721591144564832e-05
4.502338914988270686e-05
4.520772849824794841e-05
4.539089409306798527e-05
4.557303391669585994e-05
4.575414990760229153e-05
4.593456943409996818e-05
4.611455589269046002e-05
4.629361149792711542e-05
4.647236167685917543e-05
4.665111072502907131e-05
4.682969546073303751e-05
4.700706567447275608e-05
4.718338222173485888e-05
4.735935652933295791e-05
4.753494754274878838e-05
4.771025017376529171e-05
4.788535886041824207e-05
4.806013300811622340e-05
4.823376593345598634e-05
4.840579151510575860e-05
4.857643424355782315e-05
4.874554555538460169e-05
4.891327494653452450e-05
4.907957498383326670e-05
4.924461202506665827e-05
4.940857118263655348e-05
4.957191505743779191e-05
4.973386575619249825e-05
4.989430358498669221e-05
5.005310493008403427e-05
5.021095273512928963e-05
5.036758785006841498e-05
5.052277378696393509e-05
5.067597987018562035e-05
5.082773424773703283e-05
5.097753455612796277e-05
5.112568889414249179e-05
5.127217784980756687e-05
5.141714175179480379e-05
5.156038764587918309e-05
5.170191930510426178e-05
5.184156688013685370e-05
5.197960072044067439e-05
5.211595467407472283e-05
5.225107046151952479e-05
5.238459016014030567e-05
5.251641156466082042e-05
5.264732400182371502e-05
5.277699522826073512e-05
5.290531396320877981e-05
5.303286951228375139e-05
5.316008850461251251e-05
5.328697140807623587e-05
5.341405186635530026e-05
5.354100358665008890e-05
5.366787710930377291e-05
5.379500206929866692e-05
5.392231776907669371e-05
5.405017203899303607e-05
5.417887775965169454e-05
5.430825995801582976e-05
5.443789105147783585e-05
5.456814437514704739e-05
5.469945301840088795e-05
5.483270145643715155e-05
5.496756445968723371e-05
5.510401489892755706e-05
5.524154768997695009e-05
5.538081655179818421e-05
5.552116562911784873e-05
5.566263377665090775e-05
5.580512521440731587e-05
5.594848113387899469e-05
5.609320521928470789e-05
5.623964353624485665e-05
5.638836271041117437e-05
5.653946734476729137e-05
5.669259122644865651e-05
5.684789138782488744e-05
5.700512811552310759e-05
5.716427982153515498e-05
5.732308661362602058e-05
5.748177461725900879e-05
5.764068079875142944e-05
5.779839823189631635e-05
5.795477648113605640e-05
5.810987026686535538e-05
5.826338698269052901e-05
5.841507205569055879e-05
5.856478246909541428e-05
5.871273581055663912e-05
5.885909996862430073e-05
5.900404627070662610e-05
5.914820275350430386e-05
5.929121943352831946e-05
5.943339933207763030e-05
5.957456304773360925e-05
5.971495610667495633e-05
5.985503066272223450e-05
5.999583948839296911e-05
6.013788200638360933e-05
6.028065394250684033e-05
6.042487660699469857e-05
6.056999902853443433e-05
6.071639704432316609e-05
6.086374560424105072e-05
6.101198771797672625e-05
6.116092043349599953e-05
6.131057450577144096e-05
6.146003883998751188e-05
6.160970997507678876e-05
6.175935069134089205e-05
6.190913427099539745e-05
6.205904936737972823e-05
6.220817273351977351e-05
6.235656585224643117e-05
6.250433403718239187e-05
6.265141975204069574e-05
6.279790402275959389e-05
6.294374114082713261e-05
6.308948351481411616e-05
6.323473300038273334e-05
6.337899566342829378e-05
6.352323180412666954e-05
6.366724368279700285e-05
6.381075425208146033e-05
6.395350434644984613e-05
6.409574625324993848e-05
6.423688377672935666e-05
6.437698030802686084e-05
6.451662969792527631e-05
6.465559629221136466e-05
6.479454790343429588e-05
6.493360816220333288e-05
6.507221063586235226e-05
6.521012657471988332e-05
6.534723773593228199e-05
6.548352824295761870e-05
6.561883498141499096e-05
6.575316002736133580e-05
6.588648299198630290e-05
6.601882725975968141e-05
6.615003908250736715e-05
6.628013929472880968e-05
6.640943645122071224e-05
6.653809356234297815e-05
6.666592982980801133e-05
6.679257468931494189e-05
6.691862153092735022e-05
6.704397755646667107e-05
6.716863181436926030e-05
6.729306362822938851e-05
6.741701586180563841e-05
6.754046296556922234e-05
6.766333587345589834e-05
6.778557765888977289e-05
6.790740423090837509e-05
6.802865560205856917e-05
6.814913221752052943e-05
6.826894863244136239e-05
6.838807431867409534e-05
6.850661260349094953e-05
6.862433630532461127e-05
6.874132364539227663e-05
6.885749238474729529e-05
6.897274708925802778e-05
6.908709237906046716e-05
6.920068411717954682e-05
6.931318535497448419e-05
6.942472704168890178e-05
6.953585875829348419e-05
6.964619537442967806e-05
6.975556217580793875e-05
6.986395557163124076e-05
6.997165239189662015e-05
7.007890983522849497e-05
7.018566872256566409e-05
7.029204105349375867e-05
7.039808270784313692e-05
7.050296672072213315e-05
7.060657289181275953e-05
7.070896905732663963e-05
7.081012484142625376e-05
7.091019085078584206e-05
7.100907099116780265e-05
7.110692870341020174e-05
7.120411477582334458e-05
7.130071826736150708e-05
7.139657956380111761e-05
7.149191868033465580e-05
7.158648735723954131e-05
7.168044316813022257e-05
7.177406714263985792e-05
7.186701716665246662e-05
7.195930042384931081e-05
7.205106549085387477e-05
7.214218582284876835e-05
7.223277122946647499e-05
7.232271174455370529e-05
7.241222521865340288e-05
7.250086221748196886e-05
7.258853154746361402e-05
7.267571172080913714e-05
7.276238994077764417e-05
7.284866718289148514e-05
7.293411667407459346e-05
7.301888911680593462e-05
7.310281561615068703e-05
7.318589632695137945e-05
7.326828873986231875e-05
7.334995944673770765e-05
7.343111643066436729e-05
7.351153223102908679e-05
7.359100192639988363e-05
7.366950921683073218e-05
7.374716060241207657e-05
7.382393965132162401e-05
7.389986657101930674e-05
7.397515937548836107e-05
7.404981646127731167e-05
7.412385333838422956e-05
7.419764207716021979e-05
7.427116427933687284e-05
7.434535756460824627e-05
7.441990257382489018e-05
7.449430895892602449e-05
7.456856351652373549e-05
7.464235216271196372e-05
7.471553136535620781e-05
7.478868381716351405e-05
7.486130673899902860e-05
7.493355623292152095e-05
7.500541464792208140e-05
7.507701956507429177e-05
7.514805968978147122e-05
7.521858046161945496e-05
7.528862220857130208e-05
7.535826870224493566e-05
7.542756483667936284e-05
7.549674649023140169e-05
7.556582584110478303e-05
7.563500069850225395e-05
7.570394025903678492e-05
7.577281792643779390e-05
7.584132578164090273e-05
7.590941600719738034e-05
7.597731803904072200e-05
7.604482452676796682e-05
7.611180885210636342e-05
7.617851786488293573e-05
7.624459208495107886e-05
7.630997738407745742e-05
7.637485520636926050e-05
7.643926231399626671e-05
7.650316589855266297e-05
7.656665370157285139e-05
7.662973691206655233e-05
7.669221398045708202e-05
7.675403317491073926e-05
7.681525833649107673e-05
7.687583101561859457e-05
7.693574897117888068e-05
7.699485688843836734e-05
7.705312346582299666e-05
7.711056486281239329e-05
7.716715351564977889e-05
7.722310568467638547e-05
7.727863618593281976e-05
7.733390192236733022e-05
7.738878926248820894e-05
7.744339759669421268e-05
7.749776223519682901e-05
7.755168664756568694e-05
7.760504590428353444e-05
7.765789762269538932e-05
7.771034108586557891e-05
7.776236018993311491e-05
7.781379887771718820e-05
7.786467326516734319e-05
7.791508863906629009e-05
7.796509656568303818e-05
7.801482062984542432e-05
7.806438193973232675e-05
7.811376001581776568e-05
7.816306305047020328e-05
7.821197834026336277e-05
7.826051732032524868e-05
7.830886162736324480e-05
7.835708233621831013e-05
7.840490191146493580e-05
7.845248845019827093e-05
7.849955145875684131e-05
7.854613569520567189e-05
7.859218470146810489e-05
7.863771194881671324e-05
7.868281768334401121e-05
7.872754606518016837e-05
7.877181246048599544e-05
7.881564223873652718e-05
7.885913584733358396e-05
7.890224557515154746e-05
7.894501353853649998e-05
7.898741055406240715e-05
7.902943015078423266e-05
7.907101702291434409e-05
7.911213152825810385e-05
7.915283264508607571e-05
7.919309371334524246e-05
7.923291857382745154e-05
7.927246224861627896e-05
7.931179118070840492e-05
7.935071598532491991e-05
7.938927264059897565e-05
7.942742342477012384e-05
7.946522351268450171e-05
7.950264400990712820e-05
7.953956469125789087e-05
7.957613768312568180e-05
7.961231814438362274e-05
7.964805054604871771e-05
7.968339591868367749e-05
7.971837000206841064e-05
7.975295694770857954e-05
7.978720645100735869e-05
7.982109536311460176e-05
7.985484606575103997e-05
7.988846684552797933e-05
7.992202363637449913e-05
7.995531117846871045e-05
7.998821903102635569e-05
8.002072001430631106e-05
8.005288036482528205e-05
8.008472987188790444e-05
8.011620488538403909e-05
8.014742186985380568e-05
8.017846740025758034e-05
8.020929471436068073e-05
8.023982855789521529e-05
8.027013778950399785e-05
8.030020263386379023e-05
8.033008691847447777e-05
8.035966384829916107e-05
8.038896958805551792e-05
8.041813631405883773e-05
8.044718183999832425e-05
8.047632046011270353e-05
8.050535030905317090e-05
8.053417200508145458e-05
8.056282529911815442e-05
8.059127744297464233e-05
8.061959243438400241e-05
8.064780878330248556e-05
8.067577274156624686e-05
8.070332590132254689e-05
8.073069558276527700e-05
8.075798664667581796e-05
8.078498819793333136e-05
8.081174725481569238e-05
8.083840780739875867e-05
8.086490246781738542e-05
8.089140035344819662e-05
8.091786031783902071e-05
8.094413847076714988e-05
8.097019550665717456e-05
8.099603782508080392e-05
8.102162666965469500e-05
8.104698748642838501e-05
8.107228412611393851e-05
8.109753515348076044e-05
8.112273589051276538e-05
8.114780975753670014e-05
8.117269115388886958e-05
8.119730938918013024e-05
8.122167230048593959e-05
8.124581561965919893e-05
8.126968091608962317e-05
8.129321917592213103e-05
8.131635009529702344e-05
8.133912174886515512e-05
8.136157722387707685e-05
8.138371265205144233e-05
8.140551543441975225e-05
8.142701236375288936e-05
8.144820169746039317e-05
8.146907944686739478e-05
8.148964908748263403e-05
8.150992726897898940e-05
8.152988264894781196e-05
8.154960313209111964e-05
8.156905024461378554e-05
8.158824794653525721e-05
8.160718878893857668e-05
8.162592752200545430e-05
8.164440940358702007e-05
8.166279299843126214e-05
8.168094867665519441e-05
8.169888917028411690e-05
8.171663492403060292e-05
8.173422038944154662e-05
8.175159366684862851e-05
8.176879700986714166e-05
8.178590060015157354e-05
8.180284439966943588e-05
8.181964020713178472e-05
8.183624991106266304e-05
8.185266638194249416e-05
8.186886801064936975e-05
8.188483700658917802e-05
8.190056317555959801e-05
8.191603011303272004e-05
8.193142601798710791e-05
8.194686945304943768e-05
8.196244514306582610e-05
8.197806561561268163e-05
8.199373754331895213e-05
8.200940537181980472e-05
8.202504938888301308e-05
8.204069740691739311e-05
8.205629938798548757e-05
8.207179722220188974e-05
8.208724043253647171e-05
8.210263823511011478e-05
8.211787540925585425e-05
8.213298589435254465e-05
8.214795898830120247e-05
8.216279217747872899e-05
8.217754347217945984e-05
8.219224425857431964e-05
8.220682383956415967e-05
8.222119454969093009e-05
8.223534304511247281e-05
8.224926647562196870e-05
8.226296327607757566e-05
8.227655382671639011e-05
8.229009858389382869e-05
8.230364261286320538e-05
8.231716795082898966e-05
8.233081033442399841e-05
8.234446616177944851e-05
8.235813208480765018e-05
8.237180187018120479e-05
8.238546547776901875e-05
8.239907948402916242e-05
8.241260378035104341e-05
8.242598486322185716e-05
8.243924651606403297e-05
8.245238832047962921e-05
8.246544324449586630e-05
8.247846175383313262e-05
8.249148913890343323e-05
8.250463304270986751e-05
8.251788413157675741e-05
8.253118492168053425e-05
8.254446642459542678e-05
8.255773683846588239e-05
8.257090649756425879e-05
8.258405968709320679e-05
8.259714518208074899e-05
8.261013068633126031e-05
8.262313948112077046e-05
8.263616023549728786e-05
8.264915284350475360e-05
8.266211718735637880e-05
8.267504827129195603e-05
8.268793707930246302e-05
8.270083576774748038e-05
8.271378392822190324e-05
8.272682373764610794e-05
8.274003722693015392e-05
8.275343349692901209e-05
8.276677322615974975e-05
8.278016829377678589e-05
8.279364941629978032e-05
8.280721478280210740e-05
8.282084613319943168e-05
8.283451398309562739e-05
8.284824747407944061e-05
8.286202231163866856e-05
8.287575065322554102e-05
8.288933076438650071e-05
8.290273976191090820e-05
8.291603659472622219e-05
8.292921053403296135e-05
8.294237382658488757e-05
8.295556160105699414e-05
8.296882088794478658e-05
8.298215619752537220e-05
8.299554075372761745e-05
8.300902508234011276e-05
8.302255864291514960e-05
8.303616043558782495e-05
8.304985691575007952e-05
8.306368488622930049e-05
8.307754357668490242e-05
8.309145702087618877e-05
8.310531048411133300e-05
8.311925151636851143e-05
8.313322608239930749e-05
8.314730514963909996e-05
8.316137767106548126e-05
8.317548904727542958e-05
8.318958291107977617e-05
8.320363370773180712e-05
8.321762899495801970e-05
8.323152831173815107e-05
8.324534205979579175e-05
8.325907234523907631e-05
8.327278947135495978e-05
8.328650014943775001e-05
8.330018993284135133e-05
8.331387051046067866e-05
8.332750302656150943e-05
8.334108364448295555e-05
8.335459392686132070e-05
8.336796303830874301e-05
8.338118371490939459e-05
8.339425685488564919e-05
8.340718443846838681e-05
8.341999235908868348e-05
8.343273617100470016e-05
8.344539943519605808e-05
8.345796227385091765e-05
8.347040604385917901e-05
8.348282122819946868e-05
8.349513300292704416e-05
8.350735634046216815e-05
8.351953670265474213e-05
8.353172415838575992e-05
8.354393413681477200e-05
8.355620593291236253e-05
8.356857424730748489e-05
8.358098052639564206e-05
8.359346275450062311e-05
8.360602891080503674e-05
8.361860523006927953e-05
8.363118941031842950e-05
8.364377233795536196e-05
8.365636094716320369e-05
8.366897460099092002e-05
8.368161172688461558e-05
8.369425489280930819e-05
8.370694633672542799e-05
8.371969065076150516e-05
8.373256637397588035e-05
8.374550168005965559e-05
8.375849179896572129e-05
8.377148704447677876e-05
8.378454936830689111e-05
8.379768393706008716e-05
8.381091928640127325e-05
8.382425938854188446e-05
8.383765419983857858e-05
8.385106584262657866e-05
8.386470196377344001e-05
8.387859334396750421e-05
8.389249752427541541e-05
8.390643188056030530e-05
8.392037888018450580e-05
8.393437265313628121e-05
8.394831252974190321e-05
8.396223479271319214e-05
8.397618124080004766e-05
8.399012899063434999e-05
8.400411447456217142e-05
8.401828364105104322e-05
8.403260883725552496e-05
8.404710069809817889e-05
8.406180466005530952e-05
8.407670861440783299e-05
8.409185009492147693e-05
8.410722462968342461e-05
8.412280868357125741e-05
8.413853708116262459e-05
8.415444971043557851e-05
8.417048947412067471e-05
8.418661597754689306e-05
8.420283853869874144e-05
8.421917255842597768e-05
8.423560571409121158e-05
8.425216542962654621e-05
8.426893151426904081e-05
8.428583856768725048e-05
8.430288645284331965e-05
8.431995907792328414e-05
8.433711366519109915e-05
8.435435445750124554e-05
8.437162733844507626e-05
8.438892141898572674e-05
8.440622218935815767e-05
8.442353595901706386e-05
8.444094393541682123e-05
8.445843765954057691e-05
8.447612297144628090e-05
8.449405047479777056e-05
8.451224068970085630e-05
8.453071772387725708e-05
8.454930731280487595e-05
8.456798097277987332e-05
8.458669658589483445e-05
8.460548586483788536e-05
8.462434195945976690e-05
8.464325860937177372e-05
8.466222805545601333e-05
8.468116425990365032e-05
8.470013711455821805e-05
8.471915148271904142e-05
8.473825280176639201e-05
8.475740936090403596e-05
8.477660217540177639e-05
8.479591471535104772e-05
8.481535402279040598e-05
8.483485818706568984e-05
8.485442616558559303e-05
8.487405910230200569e-05
8.489376174905329561e-05
8.491349833032308368e-05
8.493331775269504099e-05
8.495319764730310363e-05
8.497307441550353197e-05
8.499292914376029191e-05
8.501278839312624688e-05
8.503266214566293382e-05
8.505254639901516989e-05
8.507248134469610438e-05
8.509243932465510995e-05
8.511241951094281034e-05
8.513242666520654011e-05
8.515259666517354124e-05
8.517291222661482048e-05
8.519338622115382265e-05
8.521406589363794562e-05
8.523492797915668351e-05
8.525596047881477786e-05
8.527712477449717521e-05
8.529836299646739338e-05
8.531969004542245519e-05
8.534113027251355595e-05
8.536268980743401977e-05
8.538441028460622389e-05
8.540627212573355636e-05
8.542825470307687636e-05
8.545030816573895641e-05
8.547235356534660768e-05
8.549439489761472195e-05
8.551642543488141459e-05
8.553848121865392090e-05
8.556056986716563688e-05
8.558281828463512792e-05
8.560514998044629334e-05
8.562749804011117157e-05
8.564987682254868303e-05
8.567233622567799829e-05
8.569502998570947068e-05
8.571787312559984876e-05
8.574076889089293318e-05
8.576374476809823881e-05
8.578682998733964797e-05
8.581002333942953052e-05
8.583342505306539331e-05
8.585703816239437507e-05
8.588086882694913077e-05
8.590482427991806688e-05
8.592891894367817235e-05
8.595311330017003590e-05
8.597735866921139001e-05
8.600165220504888438e-05
8.602601080672582739e-05
8.605046128097627053e-05
8.607499342982324300e-05
8.609966105728558868e-05
8.612440740600627389e-05
8.614923196327153941e-05
8.617410583853517985e-05
8.619902236562319408e-05
8.622395717443850948e-05
8.624890472837617875e-05
8.627386106337952567e-05
8.629884639065666426e-05
8.632389582663741877e-05
8.634913086513517136e-05
8.637454989006137921e-05
8.640009759990107448e-05
8.642576387423208382e-05
8.645159360819886689e-05
8.647757613189091194e-05
8.650377334065057248e-05
8.653019450241223665e-05
8.655687107438646592e-05
8.658379297544895688e-05
8.661092491904022787e-05
8.663825567485549327e-05
8.666576887424542433e-05
8.669351401968296972e-05
8.672148239041619852e-05
8.674960604444702738e-05
8.677782818319941418e-05
8.680609347475287630e-05
8.683437524709624288e-05
8.686268893757918179e-05
8.689103394745580024e-05
8.691947884257427424e-05
8.694800722715341382e-05
8.697664214734036295e-05
8.700535635320692340e-05
8.703414921263867142e-05
8.706300459921970341e-05
8.709196313099034975e-05
8.712099116738568089e-05
8.715004158028541578e-05
8.717913038257553144e-05
8.720828265737800872e-05
8.723749576981973365e-05
8.726681090155028158e-05
8.729618335735452647e-05
8.732560609933979296e-05
8.735511536897230291e-05
8.738474551349586898e-05
8.741448807102520529e-05
8.744432564346127780e-05
8.747421068571251124e-05
8.750410998756618177e-05
8.753401614064968154e-05
8.756395641821293962e-05
8.759395046109386227e-05
8.762402382837236711e-05
8.765424453688366022e-05
8.768462642990561111e-05
8.771513895118700558e-05
8.774572778921116097e-05
8.777638693894812148e-05
8.780714611245634359e-05
8.783797736686671227e-05
8.786897894061176657e-05
8.790019132369780600e-05
8.793162317566419759e-05
8.796322772640266085e-05
8.799495001459324962e-05
8.802679721052999908e-05
8.805878003041421880e-05
8.809094863562662737e-05
8.812332186446912845e-05
8.815591440842139007e-05
8.818868970400536400e-05
8.822160503096619926e-05
8.825465326303399830e-05
8.828782433815341910e-05
8.832115508024715694e-05
8.835458730222326698e-05
8.838811880805515838e-05
8.842176175936325606e-05
8.845551189533557414e-05
8.848942187403243851e-05
8.852340898826863245e-05
8.855747735909200570e-05
8.859162035743762620e-05
8.862582820276347639e-05
8.866008704996650018e-05
8.869442010950828574e-05
8.872890512443594045e-05
8.876353049192542964e-05
8.879828737224814870e-05
8.883314958211024263e-05
8.886817764776790542e-05
8.890331676613319315e-05
8.893849040987788959e-05
8.897370445562172863e-05
8.900906136552517057e-05
8.904454258616807617e-05
8.908013181165376265e-05
8.911587425771993240e-05
8.915170424265804602e-05
8.918764068667732069e-05
8.922376460264498806e-05
8.926000083820601950e-05
8.929636949844419120e-05
8.933285486699600337e-05
8.936949061514383886e-05
8.940627915519187298e-05
8.944322303300232199e-05
8.948034550298320151e-05
8.951767456565927548e-05
8.955523707584046433e-05
8.959300885757224902e-05
8.963098018250235054e-05
8.966911164903307524e-05
8.970738105883148893e-05
8.974579645625878929e-05
8.978438443397986828e-05
8.982310809474673295e-05
8.986195154961911403e-05
8.990089019801456255e-05
8.993992647125228970e-05
8.997910381177746616e-05
9.001839411222067335e-05
9.005782211021111979e-05
9.009739816143831018e-05
9.013710262977251331e-05
9.017693045865203311e-05
9.021686674323500961e-05
9.025689207004139621e-05
9.029700457361625882e-05
9.033722267093670150e-05
9.037754227048695602e-05
9.041795477648074887e-05
9.045844265502680321e-05
9.049903088819821056e-05
9.053970352311027355e-05
9.058046291531684092e-05
9.062130643599903787e-05
9.066223226797538151e-05
9.070323981260025419e-05
9.074433549553912977e-05
9.078553639530898077e-05
9.082684709778147437e-05
9.086824809270191135e-05
9.090976009771313006e-05
9.095138040149066587e-05
9.099309436593066582e-05
9.103489199803955535e-05
9.107678177610036506e-05
9.111879413054716002e-05
9.116092883291403951e-05
9.120316188680243957e-05
9.124549112971264803e-05
9.128793143749062197e-05
9.133047721522930961e-05
9.137311611950700249e-05
9.141589082065266787e-05
