2.880748249999996648e-05
2.042000471807861706e-05
1.743369651998714429e-05
1.553921820462930714e-05
1.519470430486476380e-05
1.456420415831544299e-05
1.429278511631473752e-05
1.360205971191006812e-05
1.293975398531194235e-05
1.244236638254462090e-05
1.200279838634416087e-05
1.160411628483262638e-05
1.124214137006692179e-05
1.093790047580819569e-05
1.058516630358740141e-05
1.025519704900980723e-05
9.958537851763696561e-06
9.678112812015655738e-06
9.422828526257703155e-06
9.185231005545481893e-06
8.965626859428836153e-06
8.760249923937858956e-06
8.568791033401467356e-06
8.389677107832075592e-06
8.224507433568137136e-06
8.066174834803984970e-06
7.919210615401717649e-06
7.781823811721868427e-06
7.652637435874695945e-06
7.535140020648559556e-06
7.420184126128615104e-06
7.313088589152650925e-06
7.206034905429598176e-06
7.100815841402494837e-06
6.998947436902414229e-06
6.901057760101361856e-06
6.807168745725831255e-06
6.717610136311544848e-06
6.631652747561888808e-06
6.550094963460987327e-06
6.470039284638482936e-06
6.393370075761688907e-06
6.318934996424903141e-06
6.247588340047114264e-06
6.178163459483848191e-06
6.111069103303871452e-06
6.045744718532480691e-06
5.982601396992459708e-06
5.921661450895104727e-06
5.862444699056381501e-06
5.805048358796651200e-06
5.750323301055473412e-06
5.696140719717628744e-06
5.643171692473283726e-06
5.591669851772082580e-06
5.541658404133871136e-06
5.492897127356843777e-06
5.445340477749545766e-06
5.399046587485858108e-06
5.354040466271194480e-06
5.310670958413452592e-06
5.267801031751968556e-06
5.227046159317196409e-06
5.186606212702007047e-06
5.148027255899471026e-06
5.109462297443339462e-06
5.071489980148288502e-06
5.034480350777787911e-06
4.998580815844109262e-06
4.963350463829973886e-06
4.928802643577921781e-06
4.894870507395896618e-06
4.861663849024830789e-06
4.829060543983595598e-06
4.796966106641151911e-06
4.765310786463726701e-06
4.734284035960600939e-06
4.703958315473092324e-06
4.674415981159417461e-06
4.645459829803485822e-06
4.617284560210904144e-06
4.589978956865407205e-06
4.562755895501249912e-06
4.535931991075184083e-06
4.509588506426278235e-06
4.484063415114517093e-06
4.459669005099778742e-06
4.436248928278465058e-06
4.412410453153434941e-06
4.388913555091623305e-06
4.365754965511471308e-06
4.343137782678682627e-06
4.320678937200141309e-06
4.299696833444270840e-06
4.279964907815650764e-06
4.260209849340106530e-06
4.240648360485735899e-06
4.221482379370918984e-06
4.202812923254975758e-06
4.185003668785289246e-06
4.167186875046446656e-06
4.149145448440437139e-06
4.130905055348512486e-06
4.112846795092009225e-06
4.094910658510786149e-06
4.077656224328229886e-06
4.060887654304360804e-06
4.044333131858515730e-06
4.027337720807813625e-06
4.010304584053372462e-06
3.993245488769991904e-06
3.976160558339608129e-06
3.959337872994750933e-06
3.942395041443615562e-06
3.925588552195270876e-06
3.909091808153004974e-06
3.893316412976475132e-06
3.877991696076606001e-06
3.862362912132671405e-06
3.846926848664245300e-06
3.831828171081289868e-06
3.816469966263912924e-06
3.801270936045862127e-06
3.786156558815670306e-06
3.771083715137458300e-06
3.756214027118971164e-06
3.741518030726192748e-06
3.726992160465219714e-06
3.712849789184058492e-06
3.699026327854524921e-06
3.685153809534696682e-06
3.671343995362498693e-06
3.657613971515623153e-06
3.643973218182075038e-06
3.630460173164583224e-06
3.617124499809875830e-06
3.603940862015655412e-06
3.590893908313746222e-06
3.577957236000786229e-06
3.565198898684645933e-06
3.552626739028967884e-06
3.540122697731766435e-06
3.527798229767624197e-06
3.515572746657878084e-06
3.503436564666040919e-06
3.491421044407351526e-06
3.479560181469279102e-06
3.467852533832389386e-06
3.456280831831291131e-06
3.444842140229484104e-06
3.433517363227228678e-06
3.422359560505701850e-06
3.411243331854132570e-06
3.400191439122974825e-06
3.389234678494962747e-06
3.378354399064490960e-06
3.367584676836295592e-06
3.356911153575961342e-06
3.346340296934400691e-06
3.335866742598867500e-06
3.325491415099656026e-06
3.315212290111270847e-06
3.305031869593415612e-06
3.294944201735047285e-06
3.284944628813679952e-06
3.275066803715514308e-06
3.265331485373046509e-06
3.255667754277699051e-06
3.246024517469466554e-06
3.236485071330066299e-06
3.227026824644584534e-06
3.217633011094639320e-06
3.208322565189429455e-06
3.199093945161043361e-06
3.189943671734191924e-06
3.180872225166634514e-06
3.171922775944327173e-06
3.163046355639555354e-06
3.154269389353155824e-06
3.145533842554091199e-06
3.136915811650465246e-06
3.128345365746642919e-06
3.119822353216595065e-06
3.111418613734525845e-06
3.103078273325300303e-06
3.094932025154741300e-06
3.086781575291236615e-06
3.078607692640620761e-06
3.070471955529849697e-06
3.062417659960906257e-06
3.054412198350838424e-06
3.046458104746446549e-06
3.038574296622706803e-06
3.030803511276459681e-06
3.023030117276975525e-06
3.015352218149662315e-06
3.007741509930311671e-06
3.000184308861973257e-06
2.992665539201708813e-06
2.985210221772681178e-06
2.977821535871203855e-06
2.970494260511351369e-06
2.963240433284057461e-06
2.956050848623606364e-06
2.949005207133544054e-06
2.941919072812401466e-06
2.934897045923197121e-06
2.927916764619518405e-06
2.920960714365819627e-06
2.914029216426025878e-06
2.907138197789628726e-06
2.900326018731992889e-06
2.893562733293018705e-06
2.886834191552595062e-06
2.880152466430458032e-06
2.873555922155892484e-06
2.867022124132993948e-06
2.860552066637211615e-06
2.854121336560313796e-06
2.847700060712872744e-06
2.841268325257934227e-06
2.834876992054910319e-06
2.828549934837739069e-06
2.822256594456461344e-06
2.815991053252998855e-06
2.809754162907495992e-06
2.803565223345521561e-06
2.797411105079984519e-06
2.791315714195553120e-06
2.785261030857570168e-06
2.779270688294835002e-06
2.773349188466259776e-06
2.767514856254095349e-06
2.761690277234128749e-06
2.756025235088388010e-06
2.750335785979654014e-06
2.744619506441191275e-06
2.738958326048969700e-06
2.733329144954582835e-06
2.727713067578137064e-06
2.722117800708169452e-06
2.716540502307579176e-06
2.710996815327728856e-06
2.705475512933915528e-06
2.699999516923056194e-06
2.694555053419892348e-06
2.689139047752334334e-06
2.683772907687785790e-06
2.678428135752720217e-06
2.673117628615199046e-06
2.667855178433361690e-06
2.662662405841956927e-06
2.657503161053470118e-06
2.652322378031490216e-06
2.647212074962847132e-06
2.642157064450051032e-06
2.637146951183022939e-06
2.632173405395501661e-06
2.627189038098921444e-06
2.622267181708212856e-06
2.617391820122613629e-06
2.612527693812935587e-06
2.607668026679493102e-06
2.602784983872201407e-06
2.597941894688992981e-06
2.593105967209546150e-06
2.588280988369834831e-06
2.583485550685243949e-06
2.578704196851609840e-06
2.573951077939845026e-06
2.569213096633232484e-06
2.564501610568453431e-06
2.559809318081820165e-06
2.555147407749488234e-06
2.550510178258273313e-06
2.545890855625062477e-06
2.541291528027472982e-06
2.536717124922540921e-06
2.532170409527930857e-06
2.527644847448700775e-06
2.523143479493417332e-06
2.518673024770233845e-06
2.514224421116815975e-06
2.509804984494917078e-06
2.505398330142609278e-06
2.501022056350248367e-06
2.496661073045074321e-06
2.492328524801697173e-06
2.488015221161714037e-06
2.483722237836546385e-06
2.479451047189303946e-06
2.475203099091562092e-06
2.470981634367574407e-06
2.466792231071558741e-06
2.462639561299777007e-06
2.458496400016964285e-06
2.454387170289312998e-06
2.450302523143795289e-06
2.446219383093068680e-06
2.442178425072111382e-06
2.438157495767093242e-06
2.434127803478601008e-06
2.430155043931032902e-06
2.426170521567443316e-06
2.422219368644901482e-06
2.418282789500659078e-06
2.414374961544871132e-06
2.410483588790024892e-06
2.406629902592475631e-06
2.402813084141883231e-06
2.398988754099153991e-06
2.395200347544752348e-06
2.391419584480661957e-06
2.387650261281072124e-06
2.383899806172469980e-06
2.380168261381424497e-06
2.376438202097797265e-06
2.372730292920835714e-06
2.369065883899517986e-06
2.365421920403691818e-06
2.361818208074797211e-06
2.358232115934188254e-06
2.354663759729590578e-06
2.351189359835969932e-06
2.347725675344833096e-06
2.344301760747214535e-06
2.340892519350092665e-06
2.337440791571672815e-06
2.333998749971879704e-06
2.330643242094168171e-06
2.327286267517065745e-06
2.323945801483018331e-06
2.320655087022349701e-06
2.317370097174679249e-06
2.314087860532431792e-06
2.310879853714114261e-06
2.307647095734306829e-06
2.304477036307047585e-06
2.301282361796660069e-06
2.298090197766289935e-06
2.294915696786367617e-06
2.291749829978258924e-06
2.288589594269404060e-06
2.285481797913510113e-06
2.282355219998024860e-06
2.279240156469261868e-06
2.276181992644407225e-06
2.273147177712857237e-06
2.270158397766320504e-06
2.267152875068344463e-06
2.264146816094774569e-06
2.261182991809546948e-06
2.258229091801547705e-06
2.255291141692584301e-06
2.252380122069224107e-06
2.249479659618050961e-06
2.246535972759238033e-06
2.243590567235786213e-06
2.240669757212691116e-06
2.237766764389440464e-06
2.234862942679793512e-06
2.231944061162641576e-06
2.229036255272467710e-06
2.226182068487649286e-06
2.223346949877656481e-06
2.220575902371318922e-06
2.217906736078060708e-06
2.215252818486147723e-06
2.212658462946256817e-06
2.210054004087091755e-06
2.207389537917063391e-06
2.204714629091833046e-06
2.202037737542822586e-06
2.199357296480720162e-06
2.196753251113866442e-06
2.194103997803566902e-06
2.191489939129550442e-06
2.188847287279764627e-06
2.186255155978688328e-06
2.183751534408455707e-06
2.181270078179962170e-06
2.178792357610567094e-06
2.176286020315435417e-06
2.173875020446723981e-06
2.171442592804119293e-06
2.169039750641730682e-06
2.166666628966678901e-06
2.164345363799461978e-06
2.162088005638086035e-06
2.159780837200184696e-06
2.157590424620432882e-06
2.155406438765787239e-06
2.153220547109342298e-06
2.151085040784468110e-06
2.148888296280076718e-06
2.146688138941973995e-06
2.144599740529796328e-06
2.142470309175812279e-06
2.140282360895485809e-06
2.138182766809002095e-06
2.136095351325944572e-06
2.134000735790297453e-06
2.131946660812542331e-06
2.129809000330239045e-06
2.127717129204132146e-06
2.125637863609018646e-06
2.123491475661391881e-06
2.121368351858949215e-06
2.119247402519966183e-06
2.117154273132286077e-06
2.115043036918997628e-06
2.112875040553050904e-06
2.110735561888475838e-06
2.108625728314590754e-06
2.106487642104865148e-06
2.104403194479536761e-06
2.102237343665041572e-06
2.100116728663572100e-06
2.098043888368935398e-06
2.095987495542668581e-06
2.093875260281266201e-06
2.091723308103534188e-06
2.089612469223167444e-06
2.087499618333600977e-06
2.085354442019364962e-06
2.083222044724956592e-06
2.081056067474749104e-06
2.078916275959156363e-06
2.076755949621270230e-06
2.074625224381593454e-06
2.072501988915133200e-06
2.070452929670384383e-06
2.068439511826851366e-06
2.066463492588962500e-06
2.064485523905948315e-06
2.062521723706191140e-06
2.060564952795678332e-06
2.058714952587077590e-06
2.056866792344559428e-06
2.055002345390618298e-06
2.053119024274017551e-06
2.051249405266506119e-06
2.049365989010105946e-06
2.047432148935076749e-06
2.045485043738402030e-06
2.043549014327003556e-06
2.041594736490739583e-06
2.039674634550290440e-06
2.037750152175192051e-06
2.035837623288818175e-06
2.033957405731509823e-06
2.032133085399353635e-06
2.030246526441443141e-06
2.028413907628533679e-06
2.026583184592494665e-06
2.024742018285049905e-06
2.022876074233044987e-06
2.020998488124738968e-06
2.019109204756325675e-06
2.017206299801130131e-06
2.015370578548497461e-06
2.013522842549651465e-06
2.011672790771461008e-06
2.009831902735859141e-06
2.007998504317935253e-06
2.006145017677824012e-06
2.004296711996152305e-06
2.002487761450617145e-06
2.000677791832321440e-06
1.998853502884542669e-06
1.996981008422916598e-06
1.995072713684918655e-06
1.993224365805310654e-06
1.991387549304822749e-06
1.989595571243989643e-06
1.987846995419124351e-06
1.986059421850457080e-06
1.984314736045380941e-06
1.982580483965916471e-06
1.980865145033152069e-06
1.979138211108675645e-06
1.977367103780638803e-06
1.975589979619751932e-06
1.973831540067372698e-06
1.972096854744355567e-06
1.970335978804329220e-06
1.968617482456936350e-06
1.966902296786578969e-06
1.965265215569568010e-06
1.963607146388351493e-06
1.961936607135076481e-06
1.960269746615642440e-06
1.958589312941308941e-06
1.956918273951925231e-06
1.955231176403088100e-06
1.953609434323659276e-06
1.952000821069267412e-06
1.950379899756519459e-06
1.948757960442843489e-06
1.947138359635360135e-06
1.945524814922470402e-06
1.943919963198726030e-06
1.942354654673981436e-06
1.940764808933660218e-06
1.939146505023084848e-06
1.937509909276681119e-06
1.935888950595065112e-06
1.934234628685910217e-06
1.932598462359711242e-06
1.930923285031840061e-06
1.929258636513358910e-06
1.927588156661623998e-06
1.925979012470146439e-06
1.924324184985825224e-06
1.922688681250265784e-06
1.921080435487965501e-06
1.919492942284792828e-06
1.917889958085181111e-06
1.916316174652583181e-06
1.914752333222519005e-06
1.913190799496984228e-06
1.911649226325302256e-06
1.910087483514765799e-06
1.908530525760492547e-06
1.906980615864801370e-06
1.905483584064932240e-06
1.903958358732009721e-06
1.902452240894929873e-06
1.900946499085023570e-06
1.899476093887225694e-06
1.897999084422381808e-06
1.896517462151474686e-06
1.895066413270103454e-06
1.893612619946846990e-06
1.892131001711716226e-06
1.890704563489428863e-06
1.889272475680100601e-06
1.887836248890888651e-06
1.886384269434148281e-06
1.884931104022088197e-06
1.883457341812403906e-06
1.881987215872648112e-06
1.880499788818284341e-06
1.879005755129472317e-06
1.877496521000368886e-06
1.875990011573771641e-06
1.874513031683292113e-06
1.873040708669655748e-06
1.871564378032886224e-06
1.870112378465371447e-06
1.868689982134600603e-06
1.867282969970673128e-06
1.865881239271210868e-06
1.864510899251706577e-06
1.863126219613178510e-06
1.861724974004232268e-06
1.860379840994224128e-06
1.859050047312456557e-06
1.857741087720872349e-06
1.856445506873003646e-06
1.855127227570802389e-06
1.853792953829641558e-06
1.852460650733464286e-06
1.851111462644220245e-06
1.849756249215613785e-06
1.848430644028339336e-06
1.847105192077376516e-06
1.845784602603801527e-06
1.844462366381239306e-06
1.843125259355995476e-06
1.841785324082173639e-06
1.840463703206052984e-06
1.839180908606184099e-06
1.837884818961360582e-06
1.836585733212317639e-06
1.835332900650500494e-06
1.834065530391752152e-06
1.832780444361364214e-06
1.831497651449707590e-06
1.830251718004508392e-06
1.829015133681123468e-06
1.827812811768614941e-06
1.826629359798354490e-06
1.825436978826089861e-06
1.824208568323621637e-06
1.822995847903859992e-06
1.821769987786712706e-06
1.820540763714119433e-06
1.819288091251626375e-06
1.818038689233962837e-06
1.816758132297547716e-06
1.815518789420123996e-06
1.814246153126474041e-06
1.812963693297624460e-06
1.811700809243211561e-06
1.810407423844041643e-06
1.809126243570885150e-06
1.807823994143232511e-06
1.806545135186056631e-06
1.805261136269764057e-06
1.803962544856269926e-06
1.802673369428510553e-06
1.801361920579205531e-06
1.800045676384227075e-06
1.798750752859774769e-06
1.797440307120087390e-06
1.796145466184221001e-06
1.794842566250945568e-06
1.793567082882212650e-06
1.792292477533570514e-06
1.791028349806475644e-06
1.789779655575593612e-06
1.788520361324654351e-06
1.787278607541863735e-06
1.786054378508257919e-06
1.784809027550357192e-06
1.783548839068996528e-06
1.782308741912800095e-06
1.781056854623884193e-06
1.779796001812019664e-06
1.778526616226472243e-06
1.777268090688366721e-06
1.775994518091143962e-06
1.774748803642983378e-06
1.773479691277750322e-06
1.772246771010581020e-06
1.771018406132242728e-06
1.769781006612785038e-06
1.768536575362410137e-06
1.767292657099543042e-06
1.766035351447906073e-06
1.764779873952941255e-06
1.763526333522495081e-06
1.762253593090284558e-06
1.760992756668470501e-06
1.759730773701723168e-06
1.758468419201183962e-06
1.757192835959855871e-06
1.755910409517914014e-06
1.754631168279807048e-06
1.753353122614376511e-06
1.752082509847472662e-06
1.750808363595308079e-06
1.749532940790135621e-06
1.748247267268309425e-06
1.746974490305259624e-06
1.745704049316248054e-06
1.744429982641051579e-06
1.743157622880381590e-06
1.741900745022455746e-06
1.740650344424292346e-06
1.739399536976863863e-06
1.738146415445259864e-06
1.736894179168775129e-06
1.735661146106666270e-06
1.734433022599585405e-06
1.733213883006372279e-06
1.731988370587768288e-06
1.730764147079258861e-06
1.729551667527529828e-06
1.728310326369631851e-06
1.727079863690919544e-06
1.725841008706537450e-06
1.724606940378447491e-06
1.723374110975586065e-06
1.722139245184224533e-06
1.720905888420558299e-06
1.719677753350364702e-06
1.718465769964369205e-06
1.717247511838915326e-06
1.716036923954883920e-06
1.714841273624060610e-06
1.713635744438085497e-06
1.712440106934680225e-06
1.711236285385277210e-06
1.710040787406727196e-06
1.708840861704436586e-06
1.707644096624778112e-06
1.706453363043425481e-06
1.705257878096952757e-06
1.704052961355082839e-06
1.702856026652712551e-06
1.701649255423663214e-06
1.700459619654082034e-06
1.699266606472712748e-06
1.698072707864348932e-06
1.696882361242266961e-06
1.695690890069804526e-06
1.694504918238118417e-06
1.693319019843744143e-06
1.692133726446536515e-06
1.690942837750685537e-06
1.689751312266919241e-06
1.688562027148581459e-06
1.687368421226438844e-06
1.686172875477769374e-06
1.684978779594142535e-06
1.683788766602380598e-06
1.682604137531356755e-06
1.681426505522326272e-06
1.680251191269193960e-06
1.679074674981985811e-06
1.677907505065020019e-06
1.676747498446550164e-06
1.675593477977209892e-06
1.674441038274662514e-06
1.673289747222964594e-06
1.672124645987997635e-06
1.670969099196828011e-06
1.669814960140848597e-06
1.668664706966163988e-06
1.667515746250144360e-06
1.666363543101092365e-06
1.665218754658393639e-06
1.664072954314779697e-06
1.662929219368244610e-06
1.661789478780659729e-06
1.660648406508752419e-06
1.659512687308302968e-06
1.658384040030869687e-06
1.657261270971144138e-06
1.656140671019749795e-06
1.655023821428258108e-06
1.653903791220584579e-06
1.652783250031078371e-06
1.651668414796073946e-06
1.650549756807278284e-06
1.649433407192483782e-06
1.648316968964009354e-06
1.647201922965185854e-06
1.646095026414994434e-06
1.644989458452065515e-06
1.643882559812688506e-06
1.642775000993320955e-06
1.641674999613247338e-06
1.640577554632792810e-06
1.639476451248455467e-06
1.638374052055511317e-06
1.637275761129120044e-06
1.636178667404691920e-06
1.635084548251795031e-06
1.634000302515597826e-06
1.632916961993853483e-06
1.631831955433180662e-06
1.630754540798385482e-06
1.629675486784071985e-06
1.628596823140581610e-06
1.627520154201500172e-06
1.626452197825448785e-06
1.625382869456633495e-06
1.624314954184039178e-06
1.623247791959137348e-06
1.622185231064161906e-06
1.621130792710325985e-06
1.620079390477544414e-06
1.619025924603389740e-06
1.617978256246990691e-06
1.616934214658331742e-06
1.615888125722986111e-06
1.614841760639202883e-06
1.613805898109043123e-06
1.612771690417015970e-06
1.611735874705752583e-06
1.610709569934988822e-06
1.609677165726341219e-06
1.608648507162521091e-06
1.607623569680078010e-06
1.606598223204958481e-06
1.605576421577762492e-06
1.604554496505430868e-06
1.603534635363422601e-06
1.602515762711685246e-06
1.601499391299424931e-06
1.600483388348986101e-06
1.599471329159473823e-06
1.598466374921833178e-06
1.597466932448071176e-06
1.596465338610461017e-06
1.595469513155838246e-06
1.594478521725378955e-06
1.593488149114707921e-06
1.592492509219856756e-06
1.591499271681488543e-06
1.590503875655795390e-06
1.589503397360090144e-06
1.588501256609977456e-06
1.587501545282741756e-06
1.586508164369195556e-06
1.585521764364826903e-06
1.584536658245021670e-06
1.583555328206369750e-06
1.582572311616155411e-06
1.581593006314943858e-06
1.580612655781358260e-06
1.579632986848351456e-06
1.578658373580562632e-06
1.577684494855742378e-06
1.576720287135242450e-06
1.575749935019941684e-06
1.574784984593084526e-06
1.573817356501394308e-06
1.572848666288991902e-06
1.571883548950626741e-06
1.570919750643062047e-06
1.569958747115701278e-06
1.569001487327838519e-06
1.568049579498444820e-06
1.567104192387611974e-06
1.566157745109832501e-06
1.565209824260793101e-06
1.564265120464361140e-06
1.563324916083257083e-06
1.562380201914893130e-06
1.561439104040671098e-06
1.560499133363844970e-06
1.559558727449989388e-06
1.558621387956244894e-06
1.557689807207621866e-06
1.556752684794467521e-06
1.555818952964170961e-06
1.554886402157666441e-06
1.553957018896189454e-06
1.553027808547849760e-06
1.552096965239720737e-06
1.551172824733300946e-06
1.550256972997528031e-06
1.549346457523855360e-06
1.548438444485467174e-06
1.547529132430590273e-06
1.546622464458088447e-06
1.545717922780197051e-06
1.544816226382013136e-06
1.543912820870255492e-06
1.543013116185061689e-06
1.542111204268124265e-06
1.541207117754914771e-06
1.540306099220621898e-06
1.539401546424771912e-06
1.538500131479933438e-06
1.537595769371535447e-06
1.536697272855040261e-06
1.535798290353097455e-06
1.534899833488078850e-06
1.534001630421428784e-06
1.533104624047674642e-06
1.532207604834466549e-06
1.531313929392316522e-06
1.530421176954973049e-06
1.529527268365089783e-06
1.528635128706160586e-06
1.527743208769672195e-06
1.526852487194868042e-06
1.525963743695217498e-06
1.525077625683460571e-06
1.524190702963554503e-06
1.523304564779984282e-06
1.522420395629212284e-06
1.521541823930362725e-06
1.520661847492492156e-06
1.519783305558605674e-06
1.518909431359480135e-06
1.518037148165364744e-06
1.517168587178908111e-06
1.516303738331322866e-06
1.515438886226551408e-06
1.514577180910790270e-06
1.513713225344144847e-06
1.512850108281852985e-06
1.511987055023833640e-06
1.511126972643223301e-06
1.510267470306002846e-06
1.509409494195506883e-06
1.508550681782367250e-06
1.507695171913474358e-06
1.506841983895543853e-06
1.505991589514265196e-06
1.505143410860668403e-06
1.504298069741630947e-06
1.503453265383856132e-06
1.502611098652152523e-06
1.501769992683932893e-06
1.500931409013788224e-06
1.500093444477310246e-06
1.499258811138853444e-06
1.498424328810560208e-06
1.497589949095419882e-06
1.496753778978009068e-06
1.495918924340446237e-06
1.495087453642004600e-06
1.494254837856940056e-06
1.493423221015712487e-06
1.492592101788216619e-06
1.491764583195751869e-06
1.490937840546685898e-06
1.490112476984206627e-06
1.489288145661843763e-06
1.488465645539094773e-06
1.487642814491764713e-06
1.486819409052364737e-06
1.485995830849920436e-06
1.485174014247411924e-06
1.484351301696125539e-06
1.483529970797490567e-06
1.482709908278169171e-06
1.481890505719249050e-06
1.481072481374991558e-06
1.480255891789647119e-06
1.479440558757580687e-06
1.478626740528480299e-06
1.477814090618254784e-06
1.477002795047687192e-06
1.476192830727748031e-06
1.475384231917696845e-06
1.474577001130920311e-06
1.473771055192393909e-06
1.472966401530817239e-06
1.472163071251405352e-06
1.471361345884977982e-06
1.470560678402069419e-06
1.469761246027266540e-06
1.468963492373700727e-06
1.468166659754915627e-06
1.467371245656617935e-06
1.466577416860450470e-06
1.465784670503301564e-06
1.464993350828487128e-06
1.464203564944170375e-06
1.463416072962746015e-06
1.462629712188830302e-06
1.461845625230792486e-06
1.461064239623618326e-06
1.460282510727421833e-06
1.459502270276781927e-06
1.458726132185676859e-06
1.457950900993616483e-06
1.457177092142689174e-06
1.456404498405281075e-06
1.455635276647418350e-06
1.454868193636351885e-06
1.454103698666471832e-06
1.453343884425399716e-06
1.452581578217501499e-06
1.451822059691239756e-06
1.451063158925425362e-06
1.450307401054092758e-06
1.449554413419555510e-06
1.448805172058276632e-06
1.448057830500828004e-06
1.447313309771255891e-06
1.446571849995217020e-06
1.445825323932901811e-06
1.445078941940753216e-06
1.444334024331964338e-06
1.443590730184505454e-06
1.442846943668442093e-06
1.442105433240614787e-06
1.441364618561149223e-06
1.440626240578279686e-06
1.439889073630050036e-06
1.439152417228368340e-06
1.438417213094974350e-06
1.437684713393524880e-06
1.436947652494337552e-06
1.436213537037948122e-06
1.435479159689578582e-06
1.434743996096160830e-06
1.434010516151779390e-06
1.433277323048350239e-06
1.432544344874199382e-06
1.431812112448239346e-06
1.431079966587293586e-06
1.430348420897895561e-06
1.429618832481074014e-06
1.428887286350656427e-06
1.428159224419752725e-06
1.427430706618854008e-06
1.426701794227764387e-06
1.425974907812079619e-06
1.425249881422613244e-06
1.424524032627540679e-06
1.423798972546400315e-06
1.423075240589983170e-06
1.422351714877473721e-06
1.421629424725098617e-06
1.420909197979558486e-06
1.420189650947010484e-06
1.419471184593836374e-06
1.418753625944836972e-06
1.418036394650361750e-06
1.417320756352359861e-06
1.416605895363581708e-06
1.415892028934658671e-06
1.415178912989128621e-06
1.414466873280139179e-06
1.413755927239382122e-06
1.413046376955851005e-06
1.412337906734281090e-06
1.411630207215475393e-06
1.410923692677161002e-06
1.410218824972306956e-06
