1.831016054636132594e+03
1.702932043057052624e+03
1.702932043057052624e+03
2.097941478062377428e+03
1.957036206271430274e+03
1.733721305909620469e+03
1.799994756732679662e+03
1.783106638518387399e+03
1.820862098331706875e+03
1.585432853422394373e+03
2.326260957449799662e+03
1.788848972760810966e+03
1.864414329529259930e+03
1.855701410051487528e+03
2.155971625219361158e+03
1.804824534690458222e+03
1.887087144434521178e+03
1.827982306266912701e+03
1.904553628166143426e+03
1.822749787921157349e+03
1.863970726195055022e+03
1.994005275310307297e+03
1.787257592378810614e+03
1.625915966108219891e+03
1.861442680366517607e+03
1.672996601763179797e+03
1.782340342260468788e+03
2.100587705941666172e+03
1.822015750413119349e+03
1.790375566937898384e+03
1.791122171314154457e+03
1.924958243856103081e+03
1.767496539563006991e+03
2.069476680261338970e+03
1.976628156041239663e+03
1.688001609101206668e+03
1.848944162403776318e+03
1.801695932219466840e+03
1.746131542028375407e+03
1.440429001692452857e+03
2.078299343894815593e+03
2.082208083754121617e+03
1.925279508294569268e+03
2.082663799899057722e+03
2.360858096381215091e+03
1.824764230711538403e+03
1.645057764883621985e+03
2.083168482029235747e+03
1.700903129218417462e+03
2.018844818020477305e+03
1.739704244462506495e+03
1.851206522686261451e+03
1.953649659678424769e+03
1.757311323672938670e+03
1.965287493478839679e+03
2.166624645695180334e+03
1.672481973415843413e+03
1.463645893636708252e+03
1.777397293375283880e+03
1.659295078309397923e+03
1.275225081887408123e+03
2.131126999469069688e+03
2.126457085081041441e+03
1.780857936233687496e+03
1.758899404066702346e+03
1.988294061339365044e+03
1.920759219004031820e+03
1.812631243072186635e+03
1.907666897177910187e+03
1.490308162135961766e+03
2.171733217780186351e+03
1.721674121401907996e+03
2.083996999077961846e+03
1.789671382699745891e+03
1.919039341402943137e+03
1.803977850355548981e+03
1.935546761556339561e+03
1.826969090828619755e+03
1.675366792200795544e+03
1.998829242940026461e+03
1.653170959460073163e+03
1.850103244282723836e+03
1.816797124410250490e+03
1.736815184223991764e+03
1.930800254121409807e+03
1.798531116210921709e+03
1.739226232982526199e+03
1.825458670527646518e+03
1.942334196852347304e+03
1.682277009034343564e+03
1.816657714122889502e+03
1.542194528065805116e+03
2.113187999429955198e+03
2.305169164572952923e+03
1.798854838040717368e+03
1.900781313819617935e+03
2.157395880077303445e+03
2.046659885593086301e+03
1.709944986645348763e+03
2.047279950200259464e+03
