6.516960000000531286e-06
8.821592159829870782e-06
8.404968191468666205e-06
7.469499652124553890e-06
6.738603080269200946e-06
6.199357455748035792e-06
5.832549001134755995e-06
5.821267370047531752e-06
5.603457729224074186e-06
5.466495039364537137e-06
5.270391066661315854e-06
5.100043326071683678e-06
5.111054655422187918e-06
5.006737610502701048e-06
4.995762010068580586e-06
4.918225592655941745e-06
4.803119572985660974e-06
4.681326716508263288e-06
4.570957934959565535e-06
4.470087357402081003e-06
4.407217094929611341e-06
4.331818903393316610e-06
4.244018612461038878e-06
4.167122231837221077e-06
4.092884163833977271e-06
4.018608422921535639e-06
3.949742846251060834e-06
3.879856765024428092e-06
3.812623114536014225e-06
3.748607330757718515e-06
3.688858758166337002e-06
3.631059663995036873e-06
3.576952962894668448e-06
3.524511504831972386e-06
3.473897110481605778e-06
3.425345637570288549e-06
3.379776782432549312e-06
3.335621363967075278e-06
3.292584166625604543e-06
3.251286365223546065e-06
3.212142995597688392e-06
3.174849510775334467e-06
3.138392326378816640e-06
3.103300146337706850e-06
3.068626254594453109e-06
3.035097476477323093e-06
3.003214752311266016e-06
2.972221562105587921e-06
2.941738710267618110e-06
2.912237889308564311e-06
2.883865480604908755e-06
2.856073586171050431e-06
2.829069304549591588e-06
2.802789550151029867e-06
2.777473820820395444e-06
2.753807973054936247e-06
2.729589331148470934e-06
2.706187716613233154e-06
2.683379411414700944e-06
2.662388624304852602e-06
2.643476633030156934e-06
2.624026757290792089e-06
2.603933246229021900e-06
2.584944383695569244e-06
2.566443039831165965e-06
2.547770319628484043e-06
2.529867997259147581e-06
2.511805148477150460e-06
2.494105714925166814e-06
2.476410917518414467e-06
2.459761982680793084e-06
2.444466819174366046e-06
2.428725715452063533e-06
2.413497240046967129e-06
2.399265503620757369e-06
2.384702730273759953e-06
2.370473122283369068e-06
2.356490565105797576e-06
2.342523501221564796e-06
2.328723010814233790e-06
2.314830674563384846e-06
2.301723664927230235e-06
2.289817636249184070e-06
2.277123988195943244e-06
2.265133423329449584e-06
2.253504238269695314e-06
2.241291642600759390e-06
2.229944653042937066e-06
2.218870726657572802e-06
2.208288318174713538e-06
2.197877135403382416e-06
2.187373955779524506e-06
2.177602460224339370e-06
2.168191912206867193e-06
2.158718789006276565e-06
2.149091546327288798e-06
2.140236578543989315e-06
2.131599819775983329e-06
2.122729552615960314e-06
2.115392675896307296e-06
2.107972250222525195e-06
2.099658017177775754e-06
2.091120842560171036e-06
2.082629397338432852e-06
2.074481901243933305e-06
2.066116694591829331e-06
2.057305186861643999e-06
2.048811818045460329e-06
2.040540952921999696e-06
2.032374593400145000e-06
2.024047640116592429e-06
2.016035563042450953e-06
2.008181807429246086e-06
2.001044563925426229e-06
1.993306239352580338e-06
1.986141829406137832e-06
1.979125390913462162e-06
1.971950846051781371e-06
1.965081833247948245e-06
1.957579905558179846e-06
1.949878091657923522e-06
1.942607392826165409e-06
1.935250165244252417e-06
1.928100386936339586e-06
1.920734296560764598e-06
1.914367043210867399e-06
1.907890997375758040e-06
1.900968321942594204e-06
1.894352872799112649e-06
1.887971485765664393e-06
1.881263188663404433e-06
1.874437804296292677e-06
1.867615140970265008e-06
1.860795149063411128e-06
1.854054975084323827e-06
1.847244981886595400e-06
1.840507763784518203e-06
1.833827234592002790e-06
1.827256345470042718e-06
1.820721732951404821e-06
1.814261901347873158e-06
1.807875600908211477e-06
1.801544103444304387e-06
1.795354512691917446e-06
1.789389256767368399e-06
1.783325120637593464e-06
1.777318788228665524e-06
1.771369793530181323e-06
1.765516132990934681e-06
1.759732554044903541e-06
1.753929292185815956e-06
1.748152248095912554e-06
1.742439057456425131e-06
1.736774091958208322e-06
1.731162529360971733e-06
1.725606020897288544e-06
1.720107344304525301e-06
1.714757340035833646e-06
1.709418684801564967e-06
1.704120728461762271e-06
1.698916082751663017e-06
1.693723038551506868e-06
1.688659986203545972e-06
1.683691602804816718e-06
1.678660296717350178e-06
1.673644946875609660e-06
1.668726224330879288e-06
1.663782012595174721e-06
1.658856054693865831e-06
1.653981557870690235e-06
1.649172442947778630e-06
1.644414117944110703e-06
1.639682158438913437e-06
1.634996811046627247e-06
1.630407717053308895e-06
1.625953361846631547e-06
1.621544487896256332e-06
1.617193620385382091e-06
1.612902177812586452e-06
1.608624130845737848e-06
1.604314144666030789e-06
1.600007328860831154e-06
1.595770231881039566e-06
1.591606399913045358e-06
1.587521686250128768e-06
1.583555724496895865e-06
1.579555784641870976e-06
1.575526972751651109e-06
1.571534113152568933e-06
1.567653072983707919e-06
1.563768806865615887e-06
1.559935903907026589e-06
1.556264743040226799e-06
1.552529155973813608e-06
1.548798827542002597e-06
1.545038256199187735e-06
1.541225152164975264e-06
1.537413455959813359e-06
1.533687841561419017e-06
1.529995898340976618e-06
1.526494920644566569e-06
1.522899666101202349e-06
1.519464895081560641e-06
1.515882330065890720e-06
1.512362576006163116e-06
1.508885858126935739e-06
1.505494079282726935e-06
1.502019690947225761e-06
1.498619484384116832e-06
1.495221485623705304e-06
1.491779529405944160e-06
1.488465613632904403e-06
1.485181837546052768e-06
1.481877458529707852e-06
1.478520446984927327e-06
1.475197239135232322e-06
1.471956582393448811e-06
1.468750788454707422e-06
1.465682991349168186e-06
1.462675931984844389e-06
1.459682269845083425e-06
1.456817284798790172e-06
1.453743185183488730e-06
1.450888150991306749e-06
1.448065731871507377e-06
1.445236143969753279e-06
1.442612421939089142e-06
1.439806972989246657e-06
1.437285212617343152e-06
1.434655445685693980e-06
1.432000755425844223e-06
1.429248348166223075e-06
1.426470876739916356e-06
1.423721726818028270e-06
1.421077780750442085e-06
1.418340221378164571e-06
1.415641715865381233e-06
1.412804695191277651e-06
1.409973331588680677e-06
1.407185246527964003e-06
1.404478812904199273e-06
1.401830584588680541e-06
1.399335834886129511e-06
1.396746320029139841e-06
1.394141282859082157e-06
1.391555733197637544e-06
1.388999872606022344e-06
1.386457969256966165e-06
1.383837287522291568e-06
1.381271836039879922e-06
1.378691779440644711e-06
1.376254765661741928e-06
1.373917079325972479e-06
1.371611366475525637e-06
1.369517418264266075e-06
1.367495998179189738e-06
1.365486739924496184e-06
1.363513057003855254e-06
1.361452626361427584e-06
1.359797774899447834e-06
1.358101685269792953e-06
1.356629384633196232e-06
1.355084433832634785e-06
1.353610320595907377e-06
1.352139056664716040e-06
1.350584552191375351e-06
1.348859995658649807e-06
1.347060711198391506e-06
1.344981721368935484e-06
1.342967338519121711e-06
1.341005469886582600e-06
1.339063913059571914e-06
1.337213529416088138e-06
1.335461406535083352e-06
1.333769641998186539e-06
1.331980118242763029e-06
1.330121279035287163e-06
1.328445984468134574e-06
1.326648776452231782e-06
1.324871893421698968e-06
1.323098483814422376e-06
1.321429201631252477e-06
1.319716667916297631e-06
1.318101201859985080e-06
1.316370128384167838e-06
1.314658389128058279e-06
1.313013188335275705e-06
1.311339847796782151e-06
1.309583074070049980e-06
1.307922622088026109e-06
1.306201038725250828e-06
1.304309730630715222e-06
1.302515098408672379e-06
1.300731556811208755e-06
1.298904928895688055e-06
1.297142128832343672e-06
1.295237811073801289e-06
1.293455110532939352e-06
1.291642194076480943e-06
1.289882612787149365e-06
1.288128583074831367e-06
1.286472082418570688e-06
1.284798972579134895e-06
1.283209616052491900e-06
1.281620866858328372e-06
1.280199303419029265e-06
1.278642435179558715e-06
1.277178045591474115e-06
1.275767205622759660e-06
1.274248086863437392e-06
1.272811286096967888e-06
1.271442536216658266e-06
1.270037836352138007e-06
1.268595810847813341e-06
1.267166911547865836e-06
1.265758486600311507e-06
1.264364455223918283e-06
1.262947222567834157e-06
1.261553012525956993e-06
1.260135877565110557e-06
1.258697378575041277e-06
1.257191944220975022e-06
1.255689694230337896e-06
1.254272331474755303e-06
1.252835440734493307e-06
1.251409626583393916e-06
1.249875911463820693e-06
1.248349031119747864e-06
1.246863838570135106e-06
1.245370919379293346e-06
1.243904949996742335e-06
1.242497609787073891e-06
1.241036164747730996e-06
1.239629931292384767e-06
1.238105891581125520e-06
1.236683021835724932e-06
1.235127944339938015e-06
1.233600172541603795e-06
1.232124694260981471e-06
1.230566033545004129e-06
1.229042814107865930e-06
1.227520714954704671e-06
1.225990917937485028e-06
1.224441520933270357e-06
1.222983893879171386e-06
1.221540485048077673e-06
1.219999307844705188e-06
1.218428835108784595e-06
1.216911760064091847e-06
1.215439178447963611e-06
1.213923131735899348e-06
1.212428442849146583e-06
1.210939728830958626e-06
1.209502799993720750e-06
1.208119129148756732e-06
1.206691459214783481e-06
1.205323258900111217e-06
1.203956622870384816e-06
1.202626519939444548e-06
1.201279710839330587e-06
1.200014796742280849e-06
1.198744308304363564e-06
1.197506770728138284e-06
1.196254288638542006e-06
1.195092973488172008e-06
1.194025750587307811e-06
1.192973166274558654e-06
1.191856558048192510e-06
1.190732534395822258e-06
1.189704057845138577e-06
1.188659787903624779e-06
1.187662824848289424e-06
1.186659696127643334e-06
1.185660944893582623e-06
1.184677570870746287e-06
1.183652965366735987e-06
1.182643657362594885e-06
1.181663403701943367e-06
1.180727460736861340e-06
1.179903111492997190e-06
1.179109642894969189e-06
1.178306402182278888e-06
1.177426209526096228e-06
1.176473259079030042e-06
1.175526927118374934e-06
1.174577814301015112e-06
1.173547632477339339e-06
1.172518509046797205e-06
1.171497003965066097e-06
1.170503767997153297e-06
1.169447668312643134e-06
1.168404615609221902e-06
1.167433006419148660e-06
1.166379754247340609e-06
1.165315597000351331e-06
1.164230387334260818e-06
1.163210496434562945e-06
1.162253618955656840e-06
1.161244332552353023e-06
1.160191105633871335e-06
1.159123621036709427e-06
1.157971216033162137e-06
1.156828329431347760e-06
1.155706699892402633e-06
1.154634200834510517e-06
1.153550362468646593e-06
1.152511679228166632e-06
1.151507828617016414e-06
1.150544894137804686e-06
1.149627814113751088e-06
1.148695786017506976e-06
1.147751752287217801e-06
1.146860905844137724e-06
1.145899962248016943e-06
1.144902852490878897e-06
1.143902830318300861e-06
1.142916092916084375e-06
1.141904467981860931e-06
1.140888912981120769e-06
1.139892058663335085e-06
1.138903826168252212e-06
1.137836344449562792e-06
1.136761796963755755e-06
1.135619057480928335e-06
1.134468704407982820e-06
1.133315585187097837e-06
1.132197068134581140e-06
1.131059978984571766e-06
1.129900195264563904e-06
1.128701768952332851e-06
1.127549373279839632e-06
1.126392922005150888e-06
1.125253020305693229e-06
1.124143106724078753e-06
1.123094722051187905e-06
1.122039736986161870e-06
1.120994344618119927e-06
1.119906025446872779e-06
1.118850980968236001e-06
1.117800698094644399e-06
1.116731413637781675e-06
1.115619213329178057e-06
1.114490644126877518e-06
1.113327008484446654e-06
1.112159346253686828e-06
1.110983081968365936e-06
1.109839694292386395e-06
1.108701421526680892e-06
1.107566029836816783e-06
1.106438377086321434e-06
1.105328724658610934e-06
1.104236996402897894e-06
1.103153653137826863e-06
1.102060791687638678e-06
1.101010357917706102e-06
1.099940526574474993e-06
1.098862722617216241e-06
1.097808323730237810e-06
1.096767008841998176e-06
1.095716290980401841e-06
1.094663459132750164e-06
1.093624438361166299e-06
1.092591712946660468e-06
1.091574271694328797e-06
1.090558788059593417e-06
1.089595934573934050e-06
1.088660426875003741e-06
1.087682528873343823e-06
1.086716518325146198e-06
1.085790073562338964e-06
1.084856811884552179e-06
1.083918080567331290e-06
1.082993843732671485e-06
1.082040653103445334e-06
1.081041785994781077e-06
1.080099601011583148e-06
1.079121656211085867e-06
1.078157757486428023e-06
1.077227890997313944e-06
1.076317491113302300e-06
1.075412964950990913e-06
1.074542409673996864e-06
1.073684968844426083e-06
1.072842183970861694e-06
1.072016478316032356e-06
1.071155628002973496e-06
1.070314382347135298e-06
1.069492849843423834e-06
1.068654978741822967e-06
1.067848017981089864e-06
1.067068323395218893e-06
1.066293928835509761e-06
1.065495911407339516e-06
1.064727034275958007e-06
1.063961170222988903e-06
1.063221661731129145e-06
1.062448465389401724e-06
1.061716775293109301e-06
1.060938466556590290e-06
1.060209396978938868e-06
1.059455159422527828e-06
1.058697620370964187e-06
1.057898356441519982e-06
1.057124236638903022e-06
1.056326306983164354e-06
1.055548486297030115e-06
1.054737866221328831e-06
1.053939756046249046e-06
1.053132432680854230e-06
1.052363270484968328e-06
1.051576489847637907e-06
1.050739450302709155e-06
1.049928503973906043e-06
1.049134054624284789e-06
1.048317889646459541e-06
1.047543018077266251e-06
1.046736407490948665e-06
1.045908160125785632e-06
1.045074368180237748e-06
1.044238756333689979e-06
1.043410468811961231e-06
1.042571712676568692e-06
1.041753278201680716e-06
1.040992309393672556e-06
1.040257349942924903e-06
1.039494706278866775e-06
1.038706148571480389e-06
1.037924444026150865e-06
1.037110254803340151e-06
1.036323305597667800e-06
1.035512858422009103e-06
1.034737716504335526e-06
1.033972911781992952e-06
1.033222646099285284e-06
1.032496204038829322e-06
1.031802771562714488e-06
1.031091957562613374e-06
1.030339450513964627e-06
1.029566079942968261e-06
1.028780704736102645e-06
1.027989550521450361e-06
1.027192089905053099e-06
1.026392772522382230e-06
1.025583829477388903e-06
1.024750848540318631e-06
1.023921804841178420e-06
1.023119998720602809e-06
1.022332449898372898e-06
1.021543283505962292e-06
1.020760192008631105e-06
1.019950642835342699e-06
1.019171744488414987e-06
1.018371344839794082e-06
1.017580354432075421e-06
1.016772219139190245e-06
1.015954920411205321e-06
1.015145881821490584e-06
1.014340754178712515e-06
1.013543525677168256e-06
1.012766656222780916e-06
1.012030014570468473e-06
1.011312439630702719e-06
1.010610900642307046e-06
1.009907474937635473e-06
1.009221169477450912e-06
1.008538894374686733e-06
1.007868513050070596e-06
1.007213858224739807e-06
1.006521729094930967e-06
1.005851969344756934e-06
1.005171896116866237e-06
1.004504335996422273e-06
1.003818785601077752e-06
1.003097748014402167e-06
1.002425498315614308e-06
1.001725002595494376e-06
1.000995758113856575e-06
1.000264819896069533e-06
9.995500490095241371e-07
9.988294521016034832e-07
9.980999529826129138e-07
9.973416866169709477e-07
9.966372264765098776e-07
9.959128441845033326e-07
9.952420404875786858e-07
9.945878392296594413e-07
9.939253567850106494e-07
9.932913126928696857e-07
9.926594853398176880e-07
9.920177997245505751e-07
9.913853761106454196e-07
9.907538621120192945e-07
9.901515284543120435e-07
9.895762821265479503e-07
9.889845707249775244e-07
9.883675442109221492e-07
9.877461599137466688e-07
9.871159635885246669e-07
9.864851823170855469e-07
9.858592227994826865e-07
9.852618080679547701e-07
9.846284065652055886e-07
9.839927043647722245e-07
9.833763291163300024e-07
9.827597325588039150e-07
9.821078779337085310e-07
9.814624109109255515e-07
9.808146827936257162e-07
9.802133008093771648e-07
9.795902875558576767e-07
9.789790567800234418e-07
9.783820418246507324e-07
9.777922291622123765e-07
9.772142417759317630e-07
9.766399692421118038e-07
9.760923623449210202e-07
9.755206425685375560e-07
9.749537511949046433e-07
9.743931601435757971e-07
9.738460827279021873e-07
9.733084699570468338e-07
9.728156884681192968e-07
9.723324885884332569e-07
9.718582103174984290e-07
9.713810882859078547e-07
9.709241016452732611e-07
9.704884933826356357e-07
9.700818335776856754e-07
9.696625307338291457e-07
9.692824425467691101e-07
9.689256900127518335e-07
9.685269996840711378e-07
9.681602020795490464e-07
9.677417462384028124e-07
9.673099375790785021e-07
9.668900749388960012e-07
9.664857150411360903e-07
9.660594254682553129e-07
9.656573119435586703e-07
9.652918470899335774e-07
9.649678462823750686e-07
9.646282334783007368e-07
9.643009786814695313e-07
9.639733246265178815e-07
9.637033610816457139e-07
9.633762785557451850e-07
9.630718925214299237e-07
9.627877422744235563e-07
9.624710069755614735e-07
9.621573609225355450e-07
9.618836301133884562e-07
9.615537453835971445e-07
9.611940167883247787e-07
9.607940972726546664e-07
9.603898243004481807e-07
9.600105453005435388e-07
9.596222026513530435e-07
9.592907828659957785e-07
9.589291250573982615e-07
9.586021348213775166e-07
9.582726869190068388e-07
9.579707455411812586e-07
9.576905718683861728e-07
9.573967627668926623e-07
9.570737901199857278e-07
9.567394830699442288e-07
9.564128180291209704e-07
9.560646826131430527e-07
9.557069727912968033e-07
9.553462905325090504e-07
9.549980423024441845e-07
9.546190320876706002e-07
9.542488519791109794e-07
9.538252359256236668e-07
9.533959222523838207e-07
9.529367880161507515e-07
9.524614667575350930e-07
9.519825456447311443e-07
9.515131356289316166e-07
9.510389352467465997e-07
9.505703517376554477e-07
9.500999845236090459e-07
9.496436447153111802e-07
9.491901316269680073e-07
9.487457305345899066e-07
9.482833843671875769e-07
9.478237988414105405e-07
9.473524929890172253e-07
9.469000566252617024e-07
9.464803795947186015e-07
9.460322058929739626e-07
9.455846128805779685e-07
9.451388336273331480e-07
9.447295879910740768e-07
9.443025742649244024e-07
9.438642225526678208e-07
9.434077198900095852e-07
9.429402700159627313e-07
9.424615372125618596e-07
9.420129615460522271e-07
9.415711773721660157e-07
9.411351153429151311e-07
9.407056300197495666e-07
9.403042741030380261e-07
9.398945051160491957e-07
9.394708939500733848e-07
9.390203595275696857e-07
9.385733096646000025e-07
9.381280316926868166e-07
9.376830115299077623e-07
9.372771756933178636e-07
9.368524406156111962e-07
9.364258292572938136e-07
9.360037148071561612e-07
9.355713199330093584e-07
9.351470957415056683e-07
9.347122745765583604e-07
9.342510020794044946e-07
9.337916419966720338e-07
9.333133034055623413e-07
9.328738760873636064e-07
9.324284756252337891e-07
9.320036822745393098e-07
9.315797139941997328e-07
9.311770914193626109e-07
9.307861403587631995e-07
9.303803771549525957e-07
9.299717883892659912e-07
9.295557790083722405e-07
9.291561835574137620e-07
9.287417271265883939e-07
9.283373663979333133e-07
9.279443896408466214e-07
9.275554248381373007e-07
9.271953485582402969e-07
9.268090062738477830e-07
9.264219289870085952e-07
9.260420996994695805e-07
9.256461836294831272e-07
9.252535520752626071e-07
9.248524367457748920e-07
9.244168885585463923e-07
9.239774985959829390e-07
9.235160098044105426e-07
9.230654696286944238e-07
9.226020739396672946e-07
9.221279660191061444e-07
9.216629630289163389e-07
9.212011281786499746e-07
9.207446713524795011e-07
9.202814406425052104e-07
9.198020175039209458e-07
9.193092975873664033e-07
9.188199253137329145e-07
9.183349802022757072e-07
9.178426864530968439e-07
9.173502525108454180e-07
9.168383549137984740e-07
9.163176095948414316e-07
9.158095262809160623e-07
9.152939888794472566e-07
9.147805313483220867e-07
9.142629412973138685e-07
9.137350229117900153e-07
9.131955348429093763e-07
9.126435596377487791e-07
9.120894131937014513e-07
9.115387813713242558e-07
9.109845463307913487e-07
9.104330654902155352e-07
9.098760724746723773e-07
9.093153404020192829e-07
9.087663905728909834e-07
9.082329727374405505e-07
9.077033011094853796e-07
9.071678380384701010e-07
9.066422422232307199e-07
9.060974411418270136e-07
9.055582960566454110e-07
9.050235109179127312e-07
9.044881343202324811e-07
9.039510666461692419e-07
9.034032099761383412e-07
9.028565937281880328e-07
9.023132457241995147e-07
9.017692420433254284e-07
9.012258321694121470e-07
9.006909408580606502e-07
9.001629332119693402e-07
8.996381553319858338e-07
8.991173383457732475e-07
8.985947646013143255e-07
8.980719064385388938e-07
8.975575031581958898e-07
8.970399182539640998e-07
8.965225761719806804e-07
8.959993890053464554e-07
8.954798712571663802e-07
8.949610555635830895e-07
8.944425858067920673e-07
8.939334050225724504e-07
8.934312020379103291e-07
8.929250683830322613e-07
8.924123408007016214e-07
8.919026847947418790e-07
8.913919667493462534e-07
8.908730049616198032e-07
8.903558863760284636e-07
8.898344552482046702e-07
8.893109750464164562e-07
8.887848533267764936e-07
8.882691615895916557e-07
8.877594282607910612e-07
8.872475041798463821e-07
8.867394777140726702e-07
8.862234984495732062e-07
8.857014331151550359e-07
8.851812990300390075e-07
8.846548529912447488e-07
8.841366534683381846e-07
8.836176681278940655e-07
8.830981715732241431e-07
8.825748026373788427e-07
8.820555570188909804e-07
8.815376027407447923e-07
8.810213803765526924e-07
8.805081113549449920e-07
8.800002603729108429e-07
8.794992759140195135e-07
8.790055390389565788e-07
8.785130136093917335e-07
8.780191929405676760e-07
8.775302062530480785e-07
8.770334701320897060e-07
8.765317828403010274e-07
8.760280578204879764e-07
8.755205875829141571e-07
8.750191184866532372e-07
8.745161927961010966e-07
8.740217554519558704e-07
8.735336557961766503e-07
8.730530711343864047e-07
8.725757166277571010e-07
8.720938515784146750e-07
8.716114935189644048e-07
8.711341435597431808e-07
8.706603931476434396e-07
8.701817550986648735e-07
8.697035232095808132e-07
8.692204386786444894e-07
8.687352993445498974e-07
8.682561988385540876e-07
8.677786930353636016e-07
8.673103456140818232e-07
8.668420455178578968e-07
8.663809951314430650e-07
8.659180045132717109e-07
8.654574595855804151e-07
8.649995103250073881e-07
8.645423740884079192e-07
8.640828422753669485e-07
8.636254508206401123e-07
8.631588650421743198e-07
8.627002852693943727e-07
8.622597768278156503e-07
8.618187041352615608e-07
8.613743843902415893e-07
8.609361987020142406e-07
8.605106394068231575e-07
8.600807295323936721e-07
8.596537910262184084e-07
8.592312075144707486e-07
8.588046365448938824e-07
8.583975098828186868e-07
8.579952874965503376e-07
8.575964763684038297e-07
8.571946224141463825e-07
8.567949101990248514e-07
8.563936045013004141e-07
8.559903914782952784e-07
8.555779325862864588e-07
8.551698115410951848e-07
8.547557161157950516e-07
8.543606038432473971e-07
8.539694877551932494e-07
8.535927748612830191e-07
8.531943437965371411e-07
8.528132650375483979e-07
8.524327840197339664e-07
8.520444833802782554e-07
8.516508914401792882e-07
8.512658816126521670e-07
8.508700911577372359e-07
8.504749212109057264e-07
8.500815813636276613e-07
8.496885074859016324e-07
8.492967369309414935e-07
8.488909809956223600e-07
8.484944067828632577e-07
8.480977999860755634e-07
8.477092205880554176e-07
8.473133708886003783e-07
8.469207004393562157e-07
8.465190769447950771e-07
8.461144315054373483e-07
8.457068473882010939e-07
8.453134613570706549e-07
8.449320916964143933e-07
8.445556768594060587e-07
8.441693746600039170e-07
8.437844499504326890e-07
8.434023553543330605e-07
8.430124199108155503e-07
8.426132076654782501e-07
8.422354960360749977e-07
8.418511750853021057e-07
8.414619849765419185e-07
8.410740817935159041e-07
8.406824342970623653e-07
8.403066803451930433e-07
8.399209614908157939e-07
8.395320844716463581e-07
8.391397373334754759e-07
8.387531909781184369e-07
8.383577066413181723e-07
8.379763574997012211e-07
8.375786537389072830e-07
8.371737460657099122e-07
8.367687295683125635e-07
8.363644156453639654e-07
8.359490966527412917e-07
8.355365884179679185e-07
8.351354883818710832e-07
8.347366978271846937e-07
8.343461791651744022e-07
8.339449026058076081e-07
8.335595369251358621e-07
8.331579523585019962e-07
8.327607608001805418e-07
8.323595623754357298e-07
8.319504135587660866e-07
8.315349149311651499e-07
8.311213766308074674e-07
8.307101109854389586e-07
8.303002426040272891e-07
8.298932431980794355e-07
8.294905188740861981e-07
8.290867045969512104e-07
8.286854319658005061e-07
8.282892503707507083e-07
8.279000560278295188e-07
8.275122879480557222e-07
8.271276166385567547e-07
8.267357735354400416e-07
8.263369492698649319e-07
8.259416221769699621e-07
8.255454599613501242e-07
8.251469514106034609e-07
8.247507968933231381e-07
8.243605196957568148e-07
8.239735107525155182e-07
8.235850706199843778e-07
8.232027054453587847e-07
8.228171406372947850e-07
8.224263265525775603e-07
8.220355061673552588e-07
8.216441416571432257e-07
8.212575959227904037e-07
8.208759509455545806e-07
8.204930585093039034e-07
8.201195096692470116e-07
8.197429548202052191e-07
8.193528590754079911e-07
8.189731129127485096e-07
8.185924395707936720e-07
8.182101019840063953e-07
8.178231405783554814e-07
8.174343397910126745e-07
8.170420915358750540e-07
8.166535909568741119e-07
8.162661719220489611e-07
8.158922490321245065e-07
8.155088611972942218e-07
8.151256345482354695e-07
8.147424618565181104e-07
8.143585454663870979e-07
8.139748614502972532e-07
8.135917248645377054e-07
8.132112467114215240e-07
8.128297329331813204e-07
8.124503025396000985e-07
8.120690957093761614e-07
8.116905650867138026e-07
8.113119391102456489e-07
8.109286095425694486e-07
8.105474732257616573e-07
8.101575240817381117e-07
8.097695222275170110e-07
8.093856344057768655e-07
8.090006367136169819e-07
