6.369728552749892581e-03
5.004987743050134247e-03
4.103480024244604216e-03
3.555318135640072978e-03
3.186794618786007848e-03
2.909184604464726091e-03
2.693476364966933614e-03
2.519590898893534197e-03
2.376302570137136128e-03
2.258275517530922757e-03
2.180376895556505185e-03
2.144425048590423502e-03
2.110574854566556018e-03
2.102609779995424227e-03
2.067910558939942134e-03
2.036346124311692960e-03
1.996255555383983325e-03
1.966582297071019399e-03
1.924875996842086460e-03
1.884382018102039383e-03
1.842439130702661337e-03
1.806440051756993091e-03
1.767380464463603465e-03
1.731171186566083861e-03
1.698561642116124719e-03
1.666486802522665301e-03
1.637275668366857404e-03
1.608869988202814467e-03
1.582679650030653033e-03
1.557812721538406496e-03
1.534893702495807250e-03
1.514550666297831720e-03
1.499576733726036169e-03
1.485397482350859621e-03
1.470743413047321006e-03
1.457032129698750903e-03
1.443098844098064529e-03
1.431771333495698590e-03
1.423368838893362270e-03
1.409570124648449295e-03
1.396409774912048089e-03
1.383028804891897612e-03
1.370969699602963545e-03
1.358457653817322745e-03
1.344503727776479420e-03
1.331617605115925466e-03
1.320081016099487053e-03
1.307438173814218620e-03
1.296087635164042042e-03
1.283889343935589941e-03
1.272498197952709941e-03
1.260745592372997624e-03
1.249470396966496921e-03
1.238590495836813365e-03
1.227924917851484082e-03
1.217978520631949864e-03
1.207993216727889845e-03
1.198208720236567520e-03
1.188521742312757595e-03
1.178772353587240022e-03
1.169241393746692920e-03
1.160277954652138730e-03
1.151479266101626152e-03
1.142803287340636272e-03
1.134287960129471036e-03
1.125856094774183892e-03
1.117580677494414048e-03
1.109544559604783587e-03
1.101733469819360205e-03
1.094043029594137092e-03
1.086509840253000250e-03
1.078972581756521302e-03
1.071556875650989202e-03
1.064309175633362716e-03
1.057194374499633794e-03
1.050264994547120412e-03
1.043430138019286893e-03
1.036748872559836330e-03
1.030215297536866796e-03
1.023823472836730584e-03
1.017495943301456466e-03
1.011283187768531166e-03
1.005191119819631761e-03
9.991973946884944065e-04
9.933023788707812628e-04
9.875119416642246222e-04
9.818205603580585673e-04
9.762635404076681596e-04
9.707762472398671601e-04
9.653843001723921629e-04
9.600755567730676586e-04
9.548851220273926830e-04
9.498229020381604350e-04
9.447863031869851514e-04
9.398122082916345304e-04
9.349049936720675536e-04
9.300770996199422521e-04
9.253280427037420194e-04
9.206558454356332175e-04
9.160541230107292288e-04
9.115734126365864073e-04
9.071324135431520349e-04
9.028155189285360553e-04
8.985866724670694885e-04
8.944050023575177448e-04
8.904008123566801471e-04
8.863684437875188945e-04
8.824071167164830327e-04
8.784009833411262919e-04
8.744253484975234459e-04
8.704880387750346064e-04
8.665969163030272371e-04
8.627652028132918064e-04
8.589875871727636111e-04
8.552462354679097548e-04
8.515518723246958549e-04
8.479108547466613667e-04
8.443104585509787893e-04
8.407641995722620661e-04
8.372555752811311827e-04
8.337909506755178521e-04
8.303795195052441746e-04
8.270114162455804302e-04
8.236711513424027978e-04
8.203804676123522708e-04
8.171576075125705193e-04
8.139426535057587382e-04
8.107799683615432660e-04
8.076359958865092330e-04
8.045300889924621862e-04
8.014542388295814923e-04
7.984130740151848104e-04
7.954220329477933128e-04
7.924883883508410066e-04
7.896712290969631160e-04
7.868027859216531351e-04
7.840789991538621960e-04
7.814014058083859540e-04
7.786969383134518391e-04
7.759832289841397555e-04
7.732857010891090429e-04
7.706857559037891183e-04
7.681719821495968954e-04
7.656421285451090993e-04
7.631584023873161761e-04
7.606765920470995573e-04
7.582546930463124855e-04
7.557932665537672777e-04
7.533435507047466298e-04
7.509126967411422753e-04
7.484718842885972187e-04
7.460610701306061949e-04
7.437056470975942539e-04
7.413535173993335975e-04
7.390343822901752771e-04
7.367314936691145028e-04
7.344501104802944992e-04
7.322161476612883049e-04
7.300165977572637159e-04
7.277551855325153094e-04
7.255171963220122082e-04
7.233430692634638774e-04
7.211624003158969860e-04
7.189945338383244922e-04
7.168526145017921434e-04
7.147392240242222841e-04
7.126356882325419030e-04
7.105394161383458366e-04
7.085054597897500091e-04
7.064459626762412299e-04
7.043976281508093065e-04
7.023773400678658086e-04
7.003951952331012023e-04
6.984213595586181902e-04
6.964687778785075929e-04
6.945066248249022207e-04
6.925676678401728641e-04
6.906331189062925400e-04
6.887165105129814139e-04
6.868142464596876202e-04
6.849143605685777169e-04
6.830319314152258304e-04
6.811638198574565930e-04
6.793104343771696769e-04
6.774727683050506917e-04
6.756505135794553009e-04
6.738424052720111716e-04
6.720499381804828209e-04
6.702711450295000808e-04
6.685141286030067600e-04
6.667793972885967084e-04
6.650674502831085229e-04
6.633482920205344005e-04
6.616365335919691722e-04
6.599378936005507405e-04
6.582535231991833331e-04
6.565841376390396927e-04
6.549272865420927058e-04
6.532812954279155516e-04
6.516463369692942391e-04
6.500234656912302683e-04
6.484184440330893751e-04
6.468239406747666341e-04
6.452381486831372179e-04
6.436638038779283555e-04
6.421018830451420646e-04
6.405571927784620709e-04
6.390223721934394207e-04
6.374930575040700176e-04
6.359736353481230346e-04
6.344677719650678198e-04
6.329843816172367899e-04
6.315024480267187375e-04
6.300333491946094296e-04
6.285814711028759119e-04
6.271256444066035688e-04
6.256885583648508871e-04
6.242534529900044087e-04
6.228330440888492619e-04
6.214225473502459117e-04
6.200391516878870409e-04
6.186738854385370832e-04
6.173004431277187521e-04
6.159400144790527646e-04
6.145873511958809595e-04
6.132349119218735625e-04
6.118887070737992441e-04
6.105569975615025326e-04
6.092241191324728822e-04
6.079036580735718964e-04
6.065939152211251208e-04
6.052856429678331665e-04
6.039887323039485646e-04
6.027017398434169736e-04
6.014210000054222988e-04
6.001482583144983731e-04
5.988827408986424758e-04
5.976290297211195746e-04
5.963897553576126250e-04
5.951490530318822745e-04
5.939143188458624384e-04
5.926874825863792228e-04
5.914679084392083326e-04
5.902554985250419188e-04
5.890508525830198423e-04
5.878545587671950160e-04
5.866677191510576324e-04
5.854860246160562345e-04
5.843128734347175900e-04
5.831479477987575608e-04
5.819881619908847618e-04
5.808402562070145905e-04
5.796932146326902501e-04
5.785531277461622695e-04
5.774178071229799872e-04
5.762924891919723623e-04
5.751718054236639333e-04
5.740603011106518638e-04
5.729516010685824223e-04
5.718487281450897056e-04
5.707570701289449390e-04
5.696710287632100224e-04
5.685926080641523408e-04
5.675263944018133465e-04
5.664716161038380092e-04
5.654183811414903709e-04
5.643676698669668809e-04
5.633215194923637138e-04
5.622812092002423944e-04
5.612416812585946510e-04
5.602071095057849313e-04
5.591763783574800993e-04
5.581536421906120289e-04
5.571360739281476342e-04
5.561290311844235747e-04
5.551250660455001864e-04
5.541409127681769633e-04
5.531597394277566618e-04
5.521799670669517730e-04
5.511996743482807130e-04
5.502237285491697440e-04
5.492528017940610146e-04
5.482913283784208221e-04
5.473321643763101813e-04
5.463822543998417833e-04
5.454422063813093267e-04
5.444997822988829460e-04
5.435652235350449434e-04
5.426307151419356876e-04
5.417000781103467437e-04
5.407805060525859402e-04
5.398706469476082436e-04
5.389617203212051545e-04
5.380493982549463530e-04
5.371400906289695767e-04
5.362386296528759248e-04
5.353374878683416329e-04
5.344413048114384336e-04
5.335499079909487288e-04
5.326691587398535562e-04
5.317941923695919740e-04
5.309235771502982416e-04
5.300606569584675022e-04
5.292094542923578499e-04
5.283570045991329471e-04
5.275168352176441873e-04
5.266819301277686233e-04
5.258626213743549521e-04
5.250392216042236177e-04
5.242276266947403125e-04
5.234176962364999646e-04
5.226109675712870472e-04
5.218163655328128189e-04
5.210464424542104751e-04
5.202774326472700940e-04
5.195110168055134224e-04
5.187549974419897484e-04
5.180175116820555153e-04
5.172843235609923601e-04
5.165440099605224985e-04
5.158298514018446260e-04
5.151110029585737700e-04
5.144302437290476518e-04
5.137296136138291142e-04
5.130459828853825175e-04
5.123596360715493726e-04
5.116991502083581295e-04
5.110409855205805480e-04
5.103735812265298511e-04
5.097147312347164198e-04
5.090715120872219565e-04
5.084060339963491224e-04
5.077471269839560269e-04
5.070827868826179377e-04
5.064309701043077450e-04
5.057721995523192576e-04
5.051251528194223043e-04
5.044850332999974629e-04
5.038518988816635853e-04
5.032290092112968755e-04
5.025905331855931406e-04
5.019401842981245946e-04
5.012948704590946712e-04
5.006488363261345611e-04
5.000066753505283184e-04
4.993735065822272343e-04
4.987430322354841983e-04
4.981011667747171174e-04
4.974515565191041204e-04
4.968105061654114326e-04
4.961569061388845054e-04
4.955182958728148769e-04
4.948846841684936826e-04
4.942461578826551349e-04
4.936065799687970037e-04
4.929721614284138720e-04
4.923360334913369930e-04
4.916976021915829814e-04
4.910719929074438064e-04
4.904493449367065914e-04
4.898195382255545729e-04
4.891926115637382916e-04
4.885874294149196006e-04
4.879687867522794010e-04
4.873720589081860228e-04
4.867720839291334533e-04
4.861802103745832158e-04
4.855837731163220898e-04
4.850012892209009589e-04
4.844051733182815284e-04
4.838008690133638692e-04
4.832118959960232988e-04
4.826216127298684974e-04
4.820363836642580012e-04
4.814618492592279142e-04
4.808923694874356726e-04
4.803316736750974430e-04
4.797646701931535603e-04
4.792046141813020637e-04
4.786596316047684175e-04
4.781117943050021738e-04
4.775632692300754841e-04
4.770238848985686219e-04
4.764984947731497008e-04
4.759596716738408693e-04
4.754453916534699220e-04
4.749330278894392673e-04
4.744108158191180234e-04
4.738926501500783143e-04
4.733856047980724039e-04
4.728764049206289860e-04
4.723730100868929623e-04
4.718561701720445770e-04
4.713600184974268297e-04
4.708761570622204979e-04
4.703755656362085887e-04
4.698986497157208462e-04
4.694441369155541574e-04
4.689675539291591989e-04
4.685000047261973560e-04
4.680422873667868357e-04
4.675759477328791220e-04
4.671036431717557258e-04
4.666012255690923493e-04
4.661086069505203508e-04
4.656218611077891792e-04
4.651096537929764714e-04
4.646028831591004788e-04
4.640952507465322965e-04
4.635860889959620107e-04
4.630819960936112469e-04
4.625754563710824264e-04
4.620786510679904171e-04
4.615712878512111044e-04
4.610733978538836763e-04
4.605810925411696604e-04
4.600809818388802448e-04
4.595873096789588165e-04
4.590929396058728452e-04
4.586038421410684415e-04
4.581125720415387521e-04
4.576207815917468350e-04
4.571193493868403943e-04
4.566082263540583840e-04
4.561069870053275255e-04
4.556113174403163008e-04
4.551208585431494352e-04
4.546237764000230224e-04
4.541315776936792224e-04
4.536480746328290688e-04
4.531764592273464297e-04
4.526995316239707944e-04
4.522320528975934807e-04
4.517599730422955373e-04
4.512914299595450042e-04
4.508216954274007365e-04
4.503512461300583224e-04
4.498792399924900535e-04
4.494136158221011192e-04
4.489491707357488089e-04
4.484893509864790791e-04
4.480366180862844832e-04
4.475811843298372109e-04
4.471185731314295062e-04
4.466611138917530688e-04
4.461971142150986526e-04
4.457361697796685305e-04
4.452754936815115456e-04
4.448233023651978276e-04
4.443627187021330295e-04
4.438973302388178545e-04
4.434390887993769847e-04
4.429728362486353615e-04
4.425186081735664467e-04
4.420599467055927345e-04
4.416073655708458953e-04
4.411591871544688387e-04
4.407038950306331297e-04
4.402498109799874077e-04
4.398061984878371658e-04
4.393700425214403784e-04
4.389306251750453320e-04
4.384960904920768556e-04
4.380536356434180977e-04
4.376170124552424662e-04
4.371772305174427184e-04
4.367344766275786964e-04
4.362919143123245285e-04
4.358521309332904418e-04
4.354139536863284223e-04
4.349740094035629704e-04
4.345283046374137626e-04
4.340780344310594171e-04
4.336309363845422321e-04
4.331896067486849886e-04
4.327499559474995037e-04
4.323095652285088787e-04
4.318701900170993828e-04
4.314354872666643329e-04
4.310013111990674672e-04
4.305729081420251727e-04
4.301477334462532488e-04
4.297212196531933538e-04
4.292903288284281144e-04
4.288652583080102432e-04
4.284341858114971003e-04
4.280062322978332940e-04
4.275731288515334950e-04
4.271411028043973416e-04
4.267103127817752648e-04
4.262833292523730442e-04
4.258552254817279557e-04
4.254298199543048208e-04
4.250053468068212717e-04
4.245836845248113158e-04
4.241676201153740688e-04
4.237507555428189827e-04
4.233396466149681736e-04
4.229279855106790565e-04
4.225230353420136647e-04
4.221266029948777068e-04
4.217255776198912810e-04
4.213257952580374372e-04
4.209285273102595227e-04
4.205354533338846843e-04
4.201408258773490383e-04
4.197402949974715896e-04
4.193367310625228809e-04
4.189327610195132012e-04
4.185291688203123884e-04
4.181260463161611939e-04
4.177237673221015813e-04
4.173212672545323723e-04
4.169208975970687607e-04
4.165192426677530942e-04
4.161185786046221573e-04
4.157188890130256100e-04
4.153201449003468765e-04
4.149227176352527323e-04
4.145259068845643584e-04
4.141312463529658958e-04
4.137391886137203900e-04
4.133457911012351055e-04
4.129542532288012538e-04
4.125622713361252786e-04
4.121719979257530133e-04
4.117821119071131560e-04
4.113927958494220162e-04
4.110043749967352399e-04
4.106167530001037175e-04
4.102300432167794737e-04
4.098452745347531566e-04
4.094617101337150308e-04
4.090814007044993620e-04
4.087023027845127854e-04
4.083265207255360753e-04
4.079541392506742283e-04
4.075804327627830718e-04
4.072107652703159473e-04
4.068417982186203416e-04
4.064729449012113188e-04
4.061045402344619967e-04
4.057390514167800804e-04
4.053727192928631537e-04
4.050082604088142994e-04
4.046445993127691272e-04
4.042815379273384025e-04
4.039179679077207173e-04
4.035580205393321583e-04
4.031998259606369892e-04
4.028478320246091631e-04
4.024964474004034173e-04
4.021447201384004675e-04
4.017961750043481440e-04
4.014471688273481861e-04
4.011032858179683987e-04
4.007599199806643922e-04
4.004170016453086978e-04
4.000800685607928714e-04
3.997435322033720683e-04
3.994054948803773208e-04
3.990756931281432972e-04
3.987501900002190787e-04
3.984283292341781564e-04
3.981027282540191051e-04
3.977830896822007081e-04
3.974644910196097254e-04
3.971419206504515432e-04
3.968187216463297238e-04
3.964910008249094859e-04
3.961685986645105623e-04
3.958429831185416355e-04
3.955184384397447185e-04
3.951917037478038246e-04
3.948642260844173338e-04
3.945398468676186319e-04
3.942149992662096446e-04
3.938903814334953962e-04
3.935677925508797369e-04
3.932470569434687638e-04
3.929262889486500937e-04
3.926073263901004432e-04
3.922855342491750937e-04
3.919656978408110485e-04
3.916460687432685617e-04
3.913262440957874740e-04
3.910098162230277478e-04
3.906940883184969082e-04
3.903810682239652430e-04
3.900688309973599334e-04
3.897553928912233373e-04
3.894428754263496730e-04
3.891306248221549626e-04
3.888207980431964751e-04
3.885168489983532739e-04
3.882186027964122481e-04
3.879166996948190424e-04
3.876130322440416690e-04
3.873108012956439630e-04
3.870057925113322200e-04
3.866995689968211821e-04
3.863950635438707839e-04
3.860943327922336239e-04
3.857909247182586218e-04
3.854890582519468131e-04
3.851873375269042636e-04
3.848871343278409407e-04
3.845896042750687987e-04
3.842932461188033042e-04
3.839986834428363738e-04
3.837034946640648591e-04
3.834092350967433166e-04
3.831133254956112883e-04
3.828157294058261574e-04
3.825201206488211916e-04
3.822246094428701033e-04
3.819312520691970172e-04
3.816328281613237195e-04
3.813338869774555973e-04
3.810379938621148710e-04
3.807426659612992846e-04
3.804504037772713887e-04
3.801593431259598591e-04
3.798669787206985864e-04
3.795755451767248876e-04
3.792838105089858347e-04
3.789973146113675062e-04
3.787111391152549059e-04
3.784273897904704364e-04
3.781426565412244751e-04
3.778594297275341307e-04
3.775747910695779401e-04
3.772926283060616844e-04
3.770141614356493052e-04
3.767345745688276712e-04
3.764544419905065022e-04
3.761797180194871603e-04
3.759075732034766856e-04
3.756391841941071098e-04
3.753741374860551346e-04
3.751096374883758789e-04
3.748498096716827428e-04
3.745878930359587233e-04
3.743329901718967390e-04
3.740771468906908576e-04
3.738195197796543830e-04
3.735623250126121728e-04
3.733073911017229158e-04
3.730528025187595273e-04
3.727981961936248541e-04
3.725462992551465085e-04
3.722943349298525801e-04
3.720397031040269384e-04
3.717936819217057716e-04
3.715463569037687425e-04
3.713017911975515276e-04
3.710616122207029566e-04
3.708200635560937142e-04
3.705804476033623261e-04
3.703474345364774216e-04
3.701190331864121939e-04
3.698875359475378190e-04
3.696608403360462534e-04
3.694354782754462546e-04
3.692083196079262177e-04
3.689881855042549132e-04
3.687706826266239904e-04
3.685568930449817956e-04
3.683469786486441924e-04
3.681369986525861093e-04
3.679257254018616376e-04
3.677199142591978291e-04
3.675031828864257655e-04
3.672979806064220623e-04
3.670880867307324655e-04
3.668828024598457123e-04
3.666732473213449132e-04
3.664686103114294345e-04
3.662642360966239020e-04
3.660657418546082336e-04
3.658658544104198508e-04
3.656649738476721277e-04
3.654621972099833613e-04
3.652550580115924224e-04
3.650530957656785932e-04
3.648452322188236864e-04
3.646391497066785756e-04
3.644367560870497317e-04
3.642324076641388067e-04
3.640285455441399378e-04
3.638212088639325090e-04
3.636153649912956176e-04
3.634124024282187559e-04
3.631976242160020745e-04
3.629875847585022530e-04
3.627750450870760764e-04
3.625733664891260337e-04
3.623596742312193354e-04
3.621472483479334730e-04
3.619373347788325864e-04
3.617313987474281528e-04
3.615246980244480875e-04
3.613214168361622721e-04
3.611113068883962116e-04
3.608984133505027106e-04
3.606841984333683743e-04
3.604636162112185476e-04
3.602469617853063378e-04
3.600301672358725098e-04
3.598148653065254558e-04
3.595986163076314297e-04
3.593793539162606671e-04
3.591621864824252604e-04
3.589423458286961446e-04
3.587238167343304767e-04
3.585057761485974429e-04
3.582905630911229779e-04
3.580694264887465846e-04
3.578496145409403072e-04
3.576292918269566843e-04
3.574099493882328983e-04
3.571936893728498816e-04
3.569778111639609463e-04
3.567627803723718086e-04
3.565475697277637455e-04
3.563355869045270897e-04
3.561215299068385570e-04
3.559093180392208376e-04
3.556992077127321705e-04
3.554913136743394209e-04
3.552799275984052708e-04
3.550754625018122911e-04
3.548718908939658425e-04
3.546675113311555019e-04
3.544699865497646755e-04
3.542683137114929575e-04
3.540692995900970755e-04
3.538702836638465878e-04
3.536728070159169540e-04
3.534751401707629222e-04
3.532837195309522071e-04
3.530931948532997438e-04
3.529066549935205746e-04
3.527168655294364683e-04
3.525219851287557057e-04
3.523260368365334176e-04
3.521311154435620926e-04
3.519352899030076844e-04
3.517353850534300514e-04
3.515328818466449093e-04
3.513302723302125924e-04
3.511297077467263428e-04
3.509317835024900649e-04
3.507361393055381717e-04
3.505436979922262812e-04
3.503491076638740888e-04
3.501566441702497613e-04
3.499660389680332305e-04
3.497797228496510530e-04
3.495898027416139884e-04
3.494019164759634764e-04
3.492137637222787424e-04
3.490223434773795613e-04
3.488330476184208699e-04
3.486419195961619260e-04
3.484502696000504407e-04
3.482614873703334269e-04
3.480715932090793331e-04
3.478809719611302429e-04
3.476884402447095795e-04
3.475030365186560291e-04
3.473108958204863470e-04
3.471195452956757008e-04
3.469269135281369851e-04
3.467339725273870204e-04
3.465378325069219667e-04
3.463401974587809826e-04
3.461419771593554975e-04
3.459448619772914580e-04
3.457502970078863043e-04
3.455554191194796219e-04
3.453625470374692961e-04
3.451700439125906356e-04
3.449813947539170098e-04
3.447958036092862739e-04
3.446055095932182072e-04
3.444174716100732790e-04
3.442255184906926327e-04
3.440359800472887340e-04
3.438473542487324969e-04
3.436600230763843630e-04
3.434716876477770229e-04
3.432859039132792186e-04
3.430965280602945840e-04
3.429070254404292654e-04
3.427193091228335686e-04
3.425326889204429836e-04
3.423459972493990834e-04
3.421586133163196730e-04
3.419717136219392064e-04
3.417826352767655475e-04
3.415892105341946229e-04
3.413942893986664532e-04
3.412006546100541503e-04
3.410089310829110326e-04
3.408186493350827753e-04
3.406285613361654217e-04
3.404397583814227084e-04
3.402528347403673578e-04
3.400652987635293420e-04
3.398782665538610699e-04
3.396883449156981529e-04
3.394990473942266149e-04
3.393113027260236830e-04
3.391196462257563683e-04
3.389313929974580876e-04
3.387432703138518880e-04
3.385537922234021233e-04
3.383642583920620480e-04
3.381704385711838687e-04
3.379797770442879881e-04
3.377892052214091626e-04
3.375999014493461631e-04
3.374100108192217224e-04
3.372202193963194173e-04
3.370306267589531584e-04
3.368378375096823065e-04
3.366478017105932886e-04
3.364584806354746537e-04
3.362689354411995172e-04
3.360790357875028224e-04
3.358905818711353515e-04
3.357011404728967052e-04
3.355140072370561962e-04
3.353246754853389587e-04
3.351383033085504918e-04
3.349514395427269212e-04
3.347679191176551150e-04
3.345853084454272221e-04
3.344011555650742897e-04
3.342180387155727441e-04
3.340316688903850165e-04
3.338458702014606805e-04
3.336628362758697116e-04
3.334804906092080838e-04
3.332977370239777952e-04
3.331158212679180227e-04
3.329332064218130656e-04
3.327552312807380589e-04
3.325754238336446058e-04
3.323938794345387558e-04
3.322111998370632464e-04
3.320317274432133523e-04
3.318535891661369476e-04
3.316775790388152710e-04
3.315011116330131053e-04
3.313243101053463778e-04
3.311501408565198606e-04
3.309716327721239776e-04
3.307968019169553746e-04
3.306238617979121623e-04
3.304489310975817985e-04
3.302737419445880840e-04
3.300965893848530888e-04
3.299197403858865211e-04
3.297394287197958382e-04
3.295585458782431388e-04
3.293793302638756333e-04
3.291981564904394777e-04
3.290196096289781601e-04
3.288390927439094357e-04
3.286621398176665780e-04
3.284840206120257932e-04
3.283075939832850966e-04
3.281298132992856945e-04
3.279518389261322758e-04
3.277726345366622465e-04
3.275925126236278761e-04
3.274122547598636653e-04
3.272325794352845844e-04
3.270542616294717930e-04
3.268753898109271524e-04
3.266971365030124316e-04
3.265206428204983939e-04
3.263446932756124868e-04
3.261706158151248349e-04
3.259973447401738156e-04
3.258258540576729635e-04
3.256557383649724062e-04
3.254845144786474719e-04
3.253167030333491746e-04
3.251480125695959560e-04
3.249806439801531071e-04
3.248119764682082570e-04
3.246421056722426980e-04
3.244713128504027062e-04
3.243032836294605366e-04
3.241334117535550207e-04
3.239624927226110430e-04
3.237923397639781752e-04
3.236215817455868264e-04
3.234530930908983471e-04
3.232844292305073826e-04
3.231154169971707469e-04
3.229474590539994265e-04
3.227799473795664865e-04
3.226114035953172600e-04
3.224437622853360387e-04
3.222751066881743677e-04
3.221067451064041028e-04
3.219382355788213902e-04
3.217725808491184863e-04
3.216062887587957885e-04
3.214410341915493324e-04
3.212740579796443882e-04
3.211082655382214730e-04
3.209452717745320759e-04
3.207795280300139050e-04
3.206128368778704552e-04
3.204475457212105881e-04
3.202835672561723558e-04
3.201197585532649628e-04
3.199552643505631632e-04
3.197902848065513619e-04
3.196239493378813089e-04
3.194569311752901131e-04
3.192913502910927118e-04
3.191250291270851481e-04
3.189595122267650253e-04
3.187934758712658904e-04
3.186281963980784095e-04
3.184640755290923313e-04
3.182998371418413312e-04
3.181348285387399768e-04
3.179708544178006641e-04
3.178064485372687005e-04
3.176422562202518081e-04
3.174776573754860059e-04
3.173139891470310500e-04
3.171507278104153805e-04
3.169860086555541419e-04
3.168211997954395866e-04
3.166568854767364341e-04
3.164928033873018118e-04
3.163299021180239587e-04
3.161672210033353802e-04
3.160052201947613579e-04
3.158423967586215515e-04
3.156784480972353243e-04
3.155143168704901621e-04
3.153505446447482413e-04
3.151871434960140379e-04
3.150235967662858515e-04
3.148611191548698830e-04
3.147004551081635090e-04
3.145397540368924600e-04
3.143793074298486070e-04
3.142190870663575091e-04
3.140593384121815744e-04
3.138990620191258623e-04
3.137388856275314720e-04
3.135785643024631680e-04
3.134189094536067566e-04
3.132609520643268907e-04
3.131026716507726492e-04
3.129443429798072656e-04
3.127866709364760379e-04
3.126296647368928950e-04
3.124742415210677161e-04
3.123188958391241417e-04
3.121627523456528422e-04
3.120068171660846166e-04
3.118503649724388448e-04
3.116960644424341146e-04
3.115422756500690611e-04
3.113876800807854612e-04
3.112341258738003376e-04
3.110827800630036263e-04
3.109304740744398671e-04
3.107776698072030113e-04
3.106248224229027420e-04
3.104718273077754437e-04
3.103193714722267665e-04
3.101652298844225289e-04
3.100121494106589473e-04
3.098582943485073604e-04
3.097054104064669660e-04
3.095526026933836375e-04
3.094002531163580452e-04
3.092473280722066783e-04
3.090951446265714146e-04
3.089425729253097714e-04
3.087900737942431530e-04
3.086382613879775283e-04
3.084866279366375971e-04
3.083349647704255016e-04
3.081834617425597287e-04
3.080326856833902425e-04
3.078815551640140731e-04
3.077301470398459936e-04
