2.128326000000069218e-03
2.250202371004505521e-03
2.064278675548991866e-03
1.875229122549375987e-03
1.735885112756155270e-03
1.621004551595252438e-03
1.507687230518279554e-03
1.414334290387619280e-03
1.340570779487181962e-03
1.272322064334896344e-03
1.213113005825848089e-03
1.161551510958674926e-03
1.115989819133409279e-03
1.075672514806669906e-03
1.039226343548132949e-03
1.006619531174928308e-03
9.765679413828870243e-04
9.491528960263134578e-04
9.241597924708990419e-04
9.015001119603438398e-04
8.799518605009931790e-04
8.599459077154480340e-04
8.412555222428272795e-04
8.243071644427115438e-04
8.076542631428826899e-04
7.923747184556606191e-04
7.777832057999691786e-04
7.641702152429615804e-04
7.516140415599286253e-04
7.396286833566428518e-04
7.287057989102911767e-04
7.185020207437722460e-04
7.084140336244776435e-04
6.987197964093828755e-04
6.896688284414120938e-04
6.810837129576284522e-04
6.726537775921449152e-04
6.649976199708306033e-04
6.575138301388478313e-04
6.508040310530361717e-04
6.441753375241388241e-04
6.374020339303370763e-04
6.306172701264297796e-04
6.239155557306568650e-04
6.175226735927233888e-04
6.112056287890561693e-04
6.050621128229760745e-04
5.989855148940964472e-04
5.934989718913028173e-04
5.885207128984869165e-04
5.832275638366530039e-04
5.783586994783828294e-04
5.732702462948143689e-04
5.682546656620283444e-04
5.632817071251563926e-04
5.584020061015124679e-04
5.536702882584332124e-04
5.490349764651111363e-04
5.444775407377032287e-04
5.400655225247046574e-04
5.358691247850594711e-04
5.317550508440524589e-04
5.276477681996158018e-04
5.235926781034225047e-04
5.195938182661088934e-04
5.157423441854597787e-04
5.119472127516291491e-04
5.082071614800713882e-04
5.045742382539796260e-04
5.009852880886841086e-04
4.974675001104806151e-04
4.940151281808294412e-04
4.906567191100475638e-04
4.873439846980502578e-04
4.841800585679790960e-04
4.810815320914766844e-04
4.780090050945553625e-04
4.749905583917540634e-04
4.720407673306158906e-04
4.691778921359704424e-04
4.663701425851505232e-04
4.635979869420723382e-04
4.608925322423979053e-04
4.582146583985753250e-04
4.555617882192639989e-04
4.529901412898755899e-04
4.504830560124304826e-04
4.479894952981874835e-04
4.455271862451245526e-04
4.431087230331617714e-04
4.407484702963328314e-04
4.384502206608218680e-04
4.363033059598365408e-04
4.341943695903050264e-04
4.321053752256999144e-04
4.300927736592467755e-04
4.280629617416895375e-04
4.260471181148410232e-04
4.241414389548675209e-04
4.223149264470296834e-04
4.205642349112983743e-04
4.188029961284093789e-04
4.170300855735443275e-04
4.153208375498156904e-04
4.136994263250276462e-04
4.120229841484231896e-04
4.103899862939298731e-04
4.088000836401739588e-04
4.072714123289961530e-04
4.057728117367277385e-04
4.043006332904199029e-04
4.028641626874487013e-04
4.014160263196529257e-04
3.999927553074420264e-04
3.986259376928840054e-04
3.973005270487665083e-04
3.959748357972965528e-04
3.946191094281420821e-04
3.933161129714062097e-04
3.919426968597376076e-04
3.906747861442686951e-04
3.893901474121811324e-04
3.882274889692570062e-04
3.870673494285759172e-04
3.858875438716328024e-04
3.847664171523414059e-04
3.836822508464808926e-04
3.826319594898152125e-04
3.816512898229681375e-04
3.806371240602425695e-04
3.796713009226001427e-04
3.787184699853198152e-04
3.778378081590238135e-04
3.769409384759348012e-04
3.760652275204993738e-04
3.751369462656284977e-04
3.741546609853815776e-04
3.732083872081241611e-04
3.722579633325960634e-04
3.713514997077779940e-04
3.704191882788662174e-04
3.695412893009286225e-04
3.686390377128859609e-04
3.677721547688565730e-04
3.668785269212423766e-04
3.660316854303735982e-04
3.651074238222752752e-04
3.642941099208507204e-04
3.634178462981466811e-04
3.625844322920788120e-04
3.617841478195898248e-04
3.609729310279032499e-04
3.602221269104511096e-04
3.594412195758266539e-04
3.586681182692149803e-04
3.579389353635725399e-04
3.572085419650723476e-04
3.565853656457169669e-04
3.559178664338700452e-04
3.552776164530137780e-04
3.547080341703498377e-04
3.540804210525055765e-04
3.534916196352062031e-04
3.528888577310434040e-04
3.522888450526759732e-04
3.516987552027154196e-04
3.511130777410885343e-04
3.505099824726003871e-04
3.499404553994384559e-04
3.493641210765297813e-04
3.488303595978792032e-04
3.482577269284880899e-04
3.477296409718145967e-04
3.472002031124586923e-04
3.466357128253893497e-04
3.460710395280130656e-04
3.455145715653605782e-04
3.449456000532241618e-04
3.443661500809523071e-04
3.437894843568351281e-04
3.432346936532217085e-04
3.426990986033145526e-04
3.421029607564143112e-04
3.414985561426692184e-04
3.409009115555813895e-04
3.403201816354547451e-04
3.397353394919623462e-04
3.392099527441762882e-04
3.386929179846273077e-04
3.382070250501392999e-04
3.377040438560377023e-04
3.372491532788096441e-04
3.367777540022455864e-04
3.362904449090395082e-04
3.357960747606839936e-04
3.352926273936857244e-04
3.347952925240707577e-04
3.343024559311056666e-04
3.338323005647166682e-04
3.333860061437183154e-04
3.329214112141280898e-04
3.324647244116859992e-04
3.320250291020443488e-04
3.315332376853299804e-04
3.310702286612402108e-04
3.305938726813585030e-04
3.301499143667260654e-04
3.296950651999351525e-04
3.292310321903338193e-04
3.287643071078752074e-04
3.282997253391044755e-04
3.278396720433740920e-04
3.273727582732946680e-04
3.269157949289948589e-04
3.264167460297494783e-04
3.259578972809860941e-04
3.254814097371949884e-04
3.250084139800762419e-04
3.245317993920304083e-04
3.241001866743802354e-04
3.236460097229858419e-04
3.232333361178015333e-04
3.228293033924636672e-04
3.224113696005491002e-04
3.220132472343935023e-04
3.216229243231649693e-04
3.212457279925713411e-04
3.209000859832784880e-04
3.205386940742375231e-04
3.201753497815132865e-04
3.198216928819909042e-04
3.194883844053283571e-04
3.191368863100686607e-04
3.187950132539215872e-04
3.184743457500691056e-04
3.181634142455932817e-04
3.178223362763700792e-04
3.174837773110244891e-04
3.171647609685948740e-04
3.168484041637098774e-04
3.165501593856463606e-04
3.162830195739223379e-04
3.160046833731761811e-04
3.157522337958264301e-04
3.154831107330263468e-04
3.152162008905893186e-04
3.149557675632696802e-04
3.146766515379415528e-04
3.143862705541530236e-04
3.141162601887206927e-04
3.137891140103369518e-04
3.134687570700751564e-04
3.131453074225714738e-04
3.128084554349519898e-04
3.124700463863677507e-04
3.121438863762549150e-04
3.118393862620431911e-04
3.115432551564130425e-04
3.112525035862282537e-04
3.109967281922312475e-04
3.107516553959746401e-04
3.105126886349019073e-04
3.102528166005136191e-04
3.099898403204486312e-04
3.096994519263610566e-04
3.094055408358619449e-04
3.091241911596257028e-04
3.088428350380611944e-04
3.085709567338132484e-04
3.082729932052146924e-04
3.079999940981623932e-04
3.077156149660406192e-04
3.074211766001223260e-04
3.071175578028909883e-04
3.068134374169777115e-04
3.065126780806793293e-04
3.062097390142087100e-04
3.059137938877734965e-04
3.056180363760845585e-04
3.053344916857460333e-04
3.050565332147970243e-04
3.047790313165067103e-04
3.045038256075457300e-04
3.042404944110710580e-04
3.039807157214875289e-04
3.037254100940160609e-04
3.034683327136526243e-04
3.031953276854957896e-04
3.029109907752765307e-04
3.026351315953230091e-04
3.023469861641341267e-04
3.020622460735780408e-04
3.017796766389889375e-04
3.014867484365882106e-04
3.011917222479002366e-04
3.008923436027302308e-04
3.005845791055430948e-04
3.002705175729751433e-04
2.999508329617088303e-04
2.996214334069807923e-04
2.992977354439288647e-04
2.989778127944800706e-04
2.986551037444762726e-04
2.983331033756054574e-04
2.980064301775353229e-04
2.976844218978804465e-04
2.973610149751666700e-04
2.970374592657983471e-04
2.967128840806754491e-04
2.963971704901936875e-04
2.960892587742874568e-04
2.957729692630135191e-04
2.954672091604539801e-04
2.951595566950256056e-04
2.948367363280092880e-04
2.945169424485129315e-04
2.941977839457108669e-04
2.938864532014436970e-04
2.935642226490070431e-04
2.932449753716146520e-04
2.929297284013447069e-04
2.926106108256564995e-04
2.922974914805108134e-04
2.919721173464445078e-04
2.916454228690693409e-04
2.913250918503611318e-04
2.910013373184473047e-04
2.906773968493829813e-04
2.903495173552733352e-04
2.900267102614353097e-04
2.897042954534632931e-04
2.893708250632866285e-04
2.890351966887366817e-04
2.886989754614804633e-04
2.883689021936818508e-04
2.880400136438305723e-04
2.876998170079803508e-04
2.873627035845307425e-04
2.870198019886796873e-04
2.866758255361520407e-04
2.863307502012405977e-04
2.859896231135188472e-04
2.856562020258632327e-04
2.853151455933302131e-04
2.849824934737085953e-04
2.846432411548016454e-04
2.843088313801450553e-04
2.839717663376628109e-04
2.836413078088471538e-04
2.833095384547329844e-04
2.829845302748860807e-04
2.826564192235348459e-04
2.823374400334986429e-04
2.820256388522771073e-04
2.817220832405225857e-04
2.814183645723960570e-04
2.811142701055356001e-04
2.808053423017668662e-04
2.804977310974980198e-04
2.801909854724625166e-04
2.798891828214914151e-04
2.795870557875261607e-04
2.792929409920983643e-04
2.789966458581087986e-04
2.787004845812309341e-04
2.783995965841957565e-04
2.780974809430866702e-04
2.777916574120500881e-04
2.774898401205350552e-04
2.771980509387014292e-04
2.769020268546275028e-04
2.766147263338012145e-04
2.763283839682387699e-04
2.760558666309705848e-04
2.757857044946522476e-04
2.755114243583660317e-04
2.752378412837862406e-04
2.749662026434199170e-04
2.746959977505232455e-04
2.744310359844387382e-04
2.741644548036949484e-04
2.739101441590559879e-04
2.736551088625908523e-04
2.733948302982641622e-04
2.731374931872780827e-04
2.728825051757522032e-04
2.726341073355064825e-04
2.723806230743564503e-04
2.721323593101844323e-04
2.718774153808696872e-04
2.716272898522948146e-04
2.713824265746021098e-04
2.711382752134248899e-04
2.708951674449886480e-04
2.706579577233261488e-04
2.704215613301738761e-04
2.701744998106589846e-04
2.699330821366860487e-04
2.696907699292244893e-04
2.694582669132753708e-04
2.692239204429478470e-04
2.689922113305673735e-04
2.687658611718160063e-04
2.685363273378583082e-04
2.683059543634446495e-04
2.680731158945675631e-04
2.678385545553354694e-04
2.676137211991203219e-04
2.673833938330258679e-04
2.671548119424921059e-04
2.669175736149798756e-04
2.666822721398904488e-04
2.664440155436445632e-04
2.662058658412244454e-04
2.659667550994618745e-04
2.657298753110020413e-04
2.654889562696598963e-04
2.652499657637909952e-04
2.650149981578057523e-04
2.647781153253347497e-04
2.645445862341321681e-04
2.643169904720917766e-04
2.640949454720183131e-04
2.638723678608818489e-04
2.636522055043596935e-04
2.634312901013721839e-04
2.632060263681462601e-04
2.629876564885371510e-04
2.627651096147368115e-04
2.625404379453860821e-04
2.623140052408517347e-04
2.620823112326365755e-04
2.618502036236608423e-04
2.616203168740050141e-04
2.613843652683900550e-04
2.611561489976371633e-04
2.609290749776854322e-04
2.607141915246538816e-04
2.604845066572697497e-04
2.602572725764493253e-04
2.600303130486219800e-04
2.598037593936427148e-04
2.595790363918769957e-04
2.593540393490079902e-04
2.591258834453780743e-04
2.588993378734816232e-04
2.586665702636381839e-04
2.584362284849231104e-04
2.582103682083312121e-04
2.579873854451212364e-04
2.577617579262843025e-04
2.575345558753017530e-04
2.573097008239873295e-04
2.570804798591644195e-04
2.568541031485191222e-04
2.566300055996834106e-04
2.564045453939845930e-04
2.561786665373108856e-04
2.559523982388031997e-04
2.557264489381999941e-04
2.555042116818324210e-04
2.552842949387192713e-04
2.550655096493230811e-04
2.548473464194693852e-04
2.546290466857225395e-04
2.544144774085331235e-04
2.541949089881923463e-04
2.539773100534900010e-04
2.537580785400333420e-04
2.535366827330289181e-04
2.533188900472521979e-04
2.531002633755767995e-04
2.528800301160304695e-04
2.526597083150384257e-04
2.524406396970769822e-04
2.522200906841076781e-04
2.519988244435082225e-04
2.517789934073128726e-04
2.515594012139740938e-04
2.513380591525224915e-04
2.511157794068450506e-04
2.508944462864462076e-04
2.506707379945394320e-04
2.504456664445011121e-04
2.502211182583567359e-04
2.500043169858573357e-04
2.497857404940589010e-04
2.495679849202902547e-04
2.493494116003085246e-04
2.491362623705703190e-04
2.489201729317143809e-04
2.487086754020860838e-04
2.484972766068024885e-04
2.482840328684102335e-04
2.480732925918073583e-04
2.478638702981188040e-04
2.476534317785856185e-04
2.474423918382389460e-04
2.472299035440332269e-04
2.470205116583013699e-04
2.468111558646398718e-04
2.466018554385127699e-04
2.463936676987789950e-04
2.461887752353783825e-04
2.459846718546777216e-04
2.457789472920353315e-04
2.455759468200136605e-04
2.453660691390463847e-04
2.451582934821002076e-04
2.449526095634547204e-04
2.447430719029372831e-04
2.445362809090495526e-04
2.443289097899781453e-04
2.441190045444461166e-04
2.439133550707648713e-04
2.437077760628696100e-04
2.435004914474674478e-04
2.432923071282678466e-04
2.430835921941650740e-04
2.428764651154579452e-04
2.426703900070446775e-04
2.424635059837989398e-04
2.422581115814914123e-04
2.420503385758381303e-04
2.418422734447021904e-04
2.416345984616144775e-04
2.414266463144430612e-04
2.412214998546659457e-04
2.410167097707633873e-04
2.408117758702922574e-04
2.406069046899999230e-04
2.404051042388764684e-04
2.402019151775291095e-04
2.399995271843625337e-04
2.397950574896894451e-04
2.395926318278328163e-04
2.393888623441853096e-04
2.391877998027217174e-04
2.389870340549954441e-04
2.387856902765088699e-04
2.385840686526454629e-04
2.383843030058508381e-04
2.381859013273620543e-04
2.379884809140615971e-04
2.377916975381126933e-04
2.375954149579887376e-04
2.374005454485215787e-04
2.372063520295835759e-04
2.370130588124091551e-04
2.368205323401192778e-04
2.366276848565203132e-04
2.364365287120450353e-04
2.362458748016684406e-04
2.360543689482428882e-04
2.358655647144090298e-04
2.356766155016625614e-04
2.354876717423036718e-04
2.352990611492803395e-04
2.351100993490879473e-04
2.349250114303904117e-04
2.347406356498369306e-04
2.345534230207377985e-04
2.343708614457855755e-04
2.341858372336795286e-04
2.340027768735561539e-04
2.338166114896701232e-04
2.336325084143175111e-04
2.334478873387174397e-04
2.332623218437749691e-04
2.330796398060334257e-04
2.328968792197284225e-04
2.327153458321177279e-04
2.325335613363232264e-04
2.323534157697276499e-04
2.321725790059816683e-04
2.319941470458345898e-04
2.318133131057967537e-04
2.316323208204755263e-04
2.314517574728901608e-04
2.312715085407750172e-04
2.310924295498293431e-04
2.309126439617372069e-04
2.307343946429421489e-04
2.305575921957874115e-04
2.303812953161202064e-04
2.302043960780773119e-04
2.300288651211049220e-04
2.298509460937330634e-04
2.296760941128900084e-04
2.295013046821641118e-04
2.293268099710557952e-04
2.291515772709357536e-04
2.289778000764549574e-04
2.288013057166315555e-04
2.286265719788591630e-04
2.284541659042667295e-04
2.282805564378477872e-04
2.281101360298620263e-04
2.279381023133910343e-04
2.277670273593455864e-04
2.275960703444210103e-04
2.274261816250895891e-04
2.272578678434271631e-04
2.270912588274714842e-04
2.269228920279503731e-04
2.267561737580313147e-04
2.265903808980195434e-04
2.264251017348985965e-04
2.262613489975972409e-04
2.260979201637812171e-04
2.259385861720943610e-04
2.257751772331982772e-04
2.256155088579635249e-04
2.254536677439217859e-04
2.252930011226599613e-04
2.251340111043619941e-04
2.249755147535219594e-04
2.248156005047809462e-04
2.246563686677173109e-04
2.244973414930406753e-04
2.243377919456149251e-04
2.241803279913356277e-04
2.240239911178101438e-04
2.238684287034892445e-04
2.237121814444904702e-04
2.235546586271434325e-04
2.233984239148086156e-04
2.232413661339948394e-04
2.230858306517576734e-04
2.229318145082891545e-04
2.227800093040391250e-04
2.226295416991565452e-04
2.224793158699473405e-04
2.223294849596625753e-04
2.221818355793831162e-04
2.220346309685693805e-04
2.218859287969369108e-04
2.217368020367525155e-04
2.215892964715494406e-04
2.214403477459016755e-04
2.212921745187342568e-04
2.211459387861440756e-04
2.210003703577188903e-04
2.208559310402739286e-04
2.207116086225546520e-04
2.205653402006082305e-04
2.204209334317108390e-04
2.202758853584423765e-04
2.201308147485562410e-04
2.199892028501514412e-04
2.198461683187429179e-04
2.197065483778130076e-04
2.195635373199558205e-04
2.194219698444248474e-04
2.192795349895542974e-04
2.191354562898313531e-04
2.189926497876987655e-04
2.188487491690089767e-04
2.187052985831816989e-04
2.185620296410841824e-04
2.184180772595163656e-04
2.182742323335628610e-04
2.181285506919426449e-04
2.179829402378058814e-04
2.178374787430333026e-04
2.176927335275929303e-04
2.175465558283643398e-04
2.174008836361824529e-04
2.172549813833350068e-04
2.171095413735525659e-04
2.169643098163195362e-04
2.168215962446150313e-04
2.166785314912615798e-04
2.165362788768548789e-04
2.163947762424396181e-04
2.162528758615237456e-04
2.161114069237620523e-04
2.159708797659623178e-04
2.158320039083964773e-04
2.156918063235332571e-04
2.155531454657200912e-04
2.154138895940097497e-04
2.152746091983144875e-04
2.151357037564987479e-04
2.149986255686856288e-04
2.148608448855854162e-04
2.147240091021158839e-04
2.145870568560287255e-04
2.144502597344752283e-04
2.143132703097098296e-04
2.141774817261662197e-04
2.140415627627083339e-04
2.139075610851048340e-04
2.137728551372155541e-04
2.136390714071550426e-04
2.135069223725605172e-04
2.133732744656498248e-04
2.132401913137089457e-04
2.131078555217976150e-04
2.129755852323373224e-04
2.128441824856524948e-04
2.127133688444530623e-04
2.125827425972044639e-04
2.124515486823750905e-04
2.123214846744350150e-04
2.121937469873587205e-04
2.120651836263452998e-04
2.119355291271030907e-04
2.118062423456984250e-04
2.116778948833454989e-04
2.115492595150425970e-04
2.114198367657988114e-04
2.112918257860134971e-04
2.111629909493478155e-04
2.110336712297951182e-04
2.109044711450897783e-04
2.107761507797758474e-04
2.106486652258340734e-04
2.105218503056951573e-04
2.103950535242130504e-04
2.102684708654954117e-04
2.101407937181545328e-04
2.100119331550228362e-04
2.098827944869483106e-04
2.097524622038155384e-04
2.096228834662186861e-04
2.094939752599673968e-04
2.093650458626891470e-04
2.092368915105767742e-04
2.091088505914046611e-04
2.089802228642047060e-04
2.088518442856733255e-04
2.087216711496882977e-04
2.085926726946729800e-04
2.084621491671118467e-04
2.083334500154652936e-04
2.082047915630003143e-04
2.080770389977531945e-04
2.079511808225868860e-04
2.078244896484484228e-04
2.076968372409096562e-04
2.075688373539903069e-04
2.074412293834901973e-04
2.073135842919847079e-04
2.071857357555941480e-04
2.070585019986273545e-04
2.069312473841766623e-04
2.068030069906741310e-04
2.066751228566243378e-04
2.065466424826651302e-04
2.064177322005280452e-04
2.062896564707445075e-04
2.061616546131694232e-04
2.060329550572728317e-04
2.059041147352343875e-04
2.057771826683172723e-04
2.056507353163845614e-04
2.055234687090850708e-04
2.053963552573899898e-04
2.052695767312572364e-04
2.051423667640016107e-04
2.050151779228366351e-04
2.048880581548239137e-04
2.047609752361944106e-04
2.046341000285479780e-04
2.045079782508719491e-04
2.043827818751555445e-04
2.042566727806741794e-04
2.041320267365725268e-04
2.040075214538634063e-04
2.038825221612505009e-04
2.037581164173002889e-04
2.036333037038226090e-04
2.035084333396759411e-04
2.033845995388612409e-04
2.032602434235728048e-04
2.031363968079785936e-04
2.030124929944019210e-04
2.028893719550398632e-04
2.027667451103048937e-04
2.026439701146484889e-04
2.025212743462447181e-04
2.023990698341777993e-04
2.022776519414799150e-04
2.021562136556087966e-04
2.020356778284360252e-04
2.019146643729367429e-04
2.017942289828599759e-04
2.016739755189079272e-04
2.015542496178891047e-04
2.014360620989884547e-04
2.013174126866337918e-04
2.011991681233896634e-04
2.010807542306456233e-04
2.009626174881647175e-04
2.008449315941994776e-04
2.007264479577444412e-04
2.006080787761666212e-04
2.004899871276082080e-04
2.003719787613080546e-04
2.002548595365567276e-04
2.001371652440979171e-04
2.000192956079067344e-04
1.999010298343229148e-04
1.997827451198522859e-04
1.996656687215209408e-04
1.995485719204978525e-04
1.994310882111935803e-04
1.993134732715631959e-04
1.991961649928690123e-04
1.990788217446847700e-04
1.989612318075394939e-04
1.988440593306480561e-04
1.987270813145200282e-04
1.986104082119173641e-04
1.984942360972869716e-04
1.983784601788250084e-04
1.982636912796820791e-04
1.981487753090003915e-04
1.980344549511973832e-04
1.979207817049969862e-04
1.978070369245161098e-04
1.976941545669723887e-04
1.975812038969878941e-04
1.974694437440743658e-04
1.973584913600016401e-04
1.972478751341438124e-04
1.971376974791456808e-04
1.970274305787614300e-04
1.969171158061581051e-04
1.968058834934285461e-04
1.966943456731230712e-04
1.965827873536966680e-04
1.964711049702592201e-04
1.963587115600434643e-04
1.962464365535426824e-04
1.961335426485125513e-04
1.960207268207965654e-04
1.959077693001703806e-04
1.957953476676433096e-04
1.956834518621434766e-04
1.955718001318016233e-04
1.954605505956898929e-04
1.953489335596058144e-04
1.952377742937714752e-04
1.951273515049578350e-04
1.950163031191213875e-04
1.949060745173639662e-04
1.947957522503348258e-04
1.946853867827755638e-04
1.945749259284510564e-04
1.944652881412322308e-04
1.943562456280132841e-04
1.942470440118635833e-04
1.941380331723616983e-04
1.940302707979026943e-04
1.939227227910589020e-04
1.938149574173956332e-04
1.937069613256110529e-04
1.935990024378459601e-04
1.934912939164657722e-04
1.933833105226401142e-04
1.932758447839916975e-04
1.931681841058125631e-04
1.930605590139884719e-04
1.929533642399129916e-04
1.928461409623826795e-04
1.927388873981447637e-04
1.926320006956576782e-04
1.925249471257821149e-04
1.924185360626748539e-04
1.923126693555133834e-04
1.922065855186560980e-04
1.921008878220736241e-04
1.919949119918462372e-04
1.918897337527062643e-04
1.917850234286976290e-04
1.916799970392194614e-04
1.915752077295793413e-04
1.914706615601233415e-04
1.913667796040574684e-04
1.912631654257921797e-04
1.911601567941868525e-04
1.910573254100193623e-04
1.909537377906093134e-04
1.908505886521053626e-04
1.907470133001353072e-04
1.906433287913486638e-04
1.905390986278644066e-04
1.904353634596140786e-04
1.903313822336657167e-04
1.902272276118282634e-04
1.901236457647046177e-04
1.900195135824217735e-04
1.899159554493680608e-04
1.898124167205154672e-04
1.897088199797507594e-04
1.896062553841881490e-04
1.895039186354250445e-04
1.894021971400857232e-04
1.893004103659512015e-04
1.891992090962517630e-04
1.890980967057423565e-04
1.889966755732582556e-04
1.888955885935067653e-04
1.887944544544484877e-04
1.886942879792696825e-04
1.885943083717018349e-04
1.884941357396801719e-04
1.883939294272916096e-04
1.882934620825060421e-04
1.881937418551686233e-04
1.880945959509672640e-04
1.879954614604363963e-04
1.878961149729409491e-04
1.877968362018193514e-04
1.876974508786904646e-04
1.875982562227740652e-04
1.874996530990635877e-04
1.874014062314486163e-04
1.873030364459609602e-04
1.872052595210967453e-04
1.871075491898153108e-04
1.870099805176398983e-04
1.869129096867660350e-04
1.868160706091755380e-04
1.867193448945914417e-04
1.866229348678054864e-04
1.865267833928411936e-04
1.864308043594997580e-04
1.863341909938875842e-04
1.862377629370600036e-04
1.861417238209817950e-04
1.860451760661997311e-04
1.859493784142531166e-04
1.858540682500529884e-04
1.857587438618798137e-04
1.856640104663191801e-04
1.855692729743211374e-04
1.854746802322575726e-04
1.853803359148309621e-04
1.852864439328797698e-04
1.851923481416244274e-04
1.850983315133248436e-04
1.850044539743478660e-04
1.849105668972488329e-04
1.848167963949254300e-04
1.847227503773327909e-04
1.846288593086236013e-04
1.845351524305262304e-04
1.844416308535242095e-04
1.843484063120418503e-04
1.842555217335254455e-04
1.841624044417440955e-04
1.840691606919230678e-04
1.839765612017296476e-04
1.838832698357506957e-04
1.837902519573220042e-04
1.836977501207994053e-04
1.836051330099427829e-04
1.835129744077944563e-04
1.834212568730470483e-04
1.833295685081255645e-04
1.832377724858688043e-04
1.831464880586909259e-04
1.830550302748205752e-04
1.829640313107269928e-04
1.828731369189035786e-04
1.827821816395412571e-04
1.826911945155063933e-04
1.826006859196785523e-04
1.825101124132945873e-04
1.824199980770221420e-04
1.823302844460669041e-04
1.822400878898378671e-04
1.821499278613666992e-04
1.820599425684698756e-04
1.819701420354847405e-04
1.818803113201605825e-04
1.817907659310966833e-04
1.817007153680394622e-04
1.816113021306282752e-04
1.815217350102489254e-04
1.814322022263825380e-04
1.813427123854683505e-04
1.812541983234714112e-04
1.811658633053345863e-04
1.810775737067348977e-04
1.809889861091706204e-04
1.809008133582899595e-04
1.808130892732703811e-04
1.807255041296842481e-04
1.806378891224648473e-04
1.805502701363931512e-04
1.804629866345114982e-04
1.803759068672681359e-04
1.802888924318975521e-04
1.802022111344163402e-04
1.801153381198988661e-04
1.800285892029160220e-04
