7.095242717999991795e-05
5.017793703381594796e-05
4.099656894471671588e-05
3.565846308423471236e-05
3.229225145481524407e-05
2.958356760485449677e-05
2.768961043822379536e-05
2.608922262138339487e-05
2.465075463069842389e-05
2.359992256236038063e-05
2.258216101774234043e-05
2.181005106592137833e-05
2.118406557988129706e-05
2.069295035140733890e-05
2.023536120875822170e-05
1.985702992247642608e-05
1.971694170603640161e-05
1.964976157709459511e-05
1.939776397609802182e-05
1.927765429346999846e-05
1.905583233237986772e-05
1.903864990129882961e-05
1.908043138528147002e-05
1.892008485943733978e-05
1.890110646553954413e-05
1.879712252609603296e-05
1.869055128165106851e-05
1.855869939683972623e-05
1.835633062121738669e-05
1.809994295316740291e-05
1.786093583933815043e-05
1.763811495367143209e-05
1.743062919105184364e-05
1.720846124131154123e-05
1.699399933974272050e-05
1.679786352242348022e-05
1.659787921105764061e-05
1.641203192925498047e-05
1.624099301449202903e-05
1.608001425316480564e-05
1.591740587611079359e-05
1.577332667457475359e-05
1.561235309974796993e-05
1.546020138689807469e-05
1.531531323953525027e-05
1.517446432540789318e-05
1.504156991979628292e-05
1.491640630933316934e-05
1.478505661997196733e-05
1.465242400455125660e-05
1.451729166698595647e-05
1.438562250167910205e-05
1.425525910709690281e-05
1.412561322109377450e-05
1.399814189389696395e-05
1.387310167695514393e-05
1.375223444296993533e-05
1.363497015628731999e-05
1.352344957836329756e-05
1.341435322193436488e-05
1.331255841598911240e-05
1.321061817094003361e-05
1.311060950341942843e-05
1.301081791191373708e-05
1.292152090193433937e-05
1.282848797440116822e-05
1.273797874475224046e-05
1.265074370510308168e-05
1.257000607274955887e-05
1.248561535200071843e-05
1.240144637097506265e-05
1.232335387428067856e-05
1.224186901040946809e-05
1.216256092021962456e-05
1.208352859166901422e-05
1.200642086770335025e-05
1.192955822238483455e-05
1.185511824030391658e-05
1.178103137841365071e-05
1.170861452025494777e-05
1.163686889583984064e-05
1.156754498808904172e-05
1.149912469202007377e-05
1.143308582539545639e-05
1.136658000995460312e-05
1.130039743346908150e-05
1.123581316601698277e-05
1.117335089581563671e-05
1.111440315102733454e-05
1.105837195775091048e-05
1.100749930015058855e-05
1.096075260941131548e-05
1.091577000912273900e-05
1.086626149031795532e-05
1.082247226949820469e-05
1.077897627778340708e-05
1.073439345115270156e-05
1.068800905858355109e-05
1.063998066879225993e-05
1.059570952708581839e-05
1.055847636301318970e-05
1.051699912089956047e-05
1.047613402618888404e-05
1.043702526588646132e-05
1.039823265197901063e-05
1.035835510184142842e-05
1.031858869100209253e-05
1.028076840001986677e-05
1.024448650077307476e-05
1.020649148386120481e-05
1.016917124140272621e-05
1.013352141514305785e-05
1.010320085443011149e-05
1.007274612448395837e-05
1.004466462254055307e-05
1.001357205408397039e-05
9.981807148982958834e-06
9.950946429831047379e-06
9.918296752085045123e-06
9.885848179640738744e-06
9.855732772480309411e-06
9.824603833162710539e-06
9.792739546170131174e-06
9.758525636772539012e-06
9.723749141275631327e-06
9.688898017855330063e-06
9.654088635320889105e-06
9.618672794443620914e-06
9.584653223449102102e-06
9.550503883392386404e-06
9.518231247954961186e-06
9.485535522746789950e-06
9.453380497836867566e-06
9.420575020680203537e-06
9.388280700934090406e-06
9.355694226268754314e-06
9.324820983003294589e-06
9.294781550631491568e-06
9.264213303328052302e-06
9.235284045686638734e-06
9.205652689720506999e-06
9.177010293176071404e-06
9.147336378813144113e-06
9.117972381678128080e-06
9.089075013266637322e-06
9.060709354962298218e-06
9.032424849760346694e-06
9.003035719773018895e-06
8.974869526097645141e-06
8.946131021155913747e-06
8.917451163472545856e-06
8.888826364095050490e-06
8.860420497283389308e-06
8.832179130414478851e-06
8.804820173239144695e-06
8.777084285724149492e-06
8.749720096705421220e-06
8.722440682150900293e-06
8.695343408233445153e-06
8.668353467534419091e-06
8.641797771039556080e-06
8.615920279743691050e-06
8.590405139658663892e-06
8.565453924294242014e-06
8.540461511469595537e-06
8.515176179919098831e-06
8.490167228977027689e-06
8.465570387965308541e-06
8.441441706873061069e-06
8.418646042527611851e-06
8.396037514591648366e-06
8.374657478601869173e-06
8.353624364642020292e-06
8.332635573922255227e-06
8.312676175140379321e-06
8.291272285431029523e-06
8.270715451990925742e-06
8.249762491012364748e-06
8.229471594707626382e-06
8.210353943808248678e-06
8.191397601590105112e-06
8.172480743916442451e-06
8.153794694140603438e-06
8.135125035327803991e-06
8.116606680860777770e-06
8.097969599271594927e-06
8.079680110768640015e-06
8.061748381179097804e-06
8.044177109205994885e-06
8.027384029587582504e-06
8.010010390543393833e-06
7.993577933141658956e-06
7.976915365839929264e-06
7.961096328196504992e-06
7.945502044406368920e-06
7.929044700460306254e-06
7.912642480021973089e-06
7.895942474700246998e-06
7.879048302256710655e-06
7.862382749364099115e-06
7.845184784572871827e-06
7.827747325602720768e-06
7.811083524333528971e-06
7.794811707954859084e-06
7.778555426743574897e-06
7.762353960097669953e-06
7.745823931733288397e-06
7.729185239293042875e-06
7.713183211401371101e-06
7.697534841172892195e-06
7.682779393884338448e-06
7.667583087813599103e-06
7.652228644545453130e-06
7.636446282592465902e-06
7.621002435386541800e-06
7.605817003737395586e-06
7.590151934889886146e-06
7.575449035230539950e-06
7.560096326090299913e-06
7.544532440737711782e-06
7.528868963152952334e-06
7.513726239471707300e-06
7.498674508508775581e-06
7.483361591403162600e-06
7.468912646933385520e-06
7.454439318724025817e-06
7.440136579418914492e-06
7.426421058736945455e-06
7.412850769660373387e-06
7.399245223594711641e-06
7.385971619320595782e-06
7.372953956384369806e-06
7.359925365217658711e-06
7.347027715911177880e-06
7.333733369626691730e-06
7.320102497883144153e-06
7.306795227084288056e-06
7.293467906931206815e-06
7.280468790155093084e-06
7.267879929427185657e-06
7.255351141774233567e-06
7.242878719270828754e-06
7.230985242314957692e-06
7.218936991698994953e-06
7.206487793866676945e-06
7.194799021112012345e-06
7.183010699536617862e-06
7.171782720448075017e-06
7.160846696529817515e-06
7.149875409888571429e-06
7.139023615742577237e-06
7.128776606463919406e-06
7.118838312790720069e-06
7.108596812793400393e-06
7.098533051614970087e-06
7.088026636769087495e-06
7.077133719305232976e-06
7.066508166778759759e-06
7.056177132451764960e-06
7.045661759672099497e-06
7.034802392978911070e-06
7.024520634003625653e-06
7.014824939915963741e-06
7.005152416889330854e-06
6.995640505161445604e-06
6.986453314285064484e-06
6.977708378844139294e-06
6.968367811272506039e-06
6.958889852189420725e-06
6.949733727991592442e-06
6.940505097358478787e-06
6.931471665040430219e-06
6.921808827485162149e-06
6.912148172431252536e-06
6.902081625799355263e-06
6.891972662070708167e-06
6.882220552865289847e-06
6.872567381557572361e-06
6.863223166726708701e-06
6.853893972561389172e-06
6.844364436049844729e-06
6.835666810948928609e-06
6.827030565774098162e-06
6.818802043241083939e-06
6.810678812991581319e-06
6.802897170233197720e-06
6.795067963937534501e-06
6.787214329337728758e-06
6.779364697842813873e-06
6.771220287414423650e-06
6.763136961839830014e-06
6.755333724742676242e-06
6.747115754235529719e-06
6.739110706682141962e-06
6.731157710087594365e-06
6.723485878785745771e-06
6.715633883258785407e-06
6.707480222849983359e-06
6.699282647238234593e-06
6.690778985649950257e-06
6.682392923154894817e-06
6.674287981279610777e-06
6.665930159663756851e-06
6.657197966576013753e-06
6.648427696281655650e-06
6.639604225816739982e-06
6.630574488739808193e-06
6.621367622046500740e-06
6.611921655077808080e-06
6.602562133833739472e-06
6.593220439099586469e-06
6.583819379449494617e-06
6.574269474339659270e-06
6.565337348215514841e-06
6.556389776058755071e-06
6.547533920479555120e-06
6.538797958708258012e-06
6.530250123068948048e-06
6.521578504761856487e-06
6.513213541404015712e-06
6.504623120682060109e-06
6.496399823014216665e-06
6.488170635067615547e-06
6.480083733209455343e-06
6.472196653598037535e-06
6.464079492058922378e-06
6.456148885858381591e-06
6.448141288675363081e-06
6.440203648190260834e-06
6.432028225933237817e-06
6.423876296163989825e-06
6.415351133672159710e-06
6.407164573497959194e-06
6.399005721140853062e-06
6.390836527612741853e-06
6.382798891056666088e-06
6.374784814040582736e-06
6.366949718936376410e-06
6.359335004947530616e-06
6.351576648009179599e-06
6.344191326469438629e-06
6.336940907611885271e-06
6.329514654077130110e-06
6.322151016200790413e-06
6.314954481713275480e-06
6.307979687417706785e-06
6.301058353078024994e-06
6.293997054745552378e-06
6.287043151329644520e-06
6.279738432499193638e-06
6.272322967122508971e-06
6.264636229669541579e-06
6.256807145211431224e-06
6.248774111348003487e-06
6.240590687050392329e-06
6.232561417074219102e-06
6.224393264246828141e-06
6.216249665633773705e-06
6.208070104934151857e-06
6.199797719917174270e-06
6.191421816375052708e-06
6.183195186117627942e-06
6.174996226215731490e-06
6.166819384982293087e-06
6.158666441538619494e-06
6.150558337231544068e-06
6.142517286940677816e-06
6.134480309682096918e-06
6.126484637261150194e-06
6.118525533766204119e-06
6.110512531468361803e-06
6.102492479019100539e-06
6.094559944641527954e-06
6.086556012646637215e-06
6.078613875421689590e-06
6.070667380575077775e-06
6.062801903602201059e-06
6.054940031921828803e-06
6.047109459429383652e-06
6.039279793622436869e-06
6.031497952155181478e-06
6.023772800587277846e-06
6.016022489963124136e-06
6.008388314681349600e-06
6.000756313370570589e-06
5.993129747595358144e-06
5.985640878688012859e-06
5.978285975755591985e-06
5.970969221919860136e-06
5.963734586432604356e-06
5.956540421245975448e-06
5.949414969919297286e-06
5.942295455199304288e-06
5.935142011514659094e-06
5.927962453353492150e-06
5.920781871786069564e-06
5.913725003863187541e-06
5.906602420862411050e-06
5.899561201693164745e-06
5.892469890063477238e-06
5.885369378107037964e-06
5.878253587772806173e-06
5.871215323180724222e-06
5.864169519403265374e-06
5.857157462800020578e-06
5.850160837049128376e-06
5.843184288246550948e-06
5.836241364843631937e-06
5.829397322802868505e-06
5.822495038334366837e-06
5.815581772234396260e-06
5.808692311355132673e-06
5.801806722320121396e-06
5.795036430481615955e-06
5.788241819613760169e-06
5.781500829473435492e-06
5.774812775345954971e-06
5.768156999899341119e-06
5.761415426470434755e-06
5.754730409877293857e-06
5.748039035346816898e-06
5.741429041219446321e-06
5.734805229632444710e-06
5.728227845922914983e-06
5.721596277309902604e-06
5.715003177490418000e-06
5.708491671707858259e-06
5.701966373528378824e-06
5.695420959791012768e-06
5.688906968048265358e-06
5.682433317633155915e-06
5.676012854663317210e-06
5.669627753844932393e-06
5.663227637955193582e-06
5.656906902842579931e-06
5.650616462819054974e-06
5.644287855027376946e-06
5.637975032191377899e-06
5.631712084735737911e-06
5.625440248588579325e-06
5.619172066327487945e-06
5.612915904009343794e-06
5.606679804842649597e-06
5.600455489446036325e-06
5.594250881968824396e-06
5.588028109673965389e-06
5.581829586876113317e-06
5.575679708269393233e-06
5.569580374529424564e-06
5.563491888175499698e-06
5.557440925293454194e-06
5.551405832481908271e-06
5.545447036297593416e-06
5.539467232995792052e-06
5.533514450400218990e-06
5.527562763833127151e-06
5.521581368137655520e-06
5.515655679873148066e-06
5.509724686545153718e-06
5.503837859324102697e-06
5.497969251951835566e-06
5.492110967310238499e-06
5.486305559138520209e-06
5.480526305525192089e-06
5.474795848940670589e-06
5.469093457414442374e-06
5.463368280327028614e-06
5.457647872706629686e-06
5.451963641896958118e-06
5.446311745598132733e-06
5.440679045520368300e-06
5.435070326369294501e-06
5.429395026802654788e-06
5.423757314385187823e-06
5.418151588946735711e-06
5.412574433353734902e-06
5.406977410383639085e-06
5.401426502654546686e-06
5.395932370440766914e-06
5.390440973891959114e-06
5.384958427583434783e-06
5.379503189036594725e-06
5.374054101087011648e-06
5.368609640561709019e-06
5.363165428997450023e-06
5.357751562074051880e-06
5.352399634057165341e-06
5.347032972787646168e-06
5.341719650562841487e-06
5.336361263477685121e-06
5.331025906883343586e-06
5.325700956332674914e-06
5.320415881925441337e-06
5.315127799977989203e-06
5.309881527786821807e-06
5.304661400960337962e-06
5.299434259784523932e-06
5.294222157195916893e-06
5.288964196729876248e-06
5.283751622817520813e-06
5.278608308633479656e-06
5.273491142761020822e-06
5.268391775277322559e-06
5.263260727505694358e-06
5.258130231581818222e-06
5.253033195807015476e-06
5.247982225668980465e-06
5.242965091016344483e-06
5.237908082123706363e-06
5.232881658157000597e-06
5.227852188534245862e-06
5.222813969921373169e-06
5.217809645815127318e-06
5.212883556675200196e-06
5.207967184924874762e-06
5.203086695378400867e-06
5.198224091974861958e-06
5.193389479936030449e-06
5.188598519143644077e-06
5.183787413041409963e-06
5.178998790067004480e-06
5.174198323850690755e-06
5.169408504728509683e-06
5.164657140311643572e-06
5.159883795282112066e-06
5.155143175810521182e-06
5.150397478063952065e-06
5.145627594892935629e-06
5.140878083723371637e-06
5.136120479572006544e-06
5.131381235933268016e-06
5.126658343256926011e-06
5.121918349232067970e-06
5.117196405448917600e-06
5.112491265598343801e-06
5.107816080241547037e-06
5.103176005162160011e-06
5.098463639558285663e-06
5.093757391529918593e-06
5.089059445246425034e-06
5.084371643047796928e-06
5.079709163627163666e-06
5.075064107569347006e-06
5.070444106134538787e-06
5.065819290118166331e-06
5.061225995086944003e-06
5.056671435854161623e-06
5.052136914760323194e-06
5.047645212722213180e-06
5.043145413153751232e-06
5.038698778489320076e-06
5.034219541865741853e-06
5.029742635723651655e-06
5.025260876385445667e-06
5.020802115223715386e-06
5.016347439423646464e-06
5.011897730433468532e-06
5.007451568445073872e-06
5.003018714458382165e-06
4.998587339692247639e-06
4.994160195168033655e-06
4.989744604227681050e-06
4.985323278608430855e-06
4.980918378879928737e-06
4.976538104715685100e-06
4.972179993009951968e-06
4.967801149527743812e-06
4.963443787234613204e-06
4.959091728400334181e-06
4.954750270712252853e-06
4.950420935422271644e-06
4.946105169218686512e-06
4.941799983312673211e-06
4.937502877549417660e-06
4.933216625408492761e-06
4.928938826439646905e-06
4.924677606084047606e-06
4.920428477509015347e-06
4.916188805405885891e-06
4.911960784033861609e-06
4.907745734277573253e-06
4.903542898335404835e-06
4.899345135525071252e-06
4.895148827873232659e-06
4.890964292472210612e-06
4.886795870506010711e-06
4.882642599521985433e-06
4.878498523953584403e-06
4.874362789244119010e-06
4.870245553222323219e-06
4.866143475393306338e-06
4.862061273686366065e-06
4.857977442197944850e-06
4.853896996463643736e-06
4.849824811893773954e-06
4.845768173546271774e-06
4.841717451995115950e-06
4.837687860251954903e-06
4.833660935346779785e-06
4.829648939640867736e-06
4.825653952450334442e-06
4.821653154167591437e-06
4.817654244331490672e-06
4.813664467897677183e-06
4.809684853713726784e-06
4.805714829665412042e-06
4.801756065288686297e-06
4.797807020980928199e-06
4.793870064247789959e-06
4.789939061334218665e-06
4.786018314480983156e-06
4.782109862428464748e-06
4.778212085863916804e-06
4.774321247438304679e-06
4.770441604719267167e-06
4.766577059659837954e-06
4.762716811757260418e-06
4.758866546771418171e-06
4.755028261942783379e-06
4.751199260250752878e-06
4.747374095087323390e-06
4.743561003217456954e-06
4.739758610076597526e-06
4.735964508007929558e-06
4.732181125029742097e-06
4.728401738042810389e-06
4.724634041857565560e-06
4.720874036242262675e-06
4.717122161015014864e-06
4.713381097313756236e-06
4.709650953485903255e-06
4.705927889516059871e-06
4.702209542463592722e-06
4.698501970768634269e-06
4.694814262361247474e-06
4.691135312539650672e-06
4.687467451043627488e-06
4.683802534874405697e-06
4.680158861716920480e-06
4.676518334945021790e-06
4.672885652594947280e-06
4.669257274481577341e-06
4.665639818487565799e-06
4.662019378169355125e-06
4.658406889786336313e-06
4.654800232271852563e-06
4.651205615523995094e-06
4.647620982086325645e-06
4.644041934347938047e-06
4.640472137221783630e-06
4.636911396848942864e-06
4.633371143528753972e-06
4.629839262682312602e-06
4.626325730511867116e-06
4.622823883303035721e-06
4.619338216482355303e-06
4.615839324133376192e-06
4.612351500302666809e-06
4.608871329350932215e-06
4.605392943637218131e-06
4.601914480506128389e-06
4.598446669929315084e-06
4.594994667044854076e-06
4.591549749878057164e-06
4.588112719882745799e-06
4.584685746822766388e-06
4.581273680557029939e-06
4.577859786782667188e-06
4.574444940006461754e-06
4.571037307249899137e-06
4.567632810596340326e-06
4.564233163134403357e-06
4.560841348675103982e-06
4.557457008163801660e-06
4.554080421585939454e-06
4.550710798041136049e-06
4.547348627657219601e-06
4.543994190385205517e-06
4.540651939114419577e-06
4.537315392319935873e-06
4.533992556973233039e-06
4.530672352684080920e-06
4.527358478778329676e-06
4.524050193687219509e-06
4.520747634826168381e-06
4.517453455217428046e-06
4.514164589770722155e-06
4.510882776432766572e-06
4.507609265421346258e-06
4.504341755800985026e-06
4.501083087753345323e-06
4.497836946948530715e-06
4.494596225462777606e-06
4.491362061290612150e-06
4.488137445270851969e-06
4.484916333407972460e-06
4.481702587180325662e-06
4.478502934664268896e-06
4.475301011961388874e-06
4.472108417995933150e-06
4.468923590163739009e-06
4.465750035813818030e-06
4.462584585374106226e-06
4.459419203773734440e-06
4.456262685212278382e-06
4.453106578672920790e-06
4.449961938880109962e-06
4.446818807156681261e-06
4.443683223344485053e-06
4.440552831469225747e-06
4.437428981077854246e-06
4.434311714312540736e-06
4.431201470734777007e-06
4.428101666621098676e-06
4.425005384222854402e-06
4.421914433756061730e-06
4.418829746154199021e-06
4.415751622706771265e-06
4.412680169754302820e-06
4.409614796874403954e-06
4.406556084012771373e-06
4.403507003745197091e-06
4.400468863733035727e-06
4.397437377897621973e-06
4.394411296280584021e-06
4.391401629777388080e-06
4.388400283900653159e-06
4.385410382657739025e-06
4.382417167866599280e-06
4.379426270923817070e-06
4.376440279964858021e-06
4.373451504179863191e-06
4.370470982245769893e-06
4.367497383610445252e-06
4.364528762172248632e-06
4.361564974002235411e-06
4.358606165729316010e-06
4.355652899987850478e-06
4.352705086269967909e-06
4.349763461910579651e-06
4.346827517632882914e-06
4.343899235491334919e-06
4.340975747520848006e-06
4.338057488094847330e-06
4.335146229467941754e-06
4.332241022217204389e-06
4.329341670878550153e-06
4.326448381857647801e-06
4.323561435911445107e-06
4.320678101117076108e-06
4.317800657700223217e-06
4.314928924536373734e-06
4.312062815338644700e-06
4.309202430894909679e-06
4.306348821971192442e-06
4.303500375255531787e-06
4.300657669455152981e-06
4.297829915039749510e-06
4.295005043124907014e-06
4.292191001706720279e-06
4.289394604055074376e-06
4.286598326153887072e-06
4.283814505430833951e-06
4.281025518805558608e-06
4.278240340664698281e-06
4.275463613672506058e-06
4.272687136625193013e-06
4.269909524179560620e-06
4.267141606302445530e-06
4.264393236821769148e-06
4.261662060806274795e-06
4.258935547140128352e-06
4.256217491375675241e-06
4.253487895300394988e-06
4.250765473725885672e-06
4.248035406925134181e-06
4.245332515303205749e-06
4.242633173095951677e-06
4.239935134998497286e-06
4.237243364197708531e-06
4.234561633765417223e-06
4.231887948158912691e-06
4.229219486113543764e-06
4.226551517026836229e-06
4.223886226831181706e-06
4.221234761749824607e-06
4.218601266943786003e-06
4.215968379530116968e-06
4.213352583583386126e-06
4.210734297514206156e-06
4.208140870604273960e-06
4.205543149755502929e-06
4.202970326624819326e-06
4.200393684759725037e-06
4.197820488136402435e-06
4.195291543894154886e-06
4.192739182060776883e-06
4.190189767974585909e-06
4.187640871120338889e-06
4.185082554652253477e-06
4.182540002284294992e-06
4.180011814971491391e-06
4.177483261450366121e-06
4.174954842207103084e-06
4.172430913133281346e-06
4.169919278636588811e-06
4.167422071698854935e-06
4.164926027013034355e-06
4.162420495498697074e-06
4.159944910710300908e-06
4.157464799486840978e-06
4.155006931521677294e-06
4.152544623031657255e-06
4.150101191395002867e-06
4.147691292579643572e-06
4.145290758462334803e-06
4.142876058290875288e-06
4.140484922646816953e-06
4.138110016421300788e-06
4.135733530196588230e-06
4.133388125634322762e-06
4.131036871847028233e-06
4.128674935278224263e-06
4.126319198337559744e-06
4.123956932178546788e-06
4.121635753594948372e-06
4.119354599793854582e-06
4.117086261564903179e-06
4.114852206544682669e-06
4.112607512036474462e-06
4.110384246673660008e-06
4.108148060548678251e-06
4.105914355631441489e-06
4.103713910342590145e-06
4.101565999697995646e-06
4.099408069214402279e-06
4.097259898922404206e-06
4.095106630406162136e-06
4.092954340482663507e-06
4.090787250829185952e-06
4.088635509369253925e-06
4.086510926938688477e-06
4.084370223780309938e-06
4.082214228990906584e-06
4.080012406678167834e-06
4.077841770374580687e-06
4.075729134888056252e-06
4.073609207485106246e-06
4.071526448599482608e-06
4.069425388625747003e-06
4.067300690691500512e-06
4.065174746918158445e-06
4.063030609582802150e-06
4.060842972686696988e-06
4.058649570943011540e-06
4.056455036317443372e-06
4.054252977812140566e-06
4.052065359624851063e-06
4.049843421287767190e-06
4.047619784163649929e-06
4.045411029811459614e-06
4.043203414494724406e-06
4.041005194603504975e-06
4.038814114886457606e-06
4.036633748739317090e-06
4.034446720581073004e-06
4.032248027361029114e-06
4.030060201097586360e-06
4.027864539533046534e-06
4.025692747573680490e-06
4.023516811692287431e-06
4.021378489030399535e-06
4.019217402564308397e-06
4.017068123482584877e-06
4.014911242421339813e-06
4.012752814615291588e-06
4.010596732603182098e-06
4.008481766451934388e-06
4.006373670694183178e-06
4.004248791549216363e-06
4.002131485877426128e-06
4.000006341394887452e-06
3.997880152132643961e-06
3.995753570474899884e-06
3.993644771005227108e-06
3.991528465060473122e-06
3.989434069180819617e-06
3.987356416100992176e-06
3.985253108388978208e-06
3.983134833608053263e-06
3.981041204761323852e-06
3.978936240400101405e-06
3.976860607307043437e-06
3.974775211623907118e-06
3.972685917709323752e-06
3.970608018999502068e-06
3.968535908798197704e-06
3.966472961595365604e-06
3.964405962199284755e-06
3.962353621105619676e-06
3.960286525530169087e-06
3.958228336752087271e-06
3.956195513600159740e-06
3.954158609954189678e-06
3.952114102936455427e-06
3.950056758785114562e-06
3.947993126340267522e-06
3.945950992826850791e-06
3.943913715699486094e-06
3.941879035962451117e-06
3.939815124140085880e-06
3.937736539542362072e-06
3.935653367876736062e-06
3.933577655433334286e-06
3.931491842501685141e-06
3.929429582141247794e-06
3.927367063641879379e-06
3.925307943249863752e-06
3.923249674905967346e-06
3.921217499766603665e-06
3.919188129032517727e-06
3.917157646114700380e-06
3.915129469607026233e-06
3.913124300825255218e-06
3.911092178973500813e-06
3.909068086809958357e-06
3.907038713261460609e-06
3.905033978528583392e-06
3.903013813606892934e-06
3.900994263050611541e-06
3.898977569410892837e-06
3.896957467804594161e-06
3.894952662672688574e-06
3.892940433823153454e-06
3.890941666095101088e-06
3.888942258945886695e-06
3.886956552799212172e-06
3.884971833199627737e-06
3.882973475496745384e-06
3.880974936668527015e-06
3.878978162098730822e-06
3.876979929913263974e-06
3.874998890005618535e-06
3.873016617847859279e-06
3.871033893891938288e-06
3.869071048772913275e-06
3.867104181565197582e-06
3.865141872472932284e-06
3.863190744871026014e-06
3.861252731149086629e-06
3.859325105929275989e-06
3.857392346296828813e-06
3.855455164691005417e-06
3.853530861836453999e-06
3.851601891091126216e-06
3.849674313701647427e-06
3.847763815222740397e-06
3.845845225991019794e-06
3.843956696653826847e-06
3.842070600866986607e-06
3.840183557291013051e-06
3.838305001928372663e-06
3.836434117315496276e-06
3.834575060677560550e-06
3.832710337681040190e-06
3.830854112768683686e-06
3.829003256139894321e-06
3.827155313062411470e-06
3.825293224602679631e-06
3.823446236850211974e-06
3.821620118245888049e-06
3.819807874017755313e-06
3.817997574651151076e-06
3.816195247188043223e-06
3.814377532400450160e-06
3.812572796017152977e-06
3.810767211767138435e-06
3.808960730132588962e-06
3.807141582772371021e-06
3.805333773722107681e-06
3.803526455417422519e-06
3.801728849292337219e-06
3.799918246718961717e-06
3.798115582604568589e-06
3.796314572483273271e-06
3.794533762958332355e-06
3.792756896859188558e-06
3.790989791260363658e-06
3.789221494390302100e-06
3.787449826534788705e-06
3.785685445924544145e-06
3.783935218763306657e-06
3.782175499601423179e-06
3.780415915019040531e-06
3.778670670799646578e-06
3.776926187612841908e-06
3.775184142833636430e-06
3.773447194224599299e-06
3.771717246087370089e-06
3.769997218477428191e-06
