1.668033528843037402e+03
1.858209187937463639e+03
1.858209187937463639e+03
1.416203554310505069e+03
1.430551815392373783e+03
1.849769476832893588e+03
1.360459682324172491e+03
1.859197358800149232e+03
1.633089493338197144e+03
1.819238428389019873e+03
1.759393263422599603e+03
1.897651328900325097e+03
1.661176079744869867e+03
1.963407612428444281e+03
1.501902751627542102e+03
2.093506653229747826e+03
1.339080204100953097e+03
1.323493415032919074e+03
1.912079357912618207e+03
1.891896702509862507e+03
1.689962675370252327e+03
1.594164982720302987e+03
1.670918979446210869e+03
1.817709067351788917e+03
1.589012696853693342e+03
1.738266837516783653e+03
1.374282871880621087e+03
1.852399648108921383e+03
1.782332126749396366e+03
1.519218880788032038e+03
1.714674069487235101e+03
1.861917215293015261e+03
1.562427108340457153e+03
1.619214199734490421e+03
1.747105817949310904e+03
1.173436386977371740e+03
1.642891741731528327e+03
1.871234224757516813e+03
1.801149724051285148e+03
1.812073772866178842e+03
1.644121301065670878e+03
1.810836918311019190e+03
1.709925746057730976e+03
1.749958938162629693e+03
1.595680058638785113e+03
1.723995441875376400e+03
1.352278143710665745e+03
1.758288704140633854e+03
2.036936806382116856e+03
1.587025053188237962e+03
1.660469781058869103e+03
1.658287842006532628e+03
1.889468695754959981e+03
1.714985436524341821e+03
1.323567680802562791e+03
1.806797939533173576e+03
1.708102375744002302e+03
1.705163458427875639e+03
1.768805958391908462e+03
2.039761119859903147e+03
1.603677179366150085e+03
1.911814421297820900e+03
1.721825238348969833e+03
1.630552250361518873e+03
1.611737795239159823e+03
1.564291057113297029e+03
1.869267087683665977e+03
1.862051332018832909e+03
1.944509055049885546e+03
1.889026702797702001e+03
1.746898552713262916e+03
1.626220296742782239e+03
1.636041164270298850e+03
1.570139494587886929e+03
1.485041779089994634e+03
1.735835278744578545e+03
2.022200487899178142e+03
1.720551507344943957e+03
1.716456389011138072e+03
1.267331481405904924e+03
1.812462976401286824e+03
1.839698573783716483e+03
1.943496702192680004e+03
1.268293202204551562e+03
1.680561857914771281e+03
1.683784822284292432e+03
1.733918028735653934e+03
1.824522160308785715e+03
2.026367275435375404e+03
1.536490411978321390e+03
1.812496751433895270e+03
1.663992403086785089e+03
1.773977733758982595e+03
1.828075703831383635e+03
1.765073765800326100e+03
1.656033586255810178e+03
2.077765434620752330e+03
1.588863531616371347e+03
1.647022779428885542e+03
1.954054658894599015e+03
