1.712584101695458763e-04
1.567427965737517009e-04
1.336732721177723586e-04
1.183568145415204043e-04
1.073443394894354862e-04
9.866705516399366222e-05
9.144327301500731499e-05
8.637181716408752594e-05
8.312244364738318857e-05
7.989993440822676677e-05
7.729675211978572261e-05
7.586117962650071008e-05
7.434244007546628966e-05
7.223681135914816591e-05
7.045077247363427117e-05
6.898715096017905845e-05
6.732231568496057066e-05
6.572072227633946019e-05
6.423564717856805779e-05
6.291280557992676430e-05
6.156981521418063142e-05
6.078116602645313073e-05
6.001691757261709933e-05
5.945756380725932618e-05
5.870145416848510686e-05
5.822534814815820317e-05
5.796649676111198215e-05
5.774657878192755565e-05
5.751676113554948783e-05
5.731878948350186369e-05
5.707312088865324146e-05
5.683746257981253999e-05
5.669138469699891637e-05
5.624551201850385649e-05
5.584243402697704276e-05
5.531939594680077439e-05
5.476686007038205771e-05
5.414973114805149201e-05
5.362850538053833726e-05
5.308323107862669227e-05
5.251670843326623625e-05
5.205423616956237465e-05
5.158748651694677797e-05
5.111851747000854856e-05
5.065946525974790080e-05
5.017594464036847742e-05
4.972191797879769299e-05
4.924302532512535454e-05
4.879575149134320327e-05
4.837987529645446289e-05
4.802202222038580491e-05
4.765706712560985428e-05
4.730726115248755375e-05
4.695353961874443929e-05
4.661480645828793782e-05
4.629078351818313996e-05
4.596236711376660314e-05
4.564232096009564004e-05
4.529241895485106245e-05
4.495624430577155729e-05
4.462851450562750161e-05
4.430348636116061378e-05
4.397741800953202702e-05
4.365621758898293386e-05
4.334467091423518248e-05
4.302577859480587885e-05
4.271901413279910660e-05
4.241062776841708588e-05
4.210497423706428778e-05
4.181405429812993320e-05
4.153187858066574524e-05
4.126220329494308705e-05
4.100044593287953767e-05
4.074922621150974162e-05
4.048691498541829523e-05
4.023022563315574728e-05
3.997163121373067170e-05
3.972081316611536143e-05
3.947411476479935702e-05
3.924076301947617166e-05
3.901041916394635119e-05
3.879401305816193455e-05
3.857667417337227068e-05
3.836152663387492381e-05
3.816246405144168051e-05
3.796403241083819147e-05
3.777088895322886446e-05
3.758231181401666454e-05
3.739355329266054099e-05
3.721413713775055033e-05
3.704627442998611829e-05
3.687916377621763489e-05
3.671269914350896600e-05
3.655319535901560649e-05
3.639516609539424687e-05
3.623215385876232738e-05
3.606790884853297748e-05
3.591312965800781378e-05
3.575194337104810528e-05
3.558817332098929365e-05
3.542899665518083665e-05
3.527306351901596720e-05
3.513454956079059836e-05
3.499354950095334748e-05
3.485678201622611431e-05
3.471658390457770850e-05
3.457955985912135891e-05
3.445123976314021539e-05
3.433204838530008236e-05
3.420342493805832396e-05
3.407189851579410235e-05
3.393942933259383780e-05
3.380139984819921869e-05
3.365965345097218981e-05
3.351899250011428668e-05
3.338160121557452861e-05
3.325128574786220467e-05
3.311917144695786681e-05
3.298635313927168262e-05
3.285740845882083745e-05
3.272651490793043939e-05
3.259999943434054183e-05
3.247641276414821104e-05
3.235647225929642721e-05
3.224039931480943860e-05
3.212224026717873344e-05
3.200804506892666803e-05
3.189826749772808174e-05
3.178820102141463724e-05
3.168220094232220192e-05
3.157173243489844378e-05
3.146526107559956595e-05
3.135653524802258987e-05
3.124801624123797858e-05
3.113902797742183987e-05
3.103039825468601712e-05
3.092621706436545967e-05
3.082231259527678212e-05
3.072185956354305707e-05
3.062213316351703016e-05
3.052508818476784775e-05
3.042622939682420845e-05
3.032713317636577148e-05
3.022789683770373800e-05
3.012873272762895825e-05
3.003481811659574713e-05
2.994369692279042719e-05
2.985708063573096077e-05
2.976998489784129785e-05
2.968135681305347155e-05
2.959191149120793201e-05
2.950189520497474555e-05
2.941304029483494083e-05
2.932506284400541861e-05
2.923918963656030936e-05
2.915432986463919015e-05
2.907274120451264497e-05
2.899091597085154406e-05
2.890655238203910390e-05
2.882064463353476265e-05
2.873772455589230726e-05
2.865464100061989992e-05
2.857207190405219432e-05
2.849091481261933036e-05
2.840993258208425470e-05
2.833058194414078958e-05
2.825062170592657998e-05
2.817008570260044206e-05
2.808957294497147359e-05
2.800835472283050233e-05
2.792898435024912589e-05
2.784987036416038613e-05
2.777178241457412461e-05
2.769590046904216713e-05
2.761917146897913285e-05
2.754276529900406785e-05
2.746880378380852616e-05
2.739463972710244700e-05
2.732021040620338830e-05
2.724572204957186384e-05
2.717255941008627076e-05
2.709913590513036980e-05
2.702652111537753271e-05
2.695618714674767439e-05
2.688636326803547791e-05
2.681707960076198065e-05
2.674908166109162664e-05
2.668090420629033580e-05
2.661254767637975398e-05
2.654361450116665314e-05
2.647523295634102554e-05
2.640704365739913044e-05
2.633883075368209805e-05
2.627140956966532578e-05
2.620406659416110241e-05
2.613735730962198124e-05
2.607096316624152248e-05
2.600510685496965191e-05
2.593988753780131310e-05
2.587502665537838004e-05
2.581104956581420194e-05
2.574725183390641592e-05
2.568418792768079216e-05
2.562151045654239930e-05
2.555953256717180021e-05
2.549834778047668768e-05
2.543740827363651097e-05
2.537641301381252432e-05
2.531568839388816515e-05
2.525542057127376172e-05
2.519567882719797656e-05
2.513630653565410329e-05
2.507725089762467800e-05
2.501860965497596759e-05
2.496036285855556856e-05
2.490258005495615121e-05
2.484533627751675123e-05
2.478840737391187001e-05
2.473177203153957944e-05
2.467569775932776781e-05
2.461994762987758568e-05
2.456482388340439828e-05
2.451048615588562638e-05
2.445651001572722604e-05
2.440300231055865220e-05
2.435029379465123765e-05
2.429793443244434616e-05
2.424572652477732963e-05
2.419396401776802781e-05
2.414225561147352285e-05
2.409062561613062854e-05
2.403976009196881846e-05
2.398947258848217236e-05
2.393929475969476672e-05
2.388900078848387286e-05
2.383944828195003988e-05
2.379087777400262029e-05
2.374233570342401719e-05
2.369426258520683739e-05
2.364633476978971624e-05
2.359785968759276872e-05
2.355021155005120571e-05
2.350262931846746131e-05
2.345552056584200760e-05
2.340932754352482344e-05
2.336266447585162126e-05
2.331639765589700592e-05
2.326983036718118723e-05
2.322339732215013372e-05
2.317800915798181105e-05
2.313359439661562386e-05
2.308957089490187712e-05
2.304539502157476022e-05
2.300143848206565454e-05
2.295727613218139445e-05
2.291363932070596279e-05
2.287043814704228475e-05
2.282716885024580730e-05
2.278375338761177196e-05
2.274047165352701774e-05
2.269742646994257819e-05
2.265469238591149716e-05
2.261287961795739035e-05
2.257114741831967917e-05
2.252952838333281891e-05
2.248802065330523335e-05
2.244721811219266150e-05
2.240662184891733537e-05
2.236639935336010287e-05
2.232653796296904200e-05
2.228642126548395242e-05
2.224675879330039271e-05
2.220723735546069767e-05
2.216810092004010483e-05
2.212943501955649082e-05
2.209131828037736754e-05
2.205278938719922442e-05
2.201400262067181003e-05
2.197528477731918028e-05
2.193731156759340094e-05
2.190048941382366016e-05
2.186365557518029338e-05
2.182625611306265341e-05
2.178932369545333287e-05
2.175320293338692539e-05
2.171668780248975060e-05
2.167990804209594924e-05
2.164360037062893979e-05
2.160745912676092058e-05
2.157154767427745410e-05
2.153583318909657333e-05
2.150077486381739444e-05
2.146635844068543178e-05
2.143192947405910567e-05
2.139819103945695284e-05
2.136477811095319031e-05
2.133171599014084636e-05
2.129820490604606787e-05
2.126492334472558735e-05
2.123186005710048967e-05
2.119867791307542302e-05
2.116602835836965538e-05
2.113320923690851949e-05
2.109988226202545633e-05
2.106636428152272345e-05
2.103356740081801783e-05
2.100073946673029928e-05
2.096797029999039049e-05
2.093483954927179432e-05
2.090195108191195532e-05
2.086914908275109775e-05
2.083657613869351093e-05
2.080500947034008173e-05
2.077337991712419104e-05
2.074187777103685221e-05
2.071040119099791009e-05
2.067863415656894305e-05
2.064704762550955482e-05
2.061549552578822344e-05
2.058385738685506174e-05
2.055238775513901472e-05
2.052113290085389840e-05
2.049002410971767621e-05
2.045908508143304041e-05
2.042816096793044695e-05
2.039737678873500672e-05
2.036673363033018571e-05
2.033617301937983230e-05
2.030561038689210549e-05
2.027513123478063962e-05
2.024480227462965561e-05
2.021478893595708050e-05
2.018489916836245981e-05
2.015511926507539128e-05
2.012528847416448930e-05
2.009573699751444206e-05
2.006610416516558542e-05
2.003674510427080329e-05
2.000776084018745637e-05
1.997871174829872362e-05
1.994982342598294504e-05
1.992109780109989199e-05
1.989239854807546443e-05
1.986382853522173644e-05
1.983535485474134080e-05
1.980697175998184925e-05
1.977853908097010251e-05
1.975014105517076393e-05
1.972183103649047034e-05
1.969369103198739582e-05
1.966564552443992751e-05
1.963775113506658582e-05
1.961023130567738436e-05
1.958291250671197312e-05
1.955590782185492277e-05
1.952915001493357969e-05
1.950259106789172087e-05
1.947586237691483206e-05
1.944940080322698887e-05
1.942283188948526744e-05
1.939651064914168374e-05
1.937024621734847009e-05
1.934396626333645495e-05
1.931796000923422879e-05
1.929207274075167580e-05
1.926652742148415339e-05
1.924076148135310009e-05
1.921488743809204961e-05
1.918909291723447591e-05
1.916323906933573837e-05
1.913751976037337196e-05
1.911189367237121965e-05
1.908665890096477490e-05
1.906166312171008584e-05
1.903657408892907657e-05
1.901148010298552964e-05
1.898654297796796784e-05
1.896183977615683043e-05
1.893715259788316020e-05
1.891277243029009750e-05
1.888834747980855735e-05
1.886422469861876537e-05
1.884011185073093675e-05
1.881634595519430565e-05
1.879283477838139822e-05
1.876914111754917082e-05
1.874557533932432314e-05
1.872210550522315404e-05
1.869896161382412114e-05
1.867627755549585163e-05
1.865408008830163312e-05
1.863218926667645228e-05
1.860991923883744117e-05
1.858799364289331755e-05
1.856645694584123672e-05
1.854438829504549441e-05
1.852222001618796684e-05
1.850009033863043859e-05
1.847798414916119878e-05
1.845597261626373786e-05
1.843378520074319529e-05
1.841132738041524437e-05
1.838914214259909584e-05
1.836725536028954991e-05
1.834567281797527493e-05
1.832390269018933159e-05
1.830197398114889973e-05
1.828011325687962119e-05
1.825834517036577372e-05
1.823655277410833977e-05
1.821489737644134619e-05
1.819347131947652316e-05
1.817204653219828920e-05
1.815097608160498089e-05
1.812992073706511480e-05
1.810902649040111915e-05
1.808818023730288975e-05
1.806718007855421572e-05
1.804625041576809767e-05
1.802554510936709358e-05
1.800494627255384722e-05
1.798454711166853329e-05
1.796396978933497852e-05
1.794332630790567096e-05
1.792271977451549779e-05
1.790231780494168411e-05
1.788202180749378810e-05
1.786162955549604279e-05
1.784134113192575787e-05
1.782108861445807111e-05
1.780083011257969057e-05
1.778056515482036843e-05
1.776051206596100342e-05
1.774057886537309844e-05
1.772061508708446231e-05
1.770053727922869593e-05
1.768075011235901032e-05
1.766108720735051838e-05
1.764146942892796615e-05
1.762169424268512542e-05
1.760196235991272345e-05
1.758240400654879850e-05
1.756302443724978477e-05
1.754385947788591021e-05
1.752471613249801194e-05
1.750551751770317992e-05
1.748630985495573453e-05
1.746704271383205830e-05
1.744790716117235372e-05
1.742893596198293897e-05
1.740992643022271324e-05
1.739097063224338412e-05
1.737199437471148819e-05
1.735309593998465348e-05
1.733415730231687026e-05
1.731542544248535498e-05
1.729663038239222285e-05
1.727788079254156405e-05
1.725918358808738165e-05
1.724050686069255472e-05
1.722190264391475892e-05
1.720349050257383112e-05
1.718508293464835474e-05
1.716679970463308205e-05
1.714854510475211056e-05
1.713039721251518235e-05
1.711234968760213198e-05
1.709439094538458837e-05
1.707647041824997123e-05
1.705870107614455118e-05
1.704088530792493704e-05
1.702308681609733694e-05
1.700524274506777088e-05
1.698761027152117544e-05
1.697000094022984299e-05
1.695259146815342570e-05
1.693517693021962043e-05
1.691803355762392375e-05
1.690090274433679051e-05
1.688363007643520368e-05
1.686646851148730739e-05
1.684928760459961135e-05
1.683213106045285915e-05
1.681509683244370264e-05
1.679803691714279866e-05
1.678098755078307082e-05
1.676405909540098084e-05
1.674714098962490667e-05
1.673020717890719931e-05
1.671327153510804869e-05
1.669631295217138028e-05
1.667941808513179598e-05
1.666255840770267051e-05
1.664577583898272991e-05
1.662909019189882673e-05
1.661240062700870265e-05
1.659577063197071529e-05
1.657916117849451309e-05
1.656257724916598330e-05
1.654600973842601863e-05
1.652950124086144282e-05
1.651303021598799886e-05
1.649664745483592595e-05
1.648027566843367222e-05
1.646395074438104146e-05
1.644768205131832037e-05
1.643146464370524799e-05
1.641528531885043260e-05
1.639915833933934110e-05
1.638307294392890768e-05
1.636705559696663721e-05
1.635108291938804740e-05
1.633513848712724473e-05
1.631924360330936973e-05
1.630341238032024289e-05
1.628763500236513837e-05
1.627191553145580338e-05
1.625626630038344233e-05
1.624068355430482392e-05
1.622509940025163510e-05
1.620959022115211080e-05
1.619418350322218762e-05
1.617884760766708801e-05
1.616354226264378539e-05
1.614823134011290399e-05
1.613302562285623970e-05
1.611785716775643307e-05
1.610271470565998635e-05
1.608764959420709621e-05
1.607265028219767900e-05
1.605768087904946016e-05
1.604276308574799169e-05
1.602788459521983260e-05
1.601303943373170861e-05
1.599826043067360679e-05
1.598347737029846499e-05
1.596876966282415603e-05
1.595402846708159054e-05
1.593931459582551631e-05
1.592464030656802311e-05
1.591000974237623944e-05
1.589538427991480377e-05
1.588088987461325712e-05
1.586641620325072075e-05
1.585190640614442034e-05
1.583744324729332502e-05
1.582303276889458985e-05
1.580864358131411809e-05
1.579430187570660997e-05
1.578003250547900239e-05
1.576586277217931789e-05
1.575184800808980686e-05
1.573785345956573708e-05
1.572390046463221556e-05
1.570995604599051445e-05
1.569608436326817537e-05
1.568222325265354651e-05
1.566846366078556026e-05
1.565462118926947305e-05
1.564080928091073070e-05
1.562701346380874354e-05
1.561335834505226815e-05
1.559977746460176917e-05
1.558627867851708409e-05
1.557284419944292468e-05
1.555955639329776910e-05
1.554629628037855065e-05
1.553318014467455646e-05
1.552013057459188038e-05
1.550702135963245919e-05
1.549399800855706116e-05
1.548098505872182146e-05
1.546800492604897401e-05
1.545516353032893371e-05
1.544247890279274308e-05
1.542983047394005491e-05
1.541729559891166589e-05
1.540484399326298690e-05
1.539239245210003749e-05
1.538015931430285424e-05
1.536802294474806337e-05
1.535610055668581815e-05
1.534456468496465175e-05
1.533302823509029839e-05
1.532175816645453870e-05
1.531015511188117502e-05
1.529832851173695965e-05
1.528656659851357943e-05
1.527486270103218998e-05
1.526336183530331656e-05
1.525192717350239285e-05
1.524037220658986781e-05
1.522874727676870057e-05
1.521711857453622374e-05
1.520540805702958690e-05
1.519351940098542072e-05
1.518165204086656588e-05
1.516983583701716119e-05
1.515799706339369711e-05
1.514613199490271641e-05
1.513419583423251712e-05
1.512222537911341144e-05
1.511038678829131764e-05
1.509852626919904496e-05
1.508655375392346238e-05
1.507447021122136601e-05
1.506233470729297810e-05
1.505014555305204984e-05
1.503800178880786528e-05
1.502584966711347621e-05
1.501370212003133513e-05
1.500155245745293931e-05
1.498945263881746276e-05
1.497744575702190154e-05
1.496544105461515594e-05
1.495346251887121727e-05
1.494156202692311039e-05
1.492969358966621757e-05
1.491783960021913865e-05
1.490603995555427917e-05
1.489437129522119738e-05
1.488275386534130248e-05
1.487125547000776207e-05
1.485986765163391807e-05
1.484841250503117668e-05
1.483699067636561843e-05
1.482571817968851769e-05
1.481445701369792468e-05
1.480325618464135692e-05
1.479196866198941721e-05
1.478077207548156664e-05
1.476970268234881114e-05
1.475869596314379285e-05
1.474771974183945093e-05
1.473689340247086295e-05
1.472606393441541901e-05
1.471530529798327016e-05
1.470463131413513445e-05
1.469400561874392627e-05
1.468323215501283101e-05
1.467253301218048030e-05
1.466181074226407709e-05
1.465096667788066198e-05
1.464029714698609951e-05
1.462951602391010690e-05
1.461874759519866424e-05
1.460799180772618016e-05
1.459723804400046176e-05
1.458648436447827678e-05
1.457589178944355752e-05
1.456531974700317539e-05
1.455467764958659603e-05
1.454407292519083753e-05
1.453370727377114884e-05
1.452334033385346025e-05
1.451299844592159046e-05
1.450278236231870933e-05
1.449259572446418687e-05
1.448248969576446781e-05
1.447252821495702017e-05
1.446263565548544865e-05
1.445294811357046025e-05
1.444338903359317547e-05
1.443409515795273304e-05
1.442472927088913283e-05
1.441536271826418338e-05
1.440578738169454675e-05
1.439605550200960689e-05
1.438652382199919155e-05
1.437711597153284087e-05
1.436788129632499979e-05
1.435882800959784932e-05
1.434962350055894341e-05
1.434067121343759866e-05
1.433180753326720655e-05
1.432305828117115560e-05
1.431432724362663512e-05
1.430558163812706720e-05
1.429693702882584223e-05
1.428818113588972735e-05
1.427923390241602951e-05
1.427027511082211759e-05
1.426134472001738255e-05
1.425255328473124616e-05
1.424382273665846837e-05
1.423503979353360949e-05
1.422637944949504264e-05
1.421788634176732478e-05
1.420962150784826587e-05
1.420143996657377802e-05
1.419313530057229637e-05
1.418498539256948744e-05
1.417672551049278062e-05
1.416831205576166023e-05
1.415989001518607836e-05
1.415122833414426644e-05
1.414244735322894500e-05
1.413374305290079306e-05
1.412489789733151468e-05
1.411618788875035997e-05
1.410746762935178996e-05
1.409870057134784749e-05
1.409002085727316764e-05
1.408149392855109804e-05
1.407294269962563163e-05
1.406441214911628269e-05
1.405600330951493146e-05
1.404767219688406833e-05
1.403958824714080784e-05
1.403143579111659912e-05
1.402307360239486918e-05
1.401484282570757307e-05
1.400650729238481580e-05
1.399828714544828852e-05
1.399007430517348798e-05
1.398183175309661766e-05
1.397363667815166526e-05
1.396552044479029910e-05
1.395739286746567504e-05
1.394925842360883972e-05
1.394114907056314534e-05
1.393290913330080515e-05
1.392476019020391288e-05
1.391674415105704921e-05
1.390867915470772049e-05
1.390081192196736955e-05
1.389306243403402437e-05
1.388545394935779265e-05
1.387814093538171211e-05
1.387061285087358621e-05
1.386318434009814236e-05
1.385589000467119180e-05
1.384845828916315151e-05
1.384108464937370589e-05
1.383350742802341881e-05
1.382606069407632232e-05
1.381853563708978583e-05
1.381069189833429406e-05
1.380298575635997653e-05
1.379535987214672665e-05
1.378777823782855416e-05
1.378025430526778582e-05
1.377264375947242086e-05
1.376511517555043528e-05
1.375779624311179802e-05
1.375032172281830848e-05
1.374278454553807271e-05
1.373542236789324723e-05
1.372815454770286507e-05
1.372091195739710118e-05
1.371341084896470979e-05
1.370589497243324497e-05
1.369838482883021979e-05
1.369090550392085253e-05
1.368341601030081400e-05
1.367577531691295946e-05
1.366819822735577786e-05
1.366060855275846614e-05
1.365294062139680110e-05
1.364539081347197805e-05
1.363770128230100172e-05
1.363005958416848765e-05
1.362245450532519379e-05
1.361494649658667024e-05
1.360742457637068760e-05
1.359982539983285629e-05
1.359209151580621410e-05
1.358449816763192632e-05
1.357683123195728071e-05
1.356930617373932264e-05
1.356176318636651834e-05
1.355444535718947903e-05
1.354724449335441299e-05
1.354012487931689652e-05
1.353282159243848506e-05
1.352543753951625053e-05
1.351799938885645355e-05
1.351070496103198458e-05
1.350350472256823327e-05
1.349618333588271575e-05
1.348915259586992448e-05
1.348223189632495989e-05
1.347516321544345842e-05
1.346778965052329566e-05
1.346031333426142824e-05
1.345279202931855550e-05
1.344529117072772390e-05
1.343792566682946660e-05
1.343056829306249056e-05
1.342325058503648391e-05
1.341581499379164040e-05
1.340848108863741224e-05
1.340116878031356011e-05
1.339383878766423622e-05
1.338635806564092621e-05
1.337898503944018585e-05
1.337150602791535521e-05
1.336406718629269208e-05
1.335680060941853396e-05
1.334956383410829226e-05
1.334239761418538879e-05
1.333524137227780687e-05
1.332808736336437952e-05
1.332105199562950373e-05
1.331415024445778983e-05
1.330732553013517599e-05
1.330056879317578724e-05
1.329370392998156343e-05
1.328692514270195795e-05
1.328044122598382441e-05
1.327382786556697044e-05
1.326731985317747112e-05
1.326098538578083011e-05
1.325487115433279258e-05
1.324890027238356917e-05
1.324288287420111294e-05
1.323703348343396725e-05
1.323094128682631947e-05
1.322483103072121140e-05
1.321880950211774893e-05
1.321278033381599307e-05
1.320682188278771511e-05
1.320088725343198884e-05
1.319526350602848664e-05
1.318961016590551996e-05
1.318396705091915273e-05
1.317831303085220042e-05
1.317270806827413728e-05
1.316705019920544189e-05
1.316142758634554689e-05
1.315576206740265494e-05
1.315022236404023081e-05
1.314445115758475243e-05
1.313854794234280368e-05
1.313257858510685319e-05
1.312645224151145913e-05
1.312038886879385161e-05
1.311417421520010042e-05
1.310784836570809085e-05
1.310156715182419272e-05
1.309539162496008910e-05
1.308924516995215802e-05
1.308305222275930643e-05
1.307676857401877070e-05
1.307050563598922506e-05
1.306425112114153459e-05
1.305788982809685219e-05
1.305157468357074294e-05
1.304531929238250944e-05
1.303913566133764247e-05
1.303289537636808530e-05
1.302671863422723668e-05
1.302055113609359470e-05
1.301445590834406585e-05
1.300844232469651143e-05
1.300261794580916211e-05
1.299678198003463018e-05
1.299079989077528377e-05
1.298479311515082129e-05
1.297876607080152790e-05
1.297277105621459977e-05
1.296688820935958179e-05
1.296100705013186612e-05
1.295516440642759485e-05
1.294922009281688035e-05
1.294327219129534244e-05
1.293714030250589218e-05
1.293091914200352061e-05
1.292477331030880562e-05
1.291870124388352147e-05
1.291263520461561429e-05
1.290668602377243162e-05
1.290062214746006739e-05
1.289470033530965282e-05
1.288885791550609994e-05
1.288290873761217588e-05
1.287697834653934117e-05
1.287112653303104450e-05
1.286533052688736894e-05
1.285948557878193451e-05
1.285365381564522494e-05
1.284781913687235839e-05
1.284182214351410493e-05
1.283587807551825413e-05
1.282991686376352106e-05
1.282409752952131871e-05
1.281832266905173224e-05
1.281254469648046935e-05
1.280671975577016419e-05
1.280087782884022635e-05
1.279504877139590859e-05
1.278914306989167194e-05
1.278339842712215378e-05
1.277761143407625842e-05
1.277179171578344445e-05
1.276607282177294047e-05
1.276034638388372371e-05
1.275449650347182715e-05
1.274870611622384557e-05
1.274295026497286457e-05
1.273727565204202320e-05
1.273172672824132475e-05
1.272620809197226427e-05
1.272081215029895060e-05
1.271548063052622419e-05
1.271007373798183781e-05
1.270481236480750727e-05
1.269921729244934160e-05
1.269363674713921272e-05
1.268811148433185338e-05
1.268274159965921308e-05
1.267738488847571422e-05
1.267197052426107947e-05
1.266634664536019978e-05
1.266074229103139523e-05
1.265483773886444524e-05
1.264887133660950493e-05
1.264290083908381632e-05
1.263697875185493744e-05
1.263114043601352098e-05
1.262528063317180836e-05
1.261953413301795041e-05
1.261383460523739824e-05
1.260816069750066581e-05
1.260255627428814350e-05
1.259696126543198028e-05
1.259137231891787879e-05
1.258576789922145970e-05
1.257994155021573991e-05
1.257413752602058247e-05
1.256832922162223255e-05
1.256255039980089503e-05
1.255668053269444641e-05
1.255073221577409709e-05
1.254486112662514141e-05
1.253879364502214890e-05
1.253273802954831246e-05
1.252671827619598445e-05
1.252065826286726500e-05
1.251457973938336360e-05
1.250851112320650110e-05
1.250254158707209301e-05
1.249650137933590165e-05
1.249047201341376470e-05
1.248455711265149215e-05
1.247872212336655218e-05
1.247287428060340036e-05
1.246704614213695687e-05
1.246129018159123607e-05
1.245556672525708224e-05
1.244990882974921902e-05
1.244424700893247788e-05
1.243867925937372222e-05
1.243314591499267679e-05
1.242759170977951820e-05
1.242205593386302256e-05
1.241640487562880109e-05
1.241080235241149019e-05
1.240527123083756108e-05
1.239969332390056593e-05
1.239419596452198409e-05
1.238868927461364691e-05
1.238297806153635376e-05
1.237737296930322335e-05
1.237172650993861329e-05
1.236610962448420155e-05
1.236051024018499999e-05
1.235496262461805900e-05
1.234938291751273239e-05
1.234373588059595269e-05
1.233808979680754207e-05
1.233249106637820918e-05
1.232686495833419667e-05
1.232123231110975586e-05
1.231562332260427075e-05
1.231011391998065947e-05
1.230468397273255644e-05
1.229926316221792222e-05
1.229382369887812851e-05
1.228848264643546398e-05
1.228315100369318785e-05
1.227777768107664487e-05
1.227243853228493853e-05
1.226713506727234828e-05
1.226186587628076576e-05
1.225650054004535622e-05
1.225114016020923947e-05
1.224573517535486248e-05
1.224024531835253722e-05
1.223476908488349118e-05
1.222933762819842220e-05
1.222405195143248684e-05
1.221882762721676861e-05
1.221366875675868001e-05
1.220847680590128256e-05
1.220323314150776761e-05
1.219795719136227617e-05
1.219269780566199409e-05
1.218738071990422506e-05
1.218215276513817192e-05
