1.170889749999991410e-05
8.325954900285055253e-06
6.842314733520777548e-06
6.387069638671854240e-06
5.998508102663160089e-06
5.550566462515713841e-06
5.151108039444667469e-06
4.886743930237733407e-06
4.607902068079181327e-06
4.372096165488178538e-06
4.172258964543106157e-06
4.074368313269077005e-06
3.926903384645110495e-06
3.831887182982823325e-06
3.762946191398675071e-06
3.693659663775642255e-06
3.662609794992759506e-06
3.574897530412662173e-06
3.480170769092929994e-06
3.396505375149317214e-06
3.373527142220324244e-06
3.335341957740410675e-06
3.307690359708867024e-06
3.303834742634233344e-06
3.302432060101015211e-06
3.295010902371682880e-06
3.270762238608234149e-06
3.225840313539761697e-06
3.180931790363586587e-06
3.133525429459868127e-06
3.089965392061557154e-06
3.044298020547789158e-06
2.998073462878717290e-06
2.955108104094387900e-06
2.918274397873258206e-06
2.887517332799348454e-06
2.853707569432093659e-06
2.826401465502262027e-06
2.796244227139753698e-06
2.768037950947315538e-06
2.751656034032145559e-06
2.732529764943016248e-06
2.705415351229249320e-06
2.685052523862193321e-06
2.665282149076928023e-06
2.639847273968459327e-06
2.619164636542283507e-06
2.596605694754377660e-06
2.581364424019404766e-06
2.559646287845708087e-06
2.541755588339455866e-06
2.525733067598910322e-06
2.502819486258640825e-06
2.480085195501684018e-06
2.458408667780906605e-06
2.436713689524555541e-06
2.415599503974635286e-06
2.395026047798653053e-06
2.374800769190264611e-06
2.356625634188246341e-06
2.338280153054660754e-06
2.320589815381685189e-06
2.302342503977112732e-06
2.284603752028145384e-06
2.267777127724374797e-06
2.251812134823492582e-06
2.236022017696362718e-06
2.219520007663743419e-06
2.203585268191599158e-06
2.187790400497832550e-06
2.172401435319214916e-06
2.157822974501582018e-06
2.143156688096599116e-06
2.128733016719496003e-06
2.114960384803786354e-06
2.101385663780755256e-06
2.089435751099565804e-06
2.077562025921309707e-06
2.065869016680744114e-06
2.055199635351397421e-06
2.044717151415490992e-06
2.036780823329413362e-06
2.027940809007748455e-06
2.018804405322583859e-06
2.008581356875607020e-06
1.998546680574726611e-06
1.987170158396251929e-06
1.976835334746440506e-06
1.966693793561886067e-06
1.956913028749496776e-06
1.948509646531284166e-06
1.939107728325698430e-06
1.930852942161118994e-06
1.922326798529740136e-06
1.913715081943604825e-06
1.905874775453287474e-06
1.897007896623193329e-06
1.889742460041833008e-06
1.882075474178524392e-06
1.875183163057858570e-06
1.867816752755618322e-06
1.861018500348493954e-06
1.854962619112735062e-06
1.848656202436341954e-06
1.842290049828631296e-06
1.835894547285782022e-06
1.830013137532906925e-06
1.823743648183820915e-06
1.817741906648608652e-06
1.813160339494184092e-06
1.808366950940386659e-06
1.804313803519997993e-06
1.799655080109730792e-06
1.794908367668772033e-06
1.789889528961032283e-06
1.786219278822581215e-06
1.782057053620067095e-06
1.778257506327315126e-06
1.773192715855824898e-06
1.768452493172252859e-06
1.762772170537310624e-06
1.756879306922574274e-06
1.750714006000989557e-06
1.744995638965751260e-06
1.739284408429087829e-06
1.733700154104773472e-06
1.728173623649005283e-06
1.722797042961594694e-06
1.717233134180201566e-06
1.711453943386248664e-06
1.706618369623403892e-06
1.702276902451890230e-06
1.698442031959049047e-06
1.695049979843677219e-06
1.691466137814808116e-06
1.687191238505438853e-06
1.682886364937919472e-06
1.678233826024196947e-06
1.673714578484285483e-06
1.669216238367498240e-06
1.665261030810851566e-06
1.661292607980523066e-06
1.656914842301653652e-06
1.652502893505476936e-06
1.647835036695253070e-06
1.643066476131455632e-06
1.637862735654109598e-06
1.632632520187157923e-06
1.627409835270237255e-06
1.622219294813174721e-06
1.617048782645056955e-06
1.611923472867364695e-06
1.606767149834958455e-06
1.601672119245049840e-06
1.596628277139110412e-06
1.591547677220590433e-06
1.586479279174506662e-06
1.581507314356614717e-06
1.576616141762803008e-06
1.571806641613362797e-06
1.567108330250211983e-06
1.562723957553992225e-06
1.558556144229393399e-06
1.554358997661580713e-06
1.550091205236617975e-06
1.545783330497832575e-06
1.541707634055432535e-06
1.537954737042699098e-06
1.534023532568448756e-06
1.530353643125017267e-06
1.526443933222278308e-06
1.522553574201811720e-06
1.518581148649288201e-06
1.514580242035047449e-06
1.510602285598612072e-06
1.506823248055227785e-06
1.502850903590509159e-06
1.499110238305422556e-06
1.496017418983727789e-06
1.493247218712630551e-06
1.490629833058448110e-06
1.488011982618807369e-06
1.485031812465270922e-06
1.482144045514371522e-06
1.479810471157383568e-06
1.477557696075454023e-06
1.475057958138740217e-06
1.473032154952549834e-06
1.470569104224556373e-06
1.467937536436979384e-06
1.465386681589705025e-06
1.462569072236198759e-06
1.460008995152360809e-06
1.457499877385507457e-06
1.454891765979103724e-06
1.452216334075065124e-06
1.449882466002950860e-06
1.447568006800290815e-06
1.445123799110990515e-06
1.442678686121168430e-06
1.440122080899345314e-06
1.437673759335021448e-06
1.435446094490440730e-06
1.433146860271937423e-06
1.431068016313450649e-06
1.428840644356377077e-06
1.426465804833508650e-06
1.424160532848512965e-06
1.421816440125068662e-06
1.419404257629367081e-06
1.417003471593498980e-06
1.414580077754633107e-06
1.412296103970453866e-06
1.410014348913570357e-06
1.407757310628884731e-06
1.405238885380855905e-06
1.402811671453344130e-06
1.400674951960333843e-06
1.398298579173671243e-06
1.395962520695149190e-06
1.393283158314740887e-06
1.390596270955808383e-06
1.387979480462840175e-06
1.385291792466989779e-06
1.382598971852805773e-06
1.379812496651872447e-06
1.377091392501183067e-06
1.374331091709024320e-06
1.371494989566166404e-06
1.368574812124398876e-06
1.365728572363592700e-06
1.362843740363360148e-06
1.360090584040719043e-06
1.357285497684666601e-06
1.354458628342438023e-06
1.351660629271581553e-06
1.348839853647898409e-06
1.346073058618729203e-06
1.343339885682602534e-06
1.340638875283917623e-06
1.337919559033470130e-06
1.335206505801688022e-06
1.332529460805279604e-06
1.329880633026177038e-06
1.327219696241688839e-06
1.324600549473637076e-06
1.322083211774934130e-06
1.319481929692781276e-06
1.316942041619974520e-06
1.314429673728473775e-06
1.311882611429566632e-06
1.309393774592864386e-06
1.306879115028097227e-06
1.304372130024629042e-06
1.301906083595844607e-06
1.299405356518305127e-06
1.296926334815750588e-06
1.294450222883445529e-06
1.291986611374246584e-06
1.289555605678506537e-06
1.287126361921618586e-06
1.284716208384771798e-06
1.282295519135204390e-06
1.279866933156158601e-06
1.277465236840832607e-06
1.275068123331825120e-06
1.272683857224723029e-06
1.270310997618542965e-06
1.267947729543853163e-06
1.265625975009201844e-06
1.263302843296712550e-06
1.260995450819159304e-06
1.258701012809007501e-06
1.256416749364873454e-06
1.254187218432473214e-06
1.251920220791940343e-06
1.249665750100954185e-06
1.247462572041314761e-06
1.245250267023645003e-06
1.243078335610075778e-06
1.240890784446738174e-06
1.238712138548099859e-06
1.236538017750677960e-06
1.234415480114955103e-06
1.232290913636586349e-06
1.230182023695154859e-06
1.228076734007320516e-06
1.225975928900135477e-06
1.223895741868869830e-06
1.221803261728391126e-06
1.219720854725237438e-06
1.217742249893149077e-06
1.215761831896550705e-06
1.213840628964221567e-06
1.211940983140082842e-06
1.210057893726348438e-06
1.208149068645465823e-06
1.206224013230682180e-06
1.204356280800424190e-06
1.202529495837829382e-06
1.200726351376142745e-06
1.198952303544970161e-06
1.197197391091915898e-06
1.195456351433337805e-06
1.193733483037185717e-06
1.191975507167870460e-06
1.190268648358314891e-06
1.188542752607043107e-06
1.186783569015317975e-06
1.185071382009852946e-06
1.183344985496080289e-06
1.181647016002026657e-06
1.180047650749975446e-06
1.178388014707061336e-06
1.176659802379281633e-06
1.175075551513542225e-06
1.173543603465261386e-06
1.172126877822723474e-06
1.170716052979129710e-06
1.169237044177355865e-06
1.167864491751168209e-06
1.166561622052138788e-06
1.165202240647827690e-06
1.163918834588725500e-06
1.162591535088587781e-06
1.161091674969348383e-06
1.159523555308984359e-06
1.157975243783833330e-06
1.156387983203295302e-06
1.154911880734608011e-06
1.153377565210864065e-06
1.151866936354557251e-06
1.150454898724088776e-06
1.149021108185780845e-06
1.147572182500217344e-06
1.146154386575474454e-06
1.144830505378712501e-06
1.143508697431218371e-06
1.142213979178520707e-06
1.140930560688589776e-06
1.139654438090745150e-06
1.138453433044513850e-06
1.137269720076293272e-06
1.136117543849125561e-06
1.134896975586625442e-06
1.133736723566288705e-06
1.132538095111805358e-06
1.131332745015445816e-06
1.130050991778330296e-06
1.128743843513964768e-06
1.127484606721777806e-06
1.126192179186609423e-06
1.124967147045330842e-06
1.123727466555311873e-06
1.122634709253393371e-06
1.121529170843870462e-06
1.120305294683467742e-06
1.119128979386269674e-06
1.118005395886446781e-06
1.116995758191852037e-06
1.116004666277598504e-06
1.114991597317386663e-06
1.113968286823296323e-06
1.113044029914440594e-06
1.112063916551308636e-06
1.111097450999214808e-06
1.110006504491727450e-06
1.108944862019264690e-06
1.107888567997777435e-06
1.106910346137467930e-06
1.105902270629053305e-06
1.104959053729412703e-06
1.104033836831594143e-06
1.103135487938518810e-06
1.102168337698562714e-06
1.101220935279490552e-06
1.100345678576043783e-06
1.099371781407838773e-06
1.098374666690961349e-06
1.097281889886440215e-06
1.096232806151563818e-06
1.095273799421576401e-06
1.094299511653093608e-06
1.093305212087177726e-06
1.092249084650335025e-06
1.091229458031185798e-06
1.090199363541800046e-06
1.089118499447130226e-06
1.088055546054744910e-06
1.086969547033057892e-06
1.085932927112180581e-06
1.084841320045988531e-06
1.083788616896603963e-06
1.082685099927752936e-06
1.081602723974735633e-06
1.080553164356589873e-06
1.079618057714699476e-06
1.078641911241502248e-06
1.077730353846491865e-06
1.076736863318672848e-06
1.075865933419081544e-06
1.074994840616617752e-06
1.074147339360745511e-06
1.073349172798683063e-06
1.072533237896616428e-06
1.071807119522188975e-06
1.070992102354341766e-06
1.070275484483241351e-06
1.069584647861764751e-06
1.068949798452534825e-06
1.068335677331477805e-06
1.067632005180919573e-06
1.066979756803996213e-06
1.066252636116787621e-06
1.065533698137776745e-06
1.064924734738772081e-06
1.064324351417068486e-06
1.063675879217024174e-06
1.063134572102293713e-06
1.062670845602473592e-06
1.062184530663683740e-06
1.061625495670766848e-06
1.061051606609746717e-06
1.060454713911202039e-06
1.059857738590603056e-06
1.059237779429526693e-06
1.058671122535955210e-06
1.058077653722396726e-06
1.057499585602500375e-06
1.056965070557848413e-06
1.056393917298383257e-06
1.055848846450466591e-06
1.055313693480597277e-06
1.054762424166431077e-06
1.054246716438815430e-06
1.053647873240928439e-06
1.053057912943961181e-06
1.052418300332376546e-06
1.051796196853843939e-06
1.051097699872796513e-06
1.050365963052879230e-06
1.049665162009529678e-06
1.048931800809426777e-06
1.048299669345884158e-06
1.047546189438934458e-06
1.046797438475180931e-06
1.046029901385544584e-06
1.045231348214343556e-06
1.044390814886110427e-06
1.043527381393764180e-06
1.042662956409719653e-06
1.041806908193037952e-06
1.040919260100578223e-06
1.039960332731693837e-06
1.039015273086177080e-06
1.038151819609354122e-06
1.037321353693055974e-06
1.036445376310867446e-06
1.035592057514299104e-06
1.034724032735832085e-06
1.033850652370913708e-06
1.033008996618668121e-06
1.032140742425067624e-06
1.031356177517804099e-06
1.030502915233065783e-06
1.029743792562310339e-06
1.028956405266560586e-06
1.028212203470222364e-06
1.027504244769171189e-06
1.026771007964019237e-06
1.026007181985083547e-06
1.025226409432587058e-06
1.024466028189103605e-06
1.023637533313292841e-06
1.022828128811846504e-06
1.021962362728689705e-06
1.021169035665590732e-06
1.020397264091723113e-06
1.019617546899995018e-06
1.018796431923723272e-06
1.017983702164606238e-06
1.017175174746418903e-06
1.016430733944439951e-06
1.015646494102075047e-06
1.014863168382931976e-06
1.014119394244265247e-06
1.013344269285454200e-06
1.012597740672785044e-06
1.011899788057102382e-06
1.011184301599430675e-06
1.010479832294864457e-06
1.009786647607370273e-06
1.009125172031148836e-06
1.008471998145027100e-06
1.007827534254739065e-06
1.007223623637021401e-06
1.006564300917179467e-06
1.005888632848123744e-06
1.005263671002798563e-06
1.004669067713849523e-06
1.004084813579768129e-06
1.003491463914217332e-06
1.002870424915497174e-06
1.002210303970754298e-06
1.001574380066347132e-06
1.000966338276964845e-06
1.000385428519734399e-06
9.997660483813895241e-07
9.990930684585062865e-07
9.984036237071509155e-07
9.977283493058727238e-07
9.970255670661043981e-07
9.963264764909847690e-07
9.955845518624866565e-07
9.948343544088993187e-07
9.940545054537174011e-07
9.932632242380468410e-07
9.924894136106597776e-07
9.917138595600903193e-07
9.909336424653048138e-07
9.901578931140685509e-07
9.893624685463987385e-07
9.885560836227460191e-07
9.877523752651831723e-07
9.869178521687621985e-07
9.860775437125757119e-07
9.852373643252237198e-07
9.843866254963409006e-07
9.835372069217832415e-07
9.826535499463586620e-07
9.817850609692732274e-07
9.809535016770425406e-07
9.801029669119193841e-07
9.792403026549404426e-07
9.784040902999848045e-07
9.775541360783226321e-07
9.767237991818591819e-07
9.758764274988090041e-07
9.750148874563213050e-07
9.741750934214675998e-07
9.733596878737579533e-07
9.725591330728474802e-07
9.717701479412636450e-07
9.709867896419581579e-07
9.701975220848453347e-07
9.694287143286798719e-07
9.686394828768053055e-07
9.679156568224354473e-07
9.671622764421827343e-07
9.663816102234256579e-07
9.655781865104489262e-07
9.647663218632885396e-07
9.639787288364699418e-07
9.632109318629968675e-07
9.624404886228195187e-07
9.616849725515903462e-07
9.609259120440274588e-07
9.601511176793127544e-07
9.593786080075116850e-07
9.586173798408551774e-07
9.578953370980278580e-07
9.571369054074910892e-07
9.563895314323591757e-07
9.556446159997279588e-07
9.549120638082259060e-07
9.541766107895479674e-07
9.534349434878977198e-07
9.526568631237185964e-07
9.518788992365818616e-07
9.511366526901210041e-07
9.503780290943514908e-07
9.496146614816804374e-07
9.488664196805138724e-07
9.481279492197232368e-07
9.473885192742472351e-07
9.466470959674452653e-07
9.459144118543965134e-07
9.451846359985080898e-07
9.444332131867446150e-07
9.436809737413794303e-07
9.429245864768662498e-07
9.421757216086528613e-07
9.414359394567116194e-07
9.406938467407273112e-07
9.399553804056157331e-07
9.392071493243029074e-07
9.384547731574406000e-07
9.377216481631760313e-07
9.369859150467874856e-07
9.362337659125826157e-07
9.354770767286876651e-07
9.347073492489327150e-07
9.339441691382954855e-07
9.331742369687406212e-07
9.324045163641524159e-07
9.316409853818867326e-07
9.308862573087191249e-07
9.301342690379719633e-07
9.293725696582835845e-07
9.286138341518521357e-07
9.278622327753623613e-07
9.271145309908925627e-07
9.263651960840054389e-07
9.256184413978991884e-07
9.248694724765519988e-07
9.241105060603860015e-07
9.233532134537578012e-07
9.225978865693110905e-07
9.218404965907218898e-07
9.210855855287670639e-07
9.203323935248651121e-07
9.195802340911446971e-07
9.188298651505540873e-07
9.180813392242574912e-07
9.173352043726980972e-07
9.165906438189440448e-07
9.158481216058669427e-07
9.151069728885161948e-07
9.143707035305191915e-07
9.136385667003488175e-07
9.129086003974496076e-07
9.121808663233125530e-07
9.114519507665078065e-07
9.107224846705337831e-07
9.099957513032671382e-07
9.092687737147594728e-07
9.085434575247209775e-07
9.078202531848114752e-07
9.071013565415790080e-07
9.063832551584419026e-07
9.056653194340856940e-07
9.049488230145288176e-07
9.042337972617159758e-07
9.035227658043648319e-07
9.028120966397910922e-07
9.021021030418313739e-07
9.013946030387898424e-07
9.006893144816227223e-07
8.999878808373881405e-07
8.992910808996970633e-07
8.985894563267783629e-07
8.978900212119320096e-07
8.971918624443088894e-07
8.964952996302955408e-07
8.958000919195461412e-07
8.951066176170572384e-07
8.944146201808563079e-07
8.937244590746606739e-07
8.930364723736657476e-07
8.923508270292830429e-07
8.916670672784625492e-07
8.909850419166056631e-07
8.903058800571277332e-07
8.896306039962885929e-07
8.889616942979406013e-07
8.882936289853263229e-07
8.876206814961999857e-07
8.869484288609813032e-07
8.862850881080994034e-07
8.856168373806966548e-07
8.849488356845856888e-07
8.842807665406570544e-07
8.836146615624602934e-07
8.829522523311664484e-07
8.822944158449351336e-07
8.816346417258451255e-07
8.809750556500081604e-07
8.803189228510623802e-07
8.796628583103021240e-07
8.790098435526048181e-07
8.783618945849325513e-07
8.777129141269926041e-07
8.770712668998036207e-07
8.764316758222244192e-07
8.757969695054241996e-07
8.751610228297106580e-07
8.745340432010895242e-07
8.738973048177048262e-07
8.732657391743459418e-07
8.726383191085200622e-07
8.720129441793189097e-07
8.713845530163986739e-07
8.707579581040746743e-07
8.701376272954874994e-07
8.695165581812401969e-07
8.688986499645050098e-07
8.682749648624048346e-07
8.676577952782922220e-07
8.670399125640340105e-07
8.664216360168722651e-07
8.658079179457605231e-07
8.652012783051284476e-07
8.645903190268082559e-07
8.639809358664261785e-07
8.633845521596480696e-07
8.627777717761417569e-07
8.621763384587227751e-07
8.615736346672359158e-07
8.609723578146472644e-07
8.603718386082841820e-07
8.597704112352777319e-07
8.591670420341372807e-07
8.585643399743134614e-07
8.579651666138977562e-07
8.573644793437026144e-07
8.567649410121376450e-07
8.561608175891710352e-07
8.555613356489537017e-07
8.549650905461566422e-07
8.543664540402613764e-07
8.537669707186108095e-07
8.531715455969538302e-07
8.525749704040412206e-07
8.519798145140033061e-07
8.513844469200243427e-07
8.507912097944664551e-07
8.501981048252110831e-07
8.496072416897387103e-07
8.490169284217179466e-07
8.484277129305800880e-07
8.478407771892509435e-07
8.472548001079689220e-07
8.466712448375172303e-07
8.460873940944796938e-07
8.455043282032131804e-07
8.449223489454269600e-07
8.443413146951029280e-07
8.437617064241301233e-07
8.431836287762629628e-07
8.426059329787921113e-07
8.420295768767781773e-07
8.414544031863567690e-07
8.408802283566181584e-07
8.403073400707600448e-07
8.397356127614081781e-07
8.391655415351124168e-07
8.385995692931310278e-07
8.380341226669162261e-07
8.374684752634874069e-07
8.369043921005224095e-07
8.363402858451128938e-07
8.357776435492546071e-07
8.352150454383538531e-07
8.346554905643210195e-07
8.340959943038255943e-07
8.335394011786364253e-07
8.329834275422120763e-07
8.324283537571344863e-07
8.318737092869815965e-07
8.313196953501000658e-07
8.307663047229830731e-07
8.302137499582304942e-07
8.296626045940614244e-07
8.291122726002229787e-07
8.285631799552053479e-07
8.280157391309393034e-07
8.274688827910906612e-07
8.269240911655231679e-07
8.263810435168596008e-07
8.258372721735187153e-07
8.252958839908759298e-07
8.247552191201513088e-07
8.242149317460239905e-07
8.236765774956196224e-07
8.231387284466612146e-07
8.226014884691343514e-07
8.220663305305858620e-07
8.215319289162213290e-07
8.209984348214568834e-07
8.204652783825581535e-07
8.199338178408304821e-07
8.194076661217296530e-07
8.188786585881269377e-07
8.183511813195073012e-07
8.178233932701087218e-07
8.172962758054318042e-07
8.167702545764698144e-07
8.162457760792949334e-07
8.157218939596730687e-07
8.151996899287940506e-07
8.146812045342770561e-07
8.141612209563637359e-07
8.136418722364371635e-07
8.131229252629199141e-07
8.126049686090830547e-07
8.120883676943606254e-07
8.115728778812322875e-07
8.110586743722903219e-07
8.105467574735568547e-07
8.100350627307299241e-07
8.095240270060431122e-07
8.090139114061455902e-07
8.085068879849895891e-07
8.080028524396793495e-07
8.074963590255627382e-07
8.069921457314992951e-07
8.064906979791057700e-07
8.059871156845357608e-07
8.054846064089785455e-07
8.049842755627389864e-07
8.044856197058566052e-07
8.039909076862654548e-07
8.034964210006592587e-07
8.029998469175259419e-07
8.025041992608120634e-07
8.020106332580854726e-07
8.015195846406048436e-07
8.010329254672657679e-07
8.005482051915017139e-07
8.000670463772501260e-07
7.995781036902649541e-07
7.990914139735557221e-07
7.986030220602685330e-07
7.981189537560297024e-07
7.976373437849790333e-07
7.971536288326856844e-07
7.966699048652412128e-07
7.961877336451196352e-07
7.957078327247715697e-07
7.952263254072684934e-07
7.947444435350474772e-07
7.942632821457982596e-07
7.937807975057245523e-07
7.932991642080388370e-07
7.928183828333289420e-07
7.923384154687104798e-07
7.918600867069346961e-07
7.913824843885179664e-07
7.909062283446469676e-07
7.904309338085792007e-07
7.899552065850675618e-07
7.894809742222824479e-07
7.890073428117483493e-07
7.885346008094718979e-07
7.880630194395281724e-07
7.875928559300692882e-07
7.871240706668693739e-07
7.866553812326133042e-07
7.861886065300280609e-07
7.857230679859653880e-07
7.852576499780565830e-07
7.847926408539858928e-07
7.843275015442056160e-07
7.838638205275007456e-07
7.834005170565311475e-07
7.829384699813428853e-07
7.824784158342810487e-07
7.820233222239683135e-07
7.815707686872845549e-07
7.811136942685343696e-07
7.806572611233777280e-07
7.802022266819881405e-07
7.797520252396805368e-07
7.793010084333214628e-07
7.788507216762532488e-07
7.784029402011478847e-07
7.779545183717133999e-07
7.775041580931658049e-07
7.770562378977141109e-07
7.766108462285546509e-07
7.761662213956227763e-07
7.757245649155073020e-07
7.752820235719931147e-07
7.748398260232613505e-07
7.743980035092919082e-07
7.739576851854209615e-07
7.735160995213609993e-07
7.730774553058580029e-07
7.726428125389403812e-07
7.722055729570350867e-07
7.717684167226753348e-07
7.713340474002228312e-07
7.708997095088781289e-07
7.704683599559112698e-07
7.700419409175367156e-07
7.696102781255575169e-07
7.691831170429974443e-07
7.687565136866037026e-07
7.683297600560092874e-07
7.679000560802471390e-07
7.674686245195842647e-07
7.670376390604672237e-07
7.666063564018203303e-07
7.661750256766493067e-07
7.657434936220339360e-07
7.653173361416838342e-07
7.648886662634286697e-07
7.644604434502912081e-07
7.640374402444405620e-07
7.636135243015960517e-07
7.631879658525454608e-07
7.627617627257056632e-07
7.623376344949385326e-07
7.619144661218190332e-07
7.614941832293278225e-07
7.610726099534037281e-07
7.606520457876320936e-07
7.602319233006469460e-07
7.598131990151327032e-07
7.593961645615842655e-07
7.589796474962327971e-07
7.585629770638005171e-07
7.581473606358015135e-07
7.577342017625214413e-07
7.573202903436778489e-07
7.569094659466640704e-07
7.565001605123808467e-07
7.560893532119358738e-07
7.556783805196275559e-07
7.552688493751476826e-07
7.548589318307027453e-07
7.544492941170902505e-07
7.540400960318510578e-07
7.536312514843732938e-07
7.532201074518068796e-07
7.528099369139588818e-07
7.523995208731192790e-07
7.519907625680431747e-07
7.515832404685405211e-07
7.511760653805256341e-07
7.507690567957024948e-07
7.503618867901188607e-07
7.499555436757206450e-07
7.495496706308777152e-07
7.491451663514542944e-07
7.487417028353729032e-07
7.483377884321133940e-07
7.479344808169230434e-07
7.475319847734187114e-07
7.471300144353110286e-07
7.467286554119059366e-07
7.463279921065998990e-07
7.459279587343968492e-07
7.455285435997738539e-07
7.451297662048773125e-07
7.447318250289663844e-07
7.443343283934558288e-07
7.439377231747660070e-07
7.435422333608886045e-07
7.431478635241196465e-07
7.427539861503813399e-07
7.423612200365922634e-07
7.419689513016914033e-07
7.415777012325480506e-07
7.411884589927416193e-07
7.407987660612530154e-07
7.404104185488087715e-07
7.400243796572616026e-07
7.396378723013502162e-07
7.392496770302418805e-07
7.388625555734766065e-07
7.384774227062337819e-07
7.380906611448300105e-07
7.377064652730424414e-07
7.373237252237440710e-07
7.369410820486012028e-07
7.365627642950822378e-07
7.361833457322785938e-07
7.358036016468891708e-07
7.354243521242000320e-07
7.350462329815973104e-07
7.346670531407518392e-07
7.342892963792283303e-07
7.339116617827276109e-07
7.335339911277118190e-07
7.331595009097364352e-07
7.327837720463097256e-07
7.324099977051537846e-07
7.320348513621217709e-07
7.316612521654018876e-07
7.312887028020460568e-07
7.309180886152922857e-07
7.305468881310011372e-07
7.301745137434473746e-07
7.298049358233304161e-07
7.294354636164144154e-07
7.290647098936520795e-07
7.286946083692252967e-07
7.283242079586125054e-07
7.279538510450740612e-07
7.275851461049683861e-07
7.272214607944240735e-07
7.268574998773457867e-07
7.264947772045415755e-07
7.261328527582308340e-07
7.257714286590540075e-07
7.254108910369129396e-07
7.250525193851728568e-07
7.246947322539276389e-07
7.243418279956898729e-07
7.239924552296792552e-07
7.236393190213615932e-07
7.232890197073547808e-07
7.229403628825232869e-07
7.225912979031696923e-07
7.222520040270529774e-07
7.219098599488854846e-07
7.215715934758121590e-07
7.212326801241664945e-07
7.208952204778352952e-07
