1.792510555196834277e-02
1.614752881734017598e-02
1.345680828667105734e-02
1.230311150804220231e-02
1.134932732872110522e-02
1.041215172277406599e-02
9.735946394088231329e-03
9.209689110077030894e-03
8.713849571571603489e-03
8.345141492518304283e-03
7.968072318127268974e-03
7.643291937805832964e-03
7.343569785823652121e-03
7.081966579586389601e-03
6.870630422702983693e-03
6.659138852221552218e-03
6.472074082318641022e-03
6.309704623268248824e-03
6.153378202214778922e-03
6.005095096013571450e-03
5.866571429415561381e-03
5.736862246880270258e-03
5.629577817272044503e-03
5.525239363215451137e-03
5.424745913822400477e-03
5.331320158349188432e-03
5.243420365871742997e-03
5.159404192528097011e-03
5.084377868769162680e-03
5.015734494064592180e-03
4.949724729412597994e-03
4.886750913986978584e-03
4.827971623425388048e-03
4.770769478075265364e-03
4.712463552541362559e-03
4.662825848248072259e-03
4.619149961465754579e-03
4.581017753193540251e-03
4.549821067270534529e-03
4.515999264688340398e-03
4.479620807464571898e-03
4.441228690322549313e-03
4.411287155501754549e-03
4.379150721789762564e-03
4.345691459495737950e-03
4.310337138891109574e-03
4.277904242269035470e-03
4.242406192277425533e-03
4.209664172095098703e-03
4.179074830803070940e-03
4.147435144343130861e-03
4.117099480125837457e-03
4.086905853445526107e-03
4.056886278910563047e-03
4.026933856491992682e-03
3.997997086780089721e-03
3.968272702376282254e-03
3.940465285956050272e-03
3.914024850077912898e-03
3.888334262551139051e-03
3.864461794468088129e-03
3.839871951267165642e-03
3.817552549485717008e-03
3.793885868247290783e-03
3.770638558882588413e-03
3.747664887028805385e-03
3.724325148685379665e-03
3.701408545018642846e-03
3.678011141753089429e-03
3.654600755716822490e-03
3.632013406675154397e-03
3.609669946697967226e-03
3.588083720739734979e-03
3.565468331978275188e-03
3.543842453496613264e-03
3.522732028026652387e-03
3.501784763214807732e-03
3.480690188431003265e-03
3.460078011078013618e-03
3.440410591766331766e-03
3.421388955076938576e-03
3.402145242323518105e-03
3.383040033345482110e-03
3.364067159315028716e-03
3.345628484064131023e-03
3.327095109631882531e-03
3.308959526431432072e-03
3.291080402844063710e-03
3.273373811808837595e-03
3.255824605583935039e-03
3.238957802100063225e-03
3.222648923671204892e-03
3.206532922840187299e-03
3.190640663938315580e-03
3.175190852696901413e-03
3.159632591630951587e-03
3.143990011834917747e-03
3.128628051023719155e-03
3.113339154034161851e-03
3.098203262825544209e-03
3.083058808980050983e-03
3.068106312504047511e-03
3.053235250213603806e-03
3.038520909850195035e-03
3.024019620600227210e-03
3.009722368784556543e-03
2.995648514605322825e-03
2.981784855017304264e-03
2.968091505117015447e-03
2.954676284812211839e-03
2.941426074017390764e-03
2.928415722153265757e-03
2.915695653600437059e-03
2.903017623062477837e-03
2.890484005794976066e-03
2.878206568262431809e-03
2.866071922840393495e-03
2.854011874870250511e-03
2.842067044781892808e-03
2.830205979200877634e-03
2.818502368401594894e-03
2.806967983149458168e-03
2.795573792780750317e-03
2.784307282309936901e-03
2.773257829227157318e-03
2.762299216803319399e-03
2.751639190717806733e-03
2.741253645705526293e-03
2.730925266898168429e-03
2.720629261076550152e-03
2.710303371676962055e-03
2.700079022349556861e-03
2.689982428997390613e-03
2.679985573785093837e-03
2.670105328338392807e-03
2.660284005673936320e-03
2.650590596238258396e-03
2.640970556148564130e-03
2.631453526400991550e-03
2.622046701606506672e-03
2.612737855138315586e-03
2.603522142881691762e-03
2.594421145039120438e-03
2.585426312949701353e-03
2.576545688521839333e-03
2.567726212864317095e-03
2.559040569539089774e-03
2.550434082459983147e-03
2.541906311516228638e-03
2.533444270498795819e-03
2.525098527178183845e-03
2.516804533499001142e-03
2.508600626621325727e-03
2.500504601612551191e-03
2.492473969742900822e-03
2.484520309881838550e-03
2.476637303304796492e-03
2.468899578515926230e-03
2.461175192030064067e-03
2.453481999228810783e-03
2.445853412660951853e-03
2.438307208830869065e-03
2.430848908299605877e-03
2.423464752251423219e-03
2.416132346055930528e-03
2.408870738943422098e-03
2.401693522299058487e-03
2.394566746291338939e-03
2.387518949397038348e-03
2.380521197151326974e-03
2.373586746476993078e-03
2.366691027646005471e-03
2.359842845361796639e-03
2.353071538612473614e-03
2.346349189073284117e-03
2.339694602159496980e-03
2.333092297635547003e-03
2.326529669999193636e-03
2.320021990976376715e-03
2.313568960876131921e-03
2.307169206968014315e-03
2.300823958725115807e-03
2.294529970683530096e-03
2.288286367007670834e-03
2.282095320480569643e-03
2.275954842595989246e-03
2.269862380782099957e-03
2.263819728741313202e-03
2.257823058552714708e-03
2.251873925101414466e-03
2.245991849063235218e-03
2.240186676437230361e-03
2.234412846408528192e-03
2.228682018302739157e-03
2.223001322262229112e-03
2.217349775585502909e-03
2.211720535479671807e-03
2.206129421421740636e-03
2.200589263494416147e-03
2.195085400144286894e-03
2.189619582980163997e-03
2.184215464664351035e-03
2.178851596165185239e-03
2.173540617284316391e-03
2.168267360251769152e-03
2.163017178015791495e-03
2.157797473506213766e-03
2.152613387739166564e-03
2.147479644344232365e-03
2.142382248195082509e-03
2.137305685542248337e-03
2.132280116883639772e-03
2.127286677382074845e-03
2.122348297699942852e-03
2.117426395103656767e-03
2.112533629282580244e-03
2.107692367720473848e-03
2.102886029791839560e-03
2.098134576258110003e-03
2.093374719390409932e-03
2.088650030716573437e-03
2.083968832015841485e-03
2.079314189035741129e-03
2.074676406522449508e-03
2.070071757079634811e-03
2.065505321649523020e-03
2.060974581485125814e-03
2.056474767701924142e-03
2.052022444813950131e-03
2.047592018906902074e-03
2.043174457360496295e-03
2.038833205619367331e-03
2.034534458921566716e-03
2.030270294023603025e-03
2.026002327457236945e-03
2.021766367505486040e-03
2.017527107464510243e-03
2.013321008841345398e-03
2.009127839876944342e-03
2.004949857761542144e-03
2.000823584581704322e-03
1.996709950426910508e-03
1.992606404964856852e-03
1.988522328409369957e-03
1.984461238401997660e-03
1.980430101847053398e-03
1.976423711906958019e-03
1.972450991048558481e-03
1.968496244529185230e-03
1.964586190094848219e-03
1.960710111965054039e-03
1.956894334646737225e-03
1.953107085357161377e-03
1.949324862626775892e-03
1.945560267537583491e-03
1.941827233428868602e-03
1.938128551894312485e-03
1.934430641509163936e-03
1.930767007044810815e-03
1.927095752164034595e-03
1.923424069477496206e-03
1.919785654592781480e-03
1.916154230393874325e-03
1.912552411959698214e-03
1.908984094514886874e-03
1.905438693175056384e-03
1.901902926958539027e-03
1.898379010677563169e-03
1.894883273297592007e-03
1.891406217941127592e-03
1.887945827214742483e-03
1.884508789928042698e-03
1.881089883089862372e-03
1.877694180496155413e-03
1.874293503067757773e-03
1.870904026760898025e-03
1.867538101976793079e-03
1.864203492360042968e-03
1.860903042109574848e-03
1.857616550269344064e-03
1.854350328191697178e-03
1.851118174636753096e-03
1.847913740132941336e-03
1.844721166867593432e-03
1.841520669100933649e-03
1.838364754328853387e-03
1.835216149819797818e-03
1.832076603672889428e-03
1.828943295893406757e-03
1.825826632573152074e-03
1.822716957870939083e-03
1.819648059766425414e-03
1.816598735386739131e-03
1.813555014990178484e-03
1.810525732858059072e-03
1.807503825977531181e-03
1.804486372562906634e-03
1.801486595370386168e-03
1.798520072113785929e-03
1.795559510643289980e-03
1.792626404910723512e-03
1.789703683097637176e-03
1.786783862070484563e-03
1.783870580609129468e-03
1.780966144438748001e-03
1.778072722859006059e-03
1.775197685957947621e-03
1.772350387010372327e-03
1.769504870637071637e-03
1.766697908787380001e-03
1.763891158860030452e-03
1.761089500137157570e-03
1.758303399717683338e-03
1.755518061859836880e-03
1.752739924651942156e-03
1.749976175278049328e-03
1.747239504127142632e-03
1.744545478060710282e-03
1.741869024666608872e-03
1.739201150021010486e-03
1.736543094901787498e-03
1.733902864023324298e-03
1.731253113704326642e-03
1.728651186759176586e-03
1.726057693148137654e-03
1.723483118518002316e-03
1.720907817779444024e-03
1.718350603680875903e-03
1.715832259928383105e-03
1.713334432144385548e-03
1.710838565886987775e-03
1.708373317200276255e-03
1.705913198813603909e-03
1.703453290294572623e-03
1.701024454914381321e-03
1.698608455584375235e-03
1.696181776865307925e-03
1.693814725939239143e-03
1.691433402954987085e-03
1.689044907738676549e-03
1.686653991615132651e-03
1.684272695588914055e-03
1.681889273412980838e-03
1.679498300502347587e-03
1.677120266924847719e-03
1.674761244692835093e-03
1.672405167323191832e-03
1.670070916009516130e-03
1.667744095373633988e-03
1.665430977448642286e-03
1.663124518588160244e-03
1.660853367897317974e-03
1.658579339248423276e-03
1.656328998469540001e-03
1.654130368349051531e-03
1.651937132301649477e-03
1.649723848452728072e-03
1.647523378178218255e-03
1.645317606331763534e-03
1.643141645626920722e-03
1.640957701198018232e-03
1.638799181345376244e-03
1.636638936599800909e-03
1.634484525708686936e-03
1.632340790099014128e-03
1.630235365258176847e-03
1.628149452981135633e-03
1.626061552978490081e-03
1.623971441567106976e-03
1.621878657406170942e-03
1.619790739729100098e-03
1.617726544671090018e-03
1.615660722750338410e-03
1.613589770017765388e-03
1.611510441588320623e-03
1.609458749520418846e-03
1.607386875103868854e-03
1.605349933178073715e-03
1.603343071329138688e-03
1.601345528154436313e-03
1.599355690755541529e-03
1.597347884945067575e-03
1.595350912576629651e-03
1.593359105595649984e-03
1.591384214954271337e-03
1.589418886810422833e-03
1.587456301283576973e-03
1.585520947143610705e-03
1.583578826427636376e-03
1.581640774835931136e-03
1.579713909243601368e-03
1.577804419066775998e-03
1.575893164928964885e-03
1.573989897368719077e-03
1.572079221412110315e-03
1.570175260022916436e-03
1.568304298895285224e-03
1.566407782464063723e-03
1.564527431737212622e-03
1.562638502931754277e-03
1.560749689314343399e-03
1.558857503489302632e-03
1.556965106574994704e-03
1.555086668082796345e-03
1.553222649519707486e-03
1.551351620115900328e-03
1.549496146788682588e-03
1.547641379155834541e-03
1.545783923355787889e-03
1.543928991480244444e-03
1.542066583350292907e-03
1.540212653904001914e-03
1.538364278094181761e-03
1.536523686503622321e-03
1.534689981391382544e-03
1.532856054288308416e-03
1.531041948566957099e-03
1.529234242224974862e-03
1.527451898869759857e-03
1.525676372852538239e-03
1.523903589857107232e-03
1.522132197065166528e-03
1.520371088537208343e-03
1.518617169516899750e-03
1.516857347887656110e-03
1.515102290752568231e-03
1.513364326784846477e-03
1.511624637703894289e-03
1.509880722596977816e-03
1.508133228422079255e-03
1.506390056141497296e-03
1.504657429802155845e-03
1.502928366175783218e-03
1.501210599398544255e-03
1.499490576731835707e-03
1.497773238117678556e-03
1.496062946470456522e-03
1.494361416122142209e-03
1.492666035908602829e-03
1.490970994460079704e-03
1.489281719397353388e-03
1.487596516038081291e-03
1.485917227421559676e-03
1.484245563279608425e-03
1.482579881237263428e-03
1.480919861884062629e-03
1.479268110554261221e-03
1.477620556410691195e-03
1.475977491140058155e-03
1.474339670669208829e-03
1.472706281733054696e-03
1.471081117496460646e-03
1.469459246218269080e-03
1.467841384648222889e-03
1.466231276250541454e-03
1.464624247783781865e-03
1.463020962175274340e-03
1.461422905009546669e-03
1.459830118593180917e-03
1.458242545480499747e-03
1.456660543338580754e-03
1.455083722870693453e-03
1.453511798422496082e-03
1.451944682486280532e-03
1.450383159573548353e-03
1.448826236615205140e-03
1.447276664252552863e-03
1.445729755835721249e-03
1.444187655179582017e-03
1.442650490009369851e-03
1.441118228986916581e-03
1.439590869784095799e-03
1.438070361051787486e-03
1.436553218758046969e-03
1.435040275899506640e-03
1.433532489681564343e-03
1.432029054202738245e-03
1.430530548450948455e-03
1.429039536385490932e-03
1.427550637609223969e-03
1.426066221759339329e-03
1.424586381059302857e-03
1.423110895439456958e-03
1.421640241619274775e-03
1.420174991184335739e-03
1.418713627463011502e-03
1.417256294190889733e-03
1.415804960137045281e-03
1.414357731751798462e-03
1.412918982289143241e-03
1.411484332954182630e-03
1.410051887436980511e-03
1.408623705191326897e-03
1.407201685576374168e-03
1.405786605933093862e-03
1.404376743996695346e-03
1.402970768069072664e-03
1.401567413770234269e-03
1.400169804308528569e-03
1.398774557246219635e-03
1.397382902803079871e-03
1.395995902188061372e-03
1.394613743988462259e-03
1.393231275910566513e-03
1.391854016912699634e-03
1.390481486780747056e-03
1.389114124072336276e-03
1.387750670797091362e-03
1.386389214704744459e-03
1.385031379054969813e-03
1.383677007287419190e-03
1.382325463186205106e-03
1.380977953610458206e-03
1.379634040588927210e-03
1.378293984112749677e-03
1.376957953936896323e-03
1.375625674466452418e-03
1.374297621120830785e-03
1.372973145280392306e-03
1.371653326526420941e-03
1.370336460206067258e-03
1.369023256926967577e-03
1.367715251290029617e-03
1.366410540544749346e-03
1.365109964784113261e-03
1.363816355284482289e-03
1.362527371004193825e-03
1.361241301270351778e-03
1.359958597353751620e-03
1.358680463796967542e-03
1.357403213526315634e-03
1.356130232729540162e-03
1.354862608469883500e-03
1.353599886358747284e-03
1.352340460856658877e-03
1.351084248123086973e-03
1.349833825045701399e-03
1.348587368955265478e-03
1.347352112176293222e-03
1.346120591966448862e-03
1.344891922800650315e-03
1.343664646451989218e-03
1.342441965734217845e-03
1.341236413578410442e-03
1.340030215912474182e-03
1.338827318505249201e-03
1.337633294701132819e-03
1.336446827466361955e-03
1.335262324073433924e-03
1.334075666005086255e-03
1.332903003173787487e-03
1.331727557959024033e-03
1.330555374199563455e-03
1.329382392816130581e-03
1.328217678083149986e-03
1.327065670090806296e-03
1.325907160450967700e-03
1.324751461082571309e-03
1.323602265559003285e-03
1.322458437900148531e-03
1.321313020628061500e-03
1.320166646362597998e-03
1.319032886942321167e-03
1.317896049777322930e-03
1.316761653111078517e-03
1.315628131200843268e-03
1.314497673620892764e-03
1.313369288289867234e-03
1.312250589750619265e-03
1.311141163510036716e-03
1.310031862466849153e-03
1.308919824252887916e-03
1.307818041146859012e-03
1.306720161223948184e-03
1.305628401826926417e-03
1.304533974213355684e-03
1.303458987894578818e-03
1.302375357576165873e-03
1.301293422595018899e-03
1.300213647686696743e-03
1.299131861589246590e-03
1.298063027226254796e-03
1.296986560211032700e-03
1.295908708007046566e-03
1.294829331845273428e-03
1.293750720541913223e-03
1.292677886172470146e-03
1.291613002578102494e-03
1.290552903897977232e-03
1.289487942714223710e-03
1.288430577250042385e-03
1.287369361574320411e-03
1.286325901106229403e-03
1.285290912313166115e-03
1.284258775280790448e-03
1.283227702190284283e-03
1.282208266011989088e-03
1.281191359405189955e-03
1.280189448772307880e-03
1.279195783306564258e-03
1.278194387658567865e-03
1.277189004380835510e-03
1.276170653925570676e-03
1.275164436442880389e-03
1.274150191786326989e-03
1.273130191583114528e-03
1.272107140603067352e-03
1.271092189234146290e-03
1.270072256345751178e-03
1.269058561950289245e-03
1.268044127384387399e-03
1.267043880542715597e-03
1.266040465143833133e-03
1.265035795296507110e-03
1.264030295090528156e-03
1.263026682527872320e-03
1.262022263764493550e-03
1.261015262646859435e-03
1.260018201122050339e-03
1.259021504536402165e-03
1.258022817521816435e-03
1.257028724972657739e-03
1.256043022552746002e-03
1.255055341035232318e-03
1.254077252596191502e-03
1.253104687995002442e-03
1.252133603376693769e-03
1.251169947164624402e-03
1.250201490694625604e-03
1.249230160368462262e-03
1.248264601178995271e-03
1.247301038354809051e-03
1.246337757552526924e-03
1.245376425447164990e-03
1.244421904383302300e-03
1.243465165379641210e-03
1.242517516644781701e-03
1.241573179354748223e-03
1.240629064582796613e-03
1.239688347331705355e-03
1.238741903497969166e-03
1.237801885291192313e-03
1.236867746466506664e-03
1.235929289628993075e-03
1.234993558383544899e-03
1.234063548227658669e-03
1.233138539808140187e-03
1.232221548125571114e-03
1.231303982166559452e-03
1.230382416210156751e-03
1.229471342536232661e-03
1.228560009911106943e-03
1.227646197473165196e-03
1.226741982238130184e-03
1.225841301928371927e-03
1.224944710722613954e-03
1.224056823196540507e-03
1.223171862901843406e-03
1.222282886501932725e-03
1.221396691830573542e-03
1.220518037679509766e-03
1.219636752187466030e-03
1.218765419134285564e-03
1.217888436331377149e-03
1.217020952084252447e-03
1.216153083446969369e-03
1.215292802048776981e-03
1.214430489800988463e-03
1.213574802982795306e-03
1.212713214170171644e-03
1.211851822977285612e-03
1.210987758981597147e-03
1.210126470037426686e-03
1.209264995104772063e-03
1.208407053777533526e-03
1.207559281089625293e-03
1.206709629189677176e-03
1.205863550531294107e-03
1.205019620335306659e-03
1.204182308814612159e-03
1.203347800228609515e-03
1.202504798211949518e-03
1.201662397734060356e-03
1.200819174464292077e-03
1.199981015312370216e-03
1.199150063783730206e-03
1.198322206169246968e-03
1.197491874295325553e-03
1.196673332651321297e-03
1.195853681058921909e-03
1.195032840504234089e-03
1.194223272604973433e-03
1.193408160696841870e-03
1.192598875523847007e-03
1.191784492136804385e-03
1.190979020056766790e-03
1.190168682322384703e-03
1.189370505167726584e-03
1.188578819116439854e-03
1.187785422902176615e-03
1.186994684098188063e-03
1.186208066687698343e-03
1.185415592069094266e-03
1.184625116261446131e-03
1.183838127148365829e-03
1.183045952043498047e-03
1.182252390362340932e-03
1.181455708677654412e-03
1.180657666150754671e-03
1.179858388066333183e-03
1.179052848977147142e-03
1.178253914506106025e-03
1.177461739743156793e-03
1.176675073541807049e-03
1.175888848245147450e-03
1.175100390721603178e-03
1.174315982507657691e-03
1.173531641598233970e-03
1.172749157271811083e-03
1.171970767833330380e-03
1.171196375731457882e-03
1.170424623815894761e-03
1.169652591772975215e-03
1.168879337428843602e-03
1.168109303535654802e-03
1.167337323386897401e-03
1.166559689862040061e-03
1.165783485648451022e-03
1.165005448740219886e-03
1.164230068950070085e-03
1.163458827185380766e-03
1.162691333584162665e-03
1.161926095156278881e-03
1.161162287427118436e-03
1.160406376382744527e-03
1.159651098150714810e-03
1.158896937678637832e-03
1.158138099471468134e-03
1.157388685482299475e-03
1.156637323732639076e-03
1.155884759212433841e-03
1.155135550556063906e-03
1.154397311522355153e-03
1.153664788607909218e-03
1.152931238260486912e-03
1.152208385016288434e-03
1.151482873170936276e-03
1.150752856569999720e-03
1.150024050083633346e-03
1.149297653460280540e-03
1.148573539569368524e-03
1.147851330464850876e-03
1.147132088463038470e-03
1.146407140588405829e-03
1.145686055473555797e-03
1.144959816351710921e-03
1.144232153184567913e-03
1.143506019270398508e-03
1.142781378858017706e-03
1.142053168974311835e-03
1.141324955504056070e-03
1.140598520108424257e-03
1.139874540761238010e-03
1.139153405269162367e-03
1.138436159079987513e-03
1.137719338553327877e-03
1.137004733032871001e-03
1.136288938693514033e-03
1.135574956212065780e-03
1.134858229717984959e-03
1.134148081792929388e-03
1.133434126094332245e-03
1.132718927257774693e-03
1.132002580324008040e-03
1.131286223669741159e-03
1.130571368193290880e-03
1.129854528992232628e-03
1.129139705451982995e-03
1.128429088456733712e-03
1.127723680049271416e-03
1.127018710840878160e-03
1.126313682003561144e-03
1.125614891012259458e-03
1.124914452640581779e-03
1.124213468301236757e-03
1.123514361249271535e-03
1.122814211854516108e-03
1.122119131418408255e-03
1.121427814355079608e-03
1.120735889544510191e-03
1.120044464110246272e-03
1.119354709346373445e-03
1.118664268390971240e-03
1.117974351970278755e-03
1.117285612509630452e-03
1.116597613000468734e-03
1.115909064019429730e-03
1.115225022777483962e-03
1.114546524914791651e-03
1.113870224775065625e-03
1.113195704675615152e-03
1.112519844357548688e-03
1.111847738894827711e-03
1.111178607738509683e-03
1.110508426142604995e-03
1.109837682173917851e-03
1.109167125664095978e-03
1.108496975514509713e-03
1.107827129140416273e-03
1.107158950730746530e-03
1.106492182265336873e-03
1.105826288254895722e-03
1.105165348656548694e-03
1.104506523797418090e-03
1.103846678430723399e-03
1.103186910628284941e-03
1.102532055315272362e-03
1.101876140594609419e-03
1.101224968018611056e-03
1.100573369926736034e-03
1.099923828051145710e-03
1.099274517504629772e-03
1.098623086442274957e-03
1.097974735173361683e-03
1.097326638790058640e-03
1.096677855720749580e-03
1.096028708656300284e-03
1.095379870589740330e-03
1.094731759641729123e-03
1.094084133473519722e-03
1.093435216635691397e-03
1.092787229130153231e-03
1.092138010729704978e-03
1.091488145040148128e-03
1.090840373259981989e-03
1.090193212065519376e-03
1.089546268683983746e-03
1.088899714429329224e-03
1.088254754351147607e-03
1.087611369289025404e-03
1.086968966620426502e-03
1.086327510247508087e-03
1.085687664580378253e-03
1.085049788151753753e-03
1.084412127435840185e-03
1.083775285432147031e-03
1.083139232782820037e-03
1.082504983944427863e-03
1.081870886459433386e-03
1.081240046296386668e-03
1.080610063045048643e-03
1.079979368848861835e-03
1.079350230878935732e-03
1.078724114967184733e-03
1.078100963980115155e-03
1.077480388026631460e-03
1.076861538842754408e-03
1.076244275993243306e-03
1.075629322883358760e-03
1.075014744398500094e-03
1.074400834118076353e-03
1.073789193840765611e-03
1.073178330985778868e-03
1.072566350566445071e-03
1.071956753069054158e-03
1.071347531294851484e-03
1.070737753568934024e-03
1.070131998206776559e-03
1.069527576734990732e-03
1.068926353414159256e-03
1.068327246612908472e-03
1.067727023116878506e-03
1.067129806528375113e-03
1.066530712732051541e-03
1.065931719400671192e-03
1.065331663997670956e-03
1.064733506309971161e-03
1.064136964218139608e-03
1.063538084734574332e-03
1.062940972205114873e-03
1.062343739101100516e-03
1.061749093649486022e-03
1.061154577202232108e-03
1.060561756323742362e-03
1.059969165129898052e-03
1.059376922266297297e-03
1.058785795364316096e-03
1.058193435217855919e-03
1.057602869551430144e-03
1.057012587049286972e-03
1.056424893663568529e-03
1.055840123452601170e-03
1.055254815677329327e-03
1.054672562037094587e-03
1.054090983755805481e-03
1.053511286837558727e-03
1.052931346760482096e-03
1.052355157465880006e-03
1.051780534423908762e-03
1.051209587845889151e-03
1.050640963845534889e-03
1.050073003816506681e-03
1.049505929415256401e-03
1.048941955138836578e-03
1.048383047913878981e-03
1.047826346073278073e-03
1.047269009346066650e-03
1.046715955916226312e-03
1.046162382054145485e-03
1.045610682039684915e-03
1.045064890796249327e-03
1.044517092010420999e-03
1.043966420659880965e-03
1.043417311370515134e-03
1.042870243522029143e-03
1.042321478193139516e-03
1.041771789791037187e-03
1.041225020143401059e-03
1.040678647677090521e-03
1.040133587003647239e-03
1.039588050950246119e-03
1.039039964650815672e-03
1.038492167793090854e-03
1.037945195937945743e-03
1.037400569897677614e-03
1.036852514712447576e-03
1.036307745717367831e-03
1.035763203774657179e-03
1.035220036914318281e-03
1.034681018808327477e-03
1.034141170882354414e-03
1.033605346852397439e-03
1.033071850390676269e-03
1.032538618556573529e-03
1.032005310449107295e-03
1.031476990190026899e-03
1.030951670946585619e-03
1.030428245493597789e-03
1.029904231853666580e-03
1.029391063160095586e-03
1.028880455568692825e-03
1.028367181484367765e-03
1.027859419653351239e-03
1.027353280346850715e-03
1.026850074187741612e-03
1.026347355521529687e-03
1.025849300850077391e-03
1.025350674522780255e-03
1.024849783013614219e-03
1.024349531385855159e-03
1.023852186582941597e-03
1.023355005249191154e-03
1.022856518460050221e-03
1.022357331939427764e-03
1.021858291883326591e-03
1.021358778854876631e-03
1.020859662554890772e-03
1.020363418770289105e-03
1.019871374180914220e-03
1.019378876998682263e-03
1.018887367648915439e-03
1.018396814515621588e-03
1.017912647340953785e-03
1.017426763399626160e-03
1.016942867421893491e-03
1.016460173688917695e-03
1.015977134015212278e-03
1.015494127906832076e-03
1.015010858426597818e-03
1.014535917597787036e-03
1.014057493538187381e-03
1.013586446141092083e-03
1.013119329608900545e-03
1.012652793724533101e-03
1.012186140615320157e-03
1.011721372418933514e-03
1.011253012878493562e-03
1.010789939802244058e-03
1.010330845726285917e-03
1.009869703593556291e-03
1.009402374977849508e-03
1.008935998314099440e-03
1.008468303904692638e-03
1.008003070710925117e-03
1.007535330301997283e-03
1.007067474407974872e-03
1.006600371056172406e-03
1.006136234412959452e-03
1.005681183680489678e-03
1.005226632493003191e-03
1.004768162506332243e-03
1.004309971478407372e-03
1.003850127628670577e-03
1.003384084964406781e-03
1.002911538470825431e-03
1.002436770853018131e-03
1.001968371730997112e-03
1.001497753355696900e-03
1.001030011202791274e-03
1.000561884239394884e-03
