3.080034999999453627e-04
2.183861182587150146e-04
2.909529799256569782e-04
2.721015445185874081e-04
3.322845471262643978e-04
3.316056885790597182e-04
3.138262684596847805e-04
3.401741085525709029e-04
3.281486991962483742e-04
3.178791428486788732e-04
3.128317737910292582e-04
3.000262679072963944e-04
2.900431884531878162e-04
2.909310013312366313e-04
2.854199885400333318e-04
2.802409777572036661e-04
2.741590225328126946e-04
2.680147896945841513e-04
2.625562469615808493e-04
2.586673184491407231e-04
2.544989494729456617e-04
2.506289057000765956e-04
2.476473015705758394e-04
2.435330738977088487e-04
2.397320196486324537e-04
2.351113475587702627e-04
2.312257936112352365e-04
2.283187133747119281e-04
2.257877872900841709e-04
2.225429466672843558e-04
2.189260161261745441e-04
2.154879818257390291e-04
2.122186194679499382e-04
2.091310509393562900e-04
2.061618588434062306e-04
2.034148099589570152e-04
2.007433971475292445e-04
1.981997067054647958e-04
1.962486355020053171e-04
1.938110605725173574e-04
1.917155241585823588e-04
1.895882767456781061e-04
1.877705671868295666e-04
1.863522573022165685e-04
1.846766482431574138e-04
1.829873022954592689e-04
1.816955066920463129e-04
1.806182044638598354e-04
1.800733157908917495e-04
1.792326331902070887e-04
1.791347853034202565e-04
1.784698577258974706e-04
1.783362214403659844e-04
1.772887577355320083e-04
1.762053264332478348e-04
1.751589138054324385e-04
1.745526856676846768e-04
1.736266094570199472e-04
1.729543248523349576e-04
1.720486592715117350e-04
1.715302777318212710e-04
1.706268954003064468e-04
1.696420942772827170e-04
1.687949986872293198e-04
1.676548053246587568e-04
1.666595439544013427e-04
1.655300183120794960e-04
1.643778315021754378e-04
1.632958550119636152e-04
1.623332507976304583e-04
1.615991320477119938e-04
1.606120097172608770e-04
1.598447962396526314e-04
1.588766363937536548e-04
1.578318280534497158e-04
1.569108766397926723e-04
1.561201815126613630e-04
1.553639566956634686e-04
1.548062312254624778e-04
1.543464404540470709e-04
1.537307384324937886e-04
1.531653544732147797e-04
1.526265461764684443e-04
1.520616021985477212e-04
1.516349941329166585e-04
1.511622190205492695e-04
1.504779928392960362e-04
1.497304461979550672e-04
1.490946724595923565e-04
1.483632433474379195e-04
1.475575122655339302e-04
1.467835921992148172e-04
1.460065948113517412e-04
1.452553682855405775e-04
1.445201176875488122e-04
1.437814204808593845e-04
1.430557250783165933e-04
1.423247339363747975e-04
1.416112797132160054e-04
1.409098724715626499e-04
1.402153956393391190e-04
1.395264228242829702e-04
1.388495820868500188e-04
1.381877768680047779e-04
1.375330791042878302e-04
1.368845932509554265e-04
1.362495661573733593e-04
1.356320179531632125e-04
1.350508101896679347e-04
1.344872894503150635e-04
1.339755811766403320e-04
1.334869168093064671e-04
1.330537833895869258e-04
1.326464589542996307e-04
1.322603906280532440e-04
1.319478113305805344e-04
1.317212604667454838e-04
1.313880858588008596e-04
1.310263671817978948e-04
1.306336065650651917e-04
1.302502266760628973e-04
1.299264378237935662e-04
1.296188098579547233e-04
1.292466723229682829e-04
1.288670549529657462e-04
1.284110286412585688e-04
1.279969133879983051e-04
1.275801653730838741e-04
1.271577820162650874e-04
1.267331369458212138e-04
1.262774808570114328e-04
1.258840821314115787e-04
1.254666955073685704e-04
1.250541565016395141e-04
1.246262425794400649e-04
1.241728795167350253e-04
1.237321736631337194e-04
1.233206071940624502e-04
1.228891555127597287e-04
1.224517669177833316e-04
1.220349972345035564e-04
1.216123084451994359e-04
1.211867266883083927e-04
1.207653769686463754e-04
1.203589900527785722e-04
1.199535988395052815e-04
1.195607086005494942e-04
1.191689814608791833e-04
1.187860334491196650e-04
1.184176312006389854e-04
1.180717197742525715e-04
1.177193285924646958e-04
1.173748605368166685e-04
1.170817239624262756e-04
1.167734007713923654e-04
1.164851478488699134e-04
1.162087662309832536e-04
1.159567990287882830e-04
1.157318870935384177e-04
1.154979682574826374e-04
1.152735501300829733e-04
1.150373518416126107e-04
1.148245388960161465e-04
1.145593865084626174e-04
1.143258680809570933e-04
1.140783779639129491e-04
1.138279589924936174e-04
1.135844361198389208e-04
1.133304810005653334e-04
1.131539909853347187e-04
1.129291768830006264e-04
1.126714488569657211e-04
1.124246966667344664e-04
1.121480487628092313e-04
1.119003853372518761e-04
1.116262612486474217e-04
1.113581742609163930e-04
1.110952514414975797e-04
1.108363784006390502e-04
1.105644710690817530e-04
1.103042332274185448e-04
1.100517110577252806e-04
1.097705217451830964e-04
1.095100358293239100e-04
1.092573742545614247e-04
1.090041353559777302e-04
1.087432703361349462e-04
1.084885864813958461e-04
1.082335465510024460e-04
1.079676245922847849e-04
1.077201568238222036e-04
1.074637180112089445e-04
1.072075599782584029e-04
1.069522166426918657e-04
1.067054611466178830e-04
1.064591214366242706e-04
1.061907728356021799e-04
1.059277436678957143e-04
1.056614177936642245e-04
1.054014625818450103e-04
1.051421232138971242e-04
1.048899206197230380e-04
1.046367332034070518e-04
1.043859279528543252e-04
1.041457982441893897e-04
1.039084218374928831e-04
1.036699680211056293e-04
1.034320259502401478e-04
1.032012405717748119e-04
1.029794893543477382e-04
1.027592956071606537e-04
1.025583269592238855e-04
1.023606172869273459e-04
1.021751908552424615e-04
1.019869050543963589e-04
1.017930683380828115e-04
1.016035947239842755e-04
1.014079180263031152e-04
1.011908204109282240e-04
1.009814183900383411e-04
1.007787853560407825e-04
1.005858710935437464e-04
1.004034319912422782e-04
1.002361042773644199e-04
1.000430825439466577e-04
9.988283520499956539e-05
9.969317254670428301e-05
9.950679446656159467e-05
9.930546478323964477e-05
9.911315516551742267e-05
9.891704939384146286e-05
9.873153986622522468e-05
9.853420615417389354e-05
9.834445178183922622e-05
9.816241233941859067e-05
9.798850530436098698e-05
9.781536639254738950e-05
9.764463861302560875e-05
9.747083395368788571e-05
9.731104136758873401e-05
9.714591579279609483e-05
9.697938850143266517e-05
9.679727984991188172e-05
9.662179832624321501e-05
9.644177304007361148e-05
9.625625053845695926e-05
9.607064960712603232e-05
9.588335216408329863e-05
9.570104858122661755e-05
9.551927457407504275e-05
9.533796116072339817e-05
9.515005309236090664e-05
9.496476092362834075e-05
9.478211116844399936e-05
9.459608412462668504e-05
9.441159663913385172e-05
9.422890637920394307e-05
9.404695236139390293e-05
9.386558182050836732e-05
9.368978978873251852e-05
9.351333619104594660e-05
9.333850491746904787e-05
9.316882113445416002e-05
9.299796735981734905e-05
9.283636259995626269e-05
9.267961480789361248e-05
9.252992855796979429e-05
9.238620658599079258e-05
9.225649010144792929e-05
9.212845580950927336e-05
9.200969687818973629e-05
9.187684085015239042e-05
9.175415842990985961e-05
9.160881059550943771e-05
9.147449644780480677e-05
9.132583084619899357e-05
9.118406052977676081e-05
9.103762288601636890e-05
9.088748468300019540e-05
9.074247650455832446e-05
9.059389519327996887e-05
9.044541403875735932e-05
9.030835724975319384e-05
9.015902773624621730e-05
9.002387529639454351e-05
8.987874332160787454e-05
8.974497839641091309e-05
8.961391126410501128e-05
8.948667185222549530e-05
8.935791805397170237e-05
8.922914516885701989e-05
8.909946418588182530e-05
8.896145840682389747e-05
8.881903569504563808e-05
8.867695045319613008e-05
8.853621176377966914e-05
8.839593311110231191e-05
8.825402092081118433e-05
8.812120651644677130e-05
8.798562644274506798e-05
8.784981298168727910e-05
8.770757597285096230e-05
8.757174472159894247e-05
8.743876338539036792e-05
8.730177043921391470e-05
8.716151822962686928e-05
8.702118418951935541e-05
8.688103720149002740e-05
8.674145205900936839e-05
8.660245746481049401e-05
8.646818085372367938e-05
8.633148753571566686e-05
8.619715521513356712e-05
8.606236069797171154e-05
8.593131702203372056e-05
8.579943366352610606e-05
8.566967563332367067e-05
8.553659245733083699e-05
8.540573281937266156e-05
8.527700644938118030e-05
8.514500214514204076e-05
8.501629616533651844e-05
8.488700711159370552e-05
8.475786478088614398e-05
8.462950035610437404e-05
8.450014524317610916e-05
8.437317303902934018e-05
8.424548107741191964e-05
8.411962908883424672e-05
8.399337127428805401e-05
8.386770506325912122e-05
8.374230659294983872e-05
8.361756846341195884e-05
8.349231458043275436e-05
8.336791810079825673e-05
8.324382707061708732e-05
8.312022850500818609e-05
8.299726456978629091e-05
8.287529475149019165e-05
8.275339833614102109e-05
8.263199025669795976e-05
8.251118302640316610e-05
8.239154833180935159e-05
8.227328702602900562e-05
8.215786473651006533e-05
8.203984419437022977e-05
8.192216053205399174e-05
8.180612225451412505e-05
8.169099922516076962e-05
8.157784572153514301e-05
8.146571997801750587e-05
8.135362233525969273e-05
8.124469293117184327e-05
8.113589643882018981e-05
8.102796914146534349e-05
8.091908735409481229e-05
8.081467651630393038e-05
8.071271216602846966e-05
8.061157722142907919e-05
8.051151897942292884e-05
8.041566874902434617e-05
8.031968140424016280e-05
8.022726014420162048e-05
8.013567112632948193e-05
8.004091565286119037e-05
7.995129893845215200e-05
7.985788913539145710e-05
7.976159206181824353e-05
7.966350751561564636e-05
7.956563237157398421e-05
7.946536779013763194e-05
7.936548156925285512e-05
7.926848046923011711e-05
7.917558404200640782e-05
7.908507624692563578e-05
7.899111575961386604e-05
7.889510331569709863e-05
7.879688967864517679e-05
7.870003448344478820e-05
7.859866962248564324e-05
7.849672990075278248e-05
7.839599598543384065e-05
7.829488574865540377e-05
7.819455175250921797e-05
7.809470897008077785e-05
7.799740601001950132e-05
7.789985873982169110e-05
7.780038710064389148e-05
7.770064979497027732e-05
7.760145792952878737e-05
7.750515006727868293e-05
7.740836594942092786e-05
7.731346810065037399e-05
7.721928502199190952e-05
7.712709497094455597e-05
7.703666387283279087e-05
7.694633429218138447e-05
7.685673023624785087e-05
7.676639196499082272e-05
7.667666045285216668e-05
7.658623357331702079e-05
7.649481923860053151e-05
7.640216560084264091e-05
7.631306378258828692e-05
7.622473651923864445e-05
7.614039034941403304e-05
7.605567652881874087e-05
7.596880929908915794e-05
7.588505317299337521e-05
7.579848276698291970e-05
7.571288082558548017e-05
7.562951580229061298e-05
7.554751233112220186e-05
7.546619440626726040e-05
7.538239458110066718e-05
7.530176120364829402e-05
7.522038912461526247e-05
7.514144750408481826e-05
7.505756146636698048e-05
7.497319596004768335e-05
7.488658726171033115e-05
7.480357988581022306e-05
7.471753255674612156e-05
7.463496120320205153e-05
7.455180050579833832e-05
7.447156018198189560e-05
7.438770268170198706e-05
7.430382104204584384e-05
7.422041613428798903e-05
7.414081477749843204e-05
7.405972594213361220e-05
7.398131617832200396e-05
7.389974162383190391e-05
7.382209454988818143e-05
7.374254008711986978e-05
7.366265019027802867e-05
7.358281704842944363e-05
7.350198105456725499e-05
7.342142237675478814e-05
7.334085635403032985e-05
7.326056324287337550e-05
7.318332457870754641e-05
7.310951451479420792e-05
7.303375896517815685e-05
7.295547900901717963e-05
7.288207664485200259e-05
7.280340665922418553e-05
7.272834348215152019e-05
7.265375691759110195e-05
7.257866044640425333e-05
7.250468283859569406e-05
7.243327733183053095e-05
7.236231853416974003e-05
7.228961380442166271e-05
7.222044983792986854e-05
7.215034871448958132e-05
7.208080438129114975e-05
7.201152497169333966e-05
7.194146540302934179e-05
7.187580907223458195e-05
7.180776629187877243e-05
7.173802697283418678e-05
7.166821248162946495e-05
7.159919594094969395e-05
7.153166307748396889e-05
7.146248136864083119e-05
7.139240431620406230e-05
7.132529978406245482e-05
7.125760227227500622e-05
7.119053591931959744e-05
7.112382673020838379e-05
7.105794691423320257e-05
7.099288826831561916e-05
7.093422689820657191e-05
7.087699903224369468e-05
7.081835118884445611e-05
7.076011593721697347e-05
7.070567731344505722e-05
7.065565919192343873e-05
7.060334244458888169e-05
7.055322671693130742e-05
7.050692542222885737e-05
7.045508921120470990e-05
7.040444341969774144e-05
7.035259263828753148e-05
7.030166275986728119e-05
7.025099862755663767e-05
7.019775274157208291e-05
7.014397234063907160e-05
7.009590180592800051e-05
7.004125910182788610e-05
6.998925932543856125e-05
6.993566568606372704e-05
6.988572588188672922e-05
6.983100040886046182e-05
6.977893759335823968e-05
6.972612180377099752e-05
6.967447711368374998e-05
6.961992905213669394e-05
6.956640187339628665e-05
6.951157588507780340e-05
6.945939340617658631e-05
6.940738657682096399e-05
6.935196323801573796e-05
6.929923614686339097e-05
6.924746037050981710e-05
6.919707844698451253e-05
6.914758138609594358e-05
6.909599294873258345e-05
6.904459507374814252e-05
6.899429232116458595e-05
6.894642036796889571e-05
6.889878635759983446e-05
6.885728873877116859e-05
6.881259382739336348e-05
6.876997837517460964e-05
6.872567940909047343e-05
6.868246737392884218e-05
6.863952880086441591e-05
6.860088558159382942e-05
6.855950138481257960e-05
6.851758533679888207e-05
6.847839335374145597e-05
6.843266789036115175e-05
6.839172353402527156e-05
6.834925893698256562e-05
6.831385131484543562e-05
6.827404722183340823e-05
6.823141820629188045e-05
6.818674022608715943e-05
6.814283714680315822e-05
6.809791480419938791e-05
6.805248020627173813e-05
6.800409826291456416e-05
6.796065362802956953e-05
6.791422769926192546e-05
6.786936280046658638e-05
6.782702629673461909e-05
6.778708187355999464e-05
6.774758960035951588e-05
6.771005195644343416e-05
6.767262616423221186e-05
6.763969619726386791e-05
6.760700604594974312e-05
6.757336373224947764e-05
6.754212187954070545e-05
6.751171041526834473e-05
6.748038421120175121e-05
6.744839928231216477e-05
6.741934049648497002e-05
6.738569483009793754e-05
6.735369138597546582e-05
6.732373054540415145e-05
6.729569413352778191e-05
6.726846228297286812e-05
6.724230748259514882e-05
6.721298189581613924e-05
6.718182439619846175e-05
6.714955916769506058e-05
6.711879030988036757e-05
6.708263423179326983e-05
6.704564636671129976e-05
6.700474212298159512e-05
6.696458929759258050e-05
6.692304579295213572e-05
6.688275548247889072e-05
6.684068242359268220e-05
6.679829116960389645e-05
6.675764206295314970e-05
6.671685322003409729e-05
6.667397434545794350e-05
6.663122552610185531e-05
6.658871405165339718e-05
6.654544694583268698e-05
6.650478372459480987e-05
6.645778284080244055e-05
6.641424320737847624e-05
6.636561771385453311e-05
6.631780460747077415e-05
6.627029209469977380e-05
6.622184913274458860e-05
6.617482740517515686e-05
6.612881882218293731e-05
6.608129281277747642e-05
6.603552214042996001e-05
6.598834606012199768e-05
6.594161152207420084e-05
6.589278222052332476e-05
6.584449320105001619e-05
6.579931677932276902e-05
6.575309060655679528e-05
6.571009308431843051e-05
6.566669359368474236e-05
6.562403450127235688e-05
6.557837220691591096e-05
6.553235565801326229e-05
6.548832330388930985e-05
6.544583842129061339e-05
6.540401221739773347e-05
6.536172338446321077e-05
6.532064576104986277e-05
6.527838331159534907e-05
6.523706566828263247e-05
6.519723955159700303e-05
6.515426709140185861e-05
6.511280069280261094e-05
6.507090441018930293e-05
6.502759418088660743e-05
6.498357401621170364e-05
6.493944287820169149e-05
6.489507272176154977e-05
6.485196924158452710e-05
6.480839573530562951e-05
6.476810701319271428e-05
6.472776781241601539e-05
6.468587172829146157e-05
6.464467387741503726e-05
6.460466521628157493e-05
6.456589776978909534e-05
6.453038679454809877e-05
6.449276657233370526e-05
6.445501579374134733e-05
6.441481601828953087e-05
6.437802012466851888e-05
6.434017643423877103e-05
6.430325433369739698e-05
6.427041517198231653e-05
6.423821740680237652e-05
6.420408667548079538e-05
6.416878406066854937e-05
6.413206755513806698e-05
6.409691631434820088e-05
6.406125277070711136e-05
6.402495908097764971e-05
6.399011003558181766e-05
6.395391456860349626e-05
6.391613751512969783e-05
6.387741599408080140e-05
6.384042597639326356e-05
6.380251283606515529e-05
6.376683484082622906e-05
6.373147066151375406e-05
6.369250938470970497e-05
6.365251346984427295e-05
6.361006012900040731e-05
6.356636804332230738e-05
6.352364690809037733e-05
6.348116723929523154e-05
6.343848827012432245e-05
6.339529645818487661e-05
6.335062685770205299e-05
6.330593718532481968e-05
6.326167121201439834e-05
6.321789237965507618e-05
6.317474219701409524e-05
6.313118016813353440e-05
6.308830583373667541e-05
6.304574560133432547e-05
6.300375566694642261e-05
6.296197666674051968e-05
6.292126105483469389e-05
6.288206945131512673e-05
6.284308914146408858e-05
6.280269427555019003e-05
6.276440572030362360e-05
6.272592991941670470e-05
6.268827711464758780e-05
6.265140128447521976e-05
6.261546085471134939e-05
6.257803901827069335e-05
6.254210698639131583e-05
6.250592503925000488e-05
6.247032280885633619e-05
6.243676492393453301e-05
6.240065236802198770e-05
6.236653832405055734e-05
6.232893504694935025e-05
6.229209869741686315e-05
6.225327188984077582e-05
6.221434674868468100e-05
6.217541316472349668e-05
6.213689172436031650e-05
6.209754484645167260e-05
6.206005693361137500e-05
6.202277906229322992e-05
6.198538936730166272e-05
6.194767641420398081e-05
6.190994762773290884e-05
6.187045055155549844e-05
6.183381554319748415e-05
6.179528081074484253e-05
6.175803610556181893e-05
6.172187733906377171e-05
6.168621794460214954e-05
6.164956073540219460e-05
6.161411877755180978e-05
6.157780538914788026e-05
6.154178544229907670e-05
6.150643138981265587e-05
6.146973056421662935e-05
6.143656091062794835e-05
6.140239977661218393e-05
6.136774452486806438e-05
6.133283188888533457e-05
6.129836736520997021e-05
6.126398816607087419e-05
6.122963949510654711e-05
6.119626298537382233e-05
6.116157646930453539e-05
6.112738956369033331e-05
6.109145718361875046e-05
6.105565654164615353e-05
6.101848593401763810e-05
6.098206141580894826e-05
6.094491365932206605e-05
6.090728369280993051e-05
6.086997119679705894e-05
6.083265124955091277e-05
6.079578505096407901e-05
6.075903921814207226e-05
6.072382454997151503e-05
6.069059235902338103e-05
6.065936959614619202e-05
6.062915505196764216e-05
6.059833782782013943e-05
6.056947026209956783e-05
6.054144781673178487e-05
6.051625604873830450e-05
6.048892982139908296e-05
6.046165504156573062e-05
6.043436619572575873e-05
6.040435999197465197e-05
6.037617282214819309e-05
6.034505708795225731e-05
6.031424325105129252e-05
6.028513592156780010e-05
6.025583197617839863e-05
6.022645625146879115e-05
6.019602672546559496e-05
6.016679980053878557e-05
6.013875212835868465e-05
6.011101335156431448e-05
6.008342920627168668e-05
6.005584014656379608e-05
6.002661122318156943e-05
6.000014280601600352e-05
5.997538896927056455e-05
5.994955304873632849e-05
5.992498565762183026e-05
5.989871442852447928e-05
5.987381808568825698e-05
5.984745243968577817e-05
5.982059038964438548e-05
5.979563659861588244e-05
5.977019242065581013e-05
5.974287714759761605e-05
5.971462431398033262e-05
5.968809935759196634e-05
5.966100397998037744e-05
5.963319943515364328e-05
5.960513815713804926e-05
5.957702916075952992e-05
5.954930034847124090e-05
5.952267878080117614e-05
5.949756828751623020e-05
5.947153046846810230e-05
5.944573023099244529e-05
5.941988054452438859e-05
5.939427519495769046e-05
5.936689014425831852e-05
5.934183822853521397e-05
5.931592900928696246e-05
5.929220705819672721e-05
5.926790370393149830e-05
5.924558110581492221e-05
5.922352070687049669e-05
5.920750049001431155e-05
5.919449736786425647e-05
5.918263604273586487e-05
5.917437381678560394e-05
5.916661987536586963e-05
5.915987375482240833e-05
5.915468861373371237e-05
5.915096868699869855e-05
5.914678962554112705e-05
5.914288713199848755e-05
5.914146780944699785e-05
5.913567755889770290e-05
5.913180996604598222e-05
5.912547981439443426e-05
5.911718540947232453e-05
5.911040635154483507e-05
5.909899629773206762e-05
5.908839338238653489e-05
5.907305056340184915e-05
5.906240070272584700e-05
5.904947333356218840e-05
5.903728466300454399e-05
5.902490821972635013e-05
5.901509802597599126e-05
5.900236953646930440e-05
5.899101515153900460e-05
5.897754813469757165e-05
5.896427099345904343e-05
5.895123358784776625e-05
5.894066664762089664e-05
5.892789440657069755e-05
5.891681453891884078e-05
5.890937775913889895e-05
5.890185171286197829e-05
5.889182498997603513e-05
5.888113624161388449e-05
5.887228514442364514e-05
5.886482771489271728e-05
5.885617698545081097e-05
5.884814906214138355e-05
5.883835563693487388e-05
5.882553388673184810e-05
5.881473312314227476e-05
5.880223091418891054e-05
5.878987309711409311e-05
5.877440088491357278e-05
5.876043080597705983e-05
5.874608368309017096e-05
5.872722952037455740e-05
5.870648887964464909e-05
5.868538946628171920e-05
5.866494473573375485e-05
5.864275610064302499e-05
5.862079923890697446e-05
5.859866303100126763e-05
5.857394881459612854e-05
5.854948458104621982e-05
5.852514782388183089e-05
5.850241594189879268e-05
5.847873975612392293e-05
5.845754211240695959e-05
5.843796133857942341e-05
5.841739558277733675e-05
5.839814693290812728e-05
5.837855357574663268e-05
5.835979217124085755e-05
5.834017655612833326e-05
5.831944848793200857e-05
5.829865416852433234e-05
5.827731100370015362e-05
5.825434107880625922e-05
5.823119745849986021e-05
5.820954676369455272e-05
5.818892602912768662e-05
5.816738985791853836e-05
5.814760648577484722e-05
5.812588707986234189e-05
5.810406870604674319e-05
5.808188795187957463e-05
5.806091840942605441e-05
5.803906284653256159e-05
5.801671400743447051e-05
5.799432618923718166e-05
5.797351532734541416e-05
5.795267770327667916e-05
5.793079354955608603e-05
5.791076384250933056e-05
5.789263105073682642e-05
5.787491058792505825e-05
5.785802634507758229e-05
5.783989912069884638e-05
5.782189112076225793e-05
5.780672406941552468e-05
5.779094122539941248e-05
5.777459454954688296e-05
5.776195559532755632e-05
5.774916454446898462e-05
5.773530948928775588e-05
5.772148142559817659e-05
5.770633563820846919e-05
5.769126434753739727e-05
5.767565509880941311e-05
5.766022443890747524e-05
5.764573418128253587e-05
5.763175185256553471e-05
5.761508820151204908e-05
5.759651879254534297e-05
5.757713240439444284e-05
5.755758619531951029e-05
5.753827629913770030e-05
5.751753514838647266e-05
5.749809403663772017e-05
5.747686696385524908e-05
5.745716636575831648e-05
5.743662391329355766e-05
5.741526974318672235e-05
5.739366784389757903e-05
5.737441481890695640e-05
5.735433782357706871e-05
5.733369696577333128e-05
5.731286591386573298e-05
5.729220647975481604e-05
5.727052228646717309e-05
5.725201211092645175e-05
5.723106205797181346e-05
5.721111145166773076e-05
5.719032946274381585e-05
5.716944900120444958e-05
5.714766060069273939e-05
5.712645320836794415e-05
5.710429856355062620e-05
5.708264017568831186e-05
5.706241235838541051e-05
5.704219598284171781e-05
5.702479020523651941e-05
5.700678872418437579e-05
5.698754287646771251e-05
5.696896859973400962e-05
5.694867431501608095e-05
5.692740055026343434e-05
5.690684456007528367e-05
5.688679430951923811e-05
5.686707915189546968e-05
5.684742397859138410e-05
5.682882295454280800e-05
5.680998247238073774e-05
5.679296399400802597e-05
5.677550203330481126e-05
5.675691738625593998e-05
5.673886053246756750e-05
5.672014075632791794e-05
5.670209031378872864e-05
5.668449502966214730e-05
5.666702202611383424e-05
5.665063227964330973e-05
5.663488884790460784e-05
5.661775279716674270e-05
5.660338954345005475e-05
5.658643935656293476e-05
5.656928289153144847e-05
5.655288198884981008e-05
5.653634088506626364e-05
5.652019544397303863e-05
5.650364677660582168e-05
5.648651679154637263e-05
5.647066149304999906e-05
5.645244126341330166e-05
5.643230114628105295e-05
5.641362533916097720e-05
5.639400031607407372e-05
5.637506678720504035e-05
5.635569962294418461e-05
5.633718632615353455e-05
5.631900134053959136e-05
5.630060630114982914e-05
5.628256018568726681e-05
5.626330501625861533e-05
5.624370161265228421e-05
5.622499441985308473e-05
5.620590748213570299e-05
5.618705699745019214e-05
5.616819981006786628e-05
5.614981298155747496e-05
5.613107457926897078e-05
5.611133398730505536e-05
5.609258119622484548e-05
5.607336864100327217e-05
5.605464625647615826e-05
5.603396619496709563e-05
5.601491635515294090e-05
5.599561496076569550e-05
5.597646876951377359e-05
5.595693346782918163e-05
5.593866377673560169e-05
5.592013098645939732e-05
5.590307558947767364e-05
5.588657485920192072e-05
5.586964502852578027e-05
5.585405302184265125e-05
5.583811572757935773e-05
5.582290712457094303e-05
5.580727861199248180e-05
5.578937073246773920e-05
5.577192544974038548e-05
5.575511334893609651e-05
5.573803053766103038e-05
5.572074666054672022e-05
5.570121069468680273e-05
5.568213874832929973e-05
5.566346030049805401e-05
5.564443401089026709e-05
5.562503436459223689e-05
5.560491300691960433e-05
5.558432232688107584e-05
5.556374181237610984e-05
5.554344015432395853e-05
5.552300377059066157e-05
5.550282849098526675e-05
5.548159192947520229e-05
5.546118622213075687e-05
5.544096973187389357e-05
5.542104748747578107e-05
5.540052900097270407e-05
5.538020049554020905e-05
