5.435999498248304113e-04
1.561835368499382617e-03
1.525504049747864691e-03
1.420196422976650972e-03
1.421107434464697521e-03
1.373229342166916445e-03
1.319485867856037267e-03
1.281467420732527703e-03
1.253599873640411089e-03
1.244029357124395389e-03
1.223400090222890929e-03
1.199961546825670938e-03
1.165213899148055936e-03
1.131207604208924822e-03
1.099963670935098520e-03
1.071251735272266310e-03
1.044032593877612528e-03
1.019101371499837958e-03
9.944554790818340914e-04
9.728760694417727672e-04
9.512102576792838028e-04
9.307994048633437545e-04
9.113429620853557081e-04
8.930731263564620562e-04
8.775932731352827001e-04
8.624061385394857877e-04
8.474176236665127964e-04
8.338902096576476883e-04
8.206378138217161090e-04
8.083486374986893286e-04
7.962320679562155407e-04
7.855504637722770774e-04
7.750741983124954937e-04
7.650304211212653402e-04
7.555650721169595739e-04
7.465752599127802903e-04
7.381844059440201711e-04
7.301957284071834177e-04
7.233274726354085209e-04
7.162825222166639520e-04
7.095890111349356915e-04
7.024636294413585860e-04
6.954963942411252972e-04
6.886052805240603725e-04
6.816269415418357716e-04
6.751508651781334665e-04
6.687442022338191882e-04
6.622066600143905078e-04
6.560017676779814283e-04
6.500440503793103279e-04
6.443817061787471745e-04
6.389897981715819599e-04
6.337083600515416122e-04
6.284101515218406837e-04
6.231957773145913818e-04
6.182844155058612491e-04
6.133411801674277380e-04
6.084191955697594058e-04
6.037394780990610471e-04
5.991414849247823785e-04
5.945330209148196347e-04
5.900960945023173447e-04
5.858133392843137754e-04
5.815584229247628420e-04
5.774823091587020412e-04
5.734498011739928890e-04
5.695979965844691654e-04
5.658265375043147792e-04
5.620736112471953934e-04
5.584219191203381328e-04
5.549883778296413458e-04
5.515492511818905277e-04
5.480957576242027028e-04
5.447037757006126897e-04
5.412960824055460668e-04
5.379781430108215466e-04
5.347287688397901664e-04
5.315915239522330405e-04
5.285100933801245354e-04
5.254387040200430344e-04
5.224298646289065933e-04
5.195087579528879672e-04
5.166276862262362884e-04
5.137630880979558853e-04
5.109270616218884687e-04
5.081381480692425149e-04
5.054237596334825973e-04
5.028472582159957370e-04
5.004026005267905646e-04
4.979313271890264828e-04
4.955119961981445040e-04
4.930969938790113680e-04
4.907464038404309517e-04
4.883943097654087039e-04
4.860125247695315075e-04
4.836218873417921088e-04
4.813063968695122726e-04
4.790521840251376240e-04
4.768023430972036084e-04
4.745885957986110937e-04
4.724696231185144613e-04
4.704096532702566578e-04
4.684871842547764912e-04
4.665369226330802672e-04
4.647007293007827076e-04
4.628728229901729412e-04
4.610804551894844092e-04
4.592590767135371630e-04
4.573919241023087522e-04
4.555081485479861711e-04
4.536577084854924381e-04
4.519016281362408247e-04
4.501145619529817545e-04
4.483860626965853902e-04
4.466204372720045243e-04
4.449034388507679193e-04
4.432063342347083491e-04
4.415368554176185979e-04
4.398432107881071669e-04
4.381763128642977021e-04
4.364712212381770999e-04
4.348081175557670566e-04
4.331543219351316498e-04
4.315574949354755805e-04
4.300182313113124453e-04
4.285545340590587397e-04
4.270422691792964557e-04
4.255506037149735373e-04
4.241005231602354647e-04
4.227060114018782629e-04
4.213315840881448160e-04
4.200563220148825099e-04
4.187219040785936639e-04
4.174329387496961120e-04
4.161553239615046248e-04
4.148966277900076891e-04
4.137301849140290330e-04
4.125782679341951547e-04
4.114846881164309616e-04
4.104322424467096980e-04
4.094200912976236699e-04
4.084135411615049793e-04
4.074620461963385665e-04
4.065221400781439984e-04
4.056263793598739406e-04
4.046855154362016468e-04
4.037365920710227142e-04
4.027599941736971262e-04
4.017613112481989717e-04
4.007396574456301630e-04
3.996868841959163080e-04
3.986873157326977445e-04
3.976749633889940555e-04
3.966726742640982626e-04
3.956733655353305516e-04
3.946546385849374582e-04
3.936386179259852023e-04
3.926656163644089972e-04
3.917308290306649910e-04
3.907730808721317120e-04
3.898440418587828006e-04
3.889555824880108065e-04
3.880972761374800232e-04
3.872107211681923575e-04
3.863405696142716483e-04
3.854579467733167748e-04
3.845667299614130693e-04
3.836959838386034454e-04
3.828332752389663964e-04
3.819990658307838034e-04
3.811638471117887654e-04
3.802968112561014324e-04
3.794380816833820176e-04
3.785607916530866796e-04
3.776603299357895040e-04
3.767826652185241845e-04
3.759076432983134673e-04
3.750396526613596613e-04
3.741934173848498134e-04
3.733261427013347946e-04
3.724771173138238757e-04
3.716947587844373507e-04
3.709155130537895384e-04
3.701260648534470754e-04
3.693219223820523394e-04
3.685462212536957894e-04
3.677838285276050292e-04
3.670416812408419747e-04
3.662830835518842863e-04
3.655063404072414913e-04
3.647588720864180199e-04
3.639937390639556608e-04
3.632377832022836046e-04
3.624756697442644031e-04
3.617132293481195408e-04
3.609679205565595982e-04
3.602313421401578128e-04
3.595131070447592312e-04
3.587839660686859824e-04
3.580446824796734858e-04
3.573408890825289976e-04
3.566148419260778434e-04
3.559000290812481832e-04
3.551818641897511045e-04
3.544491021420823431e-04
3.537363504390935993e-04
3.530348982600904498e-04
3.523231652357920979e-04
3.516447023986367273e-04
3.509701392098585207e-04
3.503241167188161464e-04
3.496866038747738475e-04
3.490455103092063804e-04
3.484329890427931677e-04
3.477977452358881950e-04
3.471509126047855865e-04
3.465308029069421626e-04
3.459186206825209681e-04
3.452960323260859631e-04
3.447036338855678111e-04
3.441154011122199712e-04
3.435300177646123036e-04
3.429461578789303670e-04
3.423392120889626471e-04
3.417298925574914384e-04
3.411280898692226906e-04
3.405379155415757348e-04
3.399386041564041280e-04
3.393528702730305734e-04
3.387666343335403408e-04
3.381813970212183711e-04
3.375901213802556442e-04
3.369985763019176200e-04
3.364119488552911610e-04
3.358157521795446113e-04
3.352191485255014581e-04
3.346300662412545466e-04
3.340342241487251145e-04
3.334405629883149358e-04
3.328315141146771664e-04
3.322316497022514688e-04
3.316320359101268675e-04
3.310264866524409997e-04
3.304280535289135759e-04
3.298482065971515944e-04
3.292911732826552082e-04
3.287213227347683523e-04
3.281475419044595524e-04
3.275829187277521141e-04
3.270306811789068643e-04
3.264799968464588559e-04
3.259310294594421086e-04
3.254022704361204097e-04
3.248749774745400640e-04
3.243391125411329741e-04
3.238091157400052968e-04
3.232881902265505748e-04
3.227603365942651077e-04
3.222540533849581378e-04
3.217534627268968188e-04
3.212594541772621597e-04
3.207712089925890452e-04
3.202725869353632935e-04
3.197742574844098158e-04
3.192822599526771109e-04
3.188036545453634294e-04
3.183423631545728694e-04
3.178865043839826853e-04
3.174373290232044100e-04
3.169804711689422588e-04
3.165369052377148859e-04
3.160910985506033399e-04
3.156313408188709830e-04
3.151751669261394187e-04
3.147100924513882882e-04
3.142480113254496289e-04
3.137881165333681450e-04
3.133239275818312862e-04
3.128670641455623272e-04
3.124034443450976603e-04
3.119470281769306510e-04
3.114848100734851806e-04
3.110279911219087897e-04
3.105803594640898667e-04
3.101360710379552220e-04
3.096867261963198639e-04
3.092514567738979185e-04
3.088114145585556507e-04
3.083824297593392837e-04
3.079440787422947938e-04
3.074985878110235047e-04
3.070558998893168517e-04
3.066166133232408339e-04
3.061816097778478863e-04
3.057374293697975192e-04
3.052972968754780864e-04
3.048589673598988640e-04
3.044238776070809830e-04
3.039947049881113763e-04
3.035717802242707004e-04
3.031333042413180377e-04
3.026997265398246911e-04
3.022630256388675373e-04
3.018287337453739463e-04
3.014001655960463774e-04
3.009684533504390939e-04
3.005442350943446817e-04
3.001181599665647768e-04
2.996870829487414413e-04
2.992588845201321060e-04
2.988277625302918289e-04
2.983997100124492524e-04
2.979835196055621188e-04
2.975604980754301739e-04
2.971422382893529530e-04
2.967210541772440785e-04
2.962965943160038914e-04
2.958726721920614281e-04
2.954549604083071433e-04
2.950360972453712461e-04
2.946317207740069993e-04
2.942301487570221424e-04
2.938257303568065000e-04
2.934272973367843930e-04
2.930277066323009163e-04
2.926338600560407510e-04
2.922377058196662099e-04
2.918414911824279961e-04
2.914486040113691652e-04
2.910571964906512256e-04
2.906647474808645251e-04
2.902690552935013402e-04
2.898713135067816551e-04
2.894704901692897654e-04
2.890657593968368883e-04
2.886617353975875588e-04
2.882571164977893222e-04
2.878596617142115382e-04
2.874640407420925043e-04
2.870720702007660769e-04
2.866770154430862559e-04
2.862768816624073286e-04
2.858821377318458376e-04
2.854835303149169841e-04
2.850895252731397433e-04
2.846967533601168295e-04
2.843068776418433263e-04
2.839173815130043065e-04
2.835352593543837420e-04
2.831496894563336679e-04
2.827707112303963597e-04
2.823905087077943524e-04
2.820116253453730125e-04
2.816330287340656287e-04
2.812521142017905583e-04
2.808745678450952940e-04
2.805027355348630163e-04
2.801309342180280403e-04
2.797639283201736461e-04
2.793986592649788008e-04
2.790328803336232944e-04
2.786653435642115744e-04
2.782985200900571325e-04
2.779328083228900081e-04
2.775691991474386368e-04
2.772075038642058558e-04
2.768457305118582627e-04
2.764858904321714438e-04
2.761292774831453057e-04
2.757756333883731848e-04
2.754244547562738950e-04
2.750740051937043966e-04
2.747239450662311024e-04
2.743768808213214831e-04
2.740310034669588089e-04
2.736920058952006904e-04
2.733574265082143852e-04
2.730234471735753002e-04
2.726907113087687420e-04
2.723645610443844360e-04
2.720400265666292447e-04
2.717134870955132081e-04
2.713851057101854150e-04
2.710591470202232335e-04
2.707332450311507495e-04
2.704103895717119201e-04
2.700869288115996286e-04
2.697662888037215571e-04
2.694469072379014033e-04
2.691248262912287244e-04
2.688031607515998784e-04
2.684874037986809949e-04
2.681714200813747873e-04
2.678541566668408373e-04
2.675391270549874224e-04
2.672223533371201527e-04
2.669036047775856253e-04
2.665858882137010040e-04
2.662730412517917266e-04
2.659628834860200863e-04
2.656547018689465220e-04
2.653464935764501820e-04
2.650387427239648424e-04
2.647284772858835488e-04
2.644179396565779971e-04
2.641075357685505345e-04
2.637994069087926845e-04
2.634913714453695002e-04
2.631814485875064147e-04
2.628701285306983006e-04
2.625575601535063298e-04
2.622452484466956512e-04
2.619318451557970415e-04
2.616197598642604248e-04
2.613110471341960881e-04
2.610034567129527160e-04
2.606963639082015183e-04
2.603898890312196035e-04
2.600858545364971336e-04
2.597828243656083967e-04
2.594799542750149792e-04
2.591766579929100089e-04
2.588735001456856223e-04
2.585726263928785290e-04
2.582735662313674564e-04
2.579738977242895912e-04
2.576749500934189235e-04
2.573782589045063964e-04
2.570825684647206656e-04
2.567881827444564845e-04
2.564951203922736004e-04
2.562018296878741316e-04
2.559097368685261226e-04
2.556190348859910212e-04
2.553300810771078739e-04
2.550417908596372320e-04
2.547541248137364885e-04
2.544675023550753727e-04
2.541814422916147619e-04
2.538971198092666187e-04
2.536121869779365623e-04
2.533271966533389807e-04
2.530440918948041696e-04
2.527618123669611366e-04
2.524805291197515077e-04
2.522001892352764875e-04
2.519208401417292846e-04
2.516421214365818196e-04
2.513644038025689251e-04
2.510885625356882840e-04
2.508127893500222455e-04
2.505372042686112525e-04
2.502632426615232259e-04
2.499905233409314195e-04
2.497192985816506410e-04
2.494500534413668022e-04
2.491815906376764747e-04
2.489140298131844553e-04
2.486474014826011315e-04
2.483801303063698919e-04
2.481125981225230665e-04
2.478450296511556183e-04
2.475788322084395646e-04
2.473133668968967975e-04
2.470492932370369735e-04
2.467860239495785722e-04
2.465242406065481671e-04
2.462636119176006121e-04
2.460041802520746305e-04
2.457454933158561140e-04
2.454876159396806234e-04
2.452307189278323408e-04
2.449749104961233912e-04
2.447191786590334353e-04
2.444632347433642805e-04
2.442070192735293073e-04
2.439516957086042064e-04
2.436969292664796082e-04
2.434428228821395625e-04
2.431896126870913204e-04
2.429380586746750605e-04
2.426880603248354501e-04
2.424395608002566838e-04
2.421915296691569224e-04
2.419434218710524664e-04
2.416962721695714242e-04
2.414495645590683027e-04
2.412035324729942733e-04
2.409579864402080856e-04
2.407137588253603871e-04
2.404697595388087105e-04
2.402270672509667878e-04
2.399845215401438065e-04
2.397430179667076012e-04
2.395020272975196033e-04
2.392612648851086103e-04
2.390209402479131638e-04
2.387808679481801389e-04
2.385415630560342164e-04
2.383033015931218263e-04
2.380660201760793882e-04
2.378290769907233696e-04
2.375932391212942174e-04
2.373585216818812737e-04
2.371246396001261598e-04
2.368911001338924759e-04
2.366582758168195213e-04
2.364266891465687252e-04
2.361966200602236927e-04
2.359674818843794718e-04
2.357395392982700503e-04
2.355115792866137835e-04
2.352849856679544750e-04
2.350595417765141411e-04
2.348348243390735728e-04
2.346101141800229720e-04
2.343873884131978628e-04
2.341660392890559570e-04
2.339458751341225824e-04
2.337243240073014715e-04
2.335025373285527339e-04
2.332815304123401123e-04
2.330609862158811445e-04
2.328410963694267232e-04
2.326213641418864518e-04
2.324021831616940249e-04
2.321836526216895010e-04
2.319660668635099355e-04
2.317498407748243348e-04
2.315331748641431245e-04
2.313176807871926595e-04
2.311026901742031998e-04
2.308877941249785990e-04
2.306739324068909328e-04
2.304610854694683097e-04
2.302494316085869212e-04
2.300379168423089080e-04
2.298276102554484086e-04
2.296179903357684906e-04
2.294091175543859018e-04
2.292005973586650706e-04
2.289918524580376207e-04
2.287836780099887100e-04
2.285767283452305916e-04
2.283714668390114579e-04
2.281668971911739445e-04
2.279633527269667474e-04
2.277605758711423857e-04
2.275588540271438636e-04
2.273558708222700008e-04
2.271532981794045466e-04
2.269516148310911255e-04
2.267503232979444958e-04
2.265484959247066011e-04
2.263470996625441744e-04
2.261466286362554771e-04
2.259473600209389746e-04
2.257484789369358538e-04
2.255491736030286725e-04
2.253510849301822627e-04
2.251524761368222456e-04
2.249545912979516570e-04
2.247568444813535804e-04
2.245597204936058467e-04
2.243631226472287375e-04
2.241673146637751491e-04
2.239723685159181285e-04
2.237776884449681159e-04
2.235840858999447696e-04
2.233914211919014819e-04
2.231985082170602865e-04
2.230055144425337080e-04
2.228137706011471659e-04
2.226246228071655558e-04
2.224359557891311841e-04
2.222471873158647117e-04
2.220584511963417842e-04
2.218696544513273862e-04
2.216807151086464846e-04
2.214919245920696114e-04
2.213032630048199136e-04
2.211152025640342579e-04
2.209285866845327249e-04
2.207425548983038284e-04
2.205590765092990322e-04
2.203760416867618361e-04
2.201933203910644927e-04
2.200106724349310363e-04
2.198285897785029822e-04
2.196475793296813472e-04
2.194676058039008229e-04
2.192872345461775946e-04
2.191080494047838699e-04
2.189298033914816542e-04
2.187511367204287270e-04
2.185720607761362875e-04
2.183941184453704379e-04
2.182164373710987015e-04
2.180387715695783718e-04
2.178618131385256357e-04
2.176854761714544127e-04
2.175100449691667870e-04
2.173334689511451697e-04
2.171573825325565424e-04
2.169817756693333852e-04
2.168076163740403082e-04
2.166334930562345508e-04
2.164605049020006588e-04
2.162879286765549930e-04
2.161153664402895298e-04
2.159443721974502737e-04
2.157741797272827910e-04
2.156047592110178291e-04
2.154351060984890302e-04
2.152650421622176664e-04
2.150957952288565602e-04
2.149262804332312921e-04
2.147580232494383508e-04
2.145906927161039780e-04
2.144225464876155511e-04
2.142555731225315304e-04
2.140903673538331760e-04
2.139258028497011176e-04
2.137604750821135279e-04
2.135948928922893502e-04
2.134305541983458191e-04
2.132663764401818835e-04
2.131039403807346222e-04
2.129433374084505688e-04
2.127846710244447100e-04
2.126261428911324863e-04
2.124685084588929357e-04
2.123106241085128678e-04
2.121527433095148345e-04
2.119946911801738761e-04
2.118376631642542355e-04
2.116803258479918242e-04
2.115238666461881367e-04
2.113668895512136638e-04
2.112099645936049588e-04
2.110547193853383431e-04
2.108998192336719363e-04
2.107457174850297787e-04
2.105908818269355300e-04
2.104371572699553100e-04
2.102846395843404128e-04
2.101330121336056865e-04
2.099821418265143149e-04
2.098321560921777231e-04
2.096822327638096534e-04
2.095323403749425992e-04
2.093828649115761519e-04
2.092344655526880983e-04
2.090868635992691195e-04
2.089392597863947614e-04
2.087921571744503916e-04
2.086449252318517899e-04
2.084974776672468273e-04
2.083508992091762178e-04
2.082042454146245498e-04
2.080588286361486087e-04
2.079128861991719722e-04
2.077695603663903161e-04
2.076272838982096245e-04
2.074858300393841320e-04
2.073448272791032527e-04
2.072040493115596136e-04
2.070646964590687423e-04
2.069245829359945730e-04
2.067845736585028932e-04
2.066444231933201991e-04
2.065047759666812776e-04
2.063647387782092404e-04
2.062234901527962066e-04
2.060815501626079562e-04
2.059410493562982222e-04
2.058006381580598852e-04
2.056616995857015655e-04
2.055219173726448485e-04
2.053821812307078426e-04
2.052435684093015873e-04
2.051061964574560272e-04
2.049675937189407557e-04
2.048294644565726080e-04
2.046924457578246114e-04
2.045545336722891607e-04
2.044159985446749250e-04
2.042783422377397599e-04
2.041408596822601195e-04
2.040033112451042254e-04
2.038654722692690617e-04
2.037290017859518800e-04
2.035937151665538397e-04
2.034588874212007624e-04
2.033223633749971140e-04
2.031863314390000542e-04
2.030513076664137398e-04
2.029162033318502516e-04
2.027833684635032792e-04
2.026521487017441390e-04
2.025208798163471698e-04
2.023901181319632961e-04
2.022592300745887914e-04
2.021281611684483382e-04
2.019986174965007633e-04
2.018692023663934193e-04
2.017397671552180547e-04
2.016108853374659257e-04
2.014818941078069618e-04
2.013527229935247148e-04
2.012236170347595442e-04
2.010938774662725552e-04
2.009657441148591649e-04
2.008383052662766162e-04
2.007121705356982460e-04
2.005859054219333965e-04
2.004587505139524017e-04
2.003327037668780047e-04
2.002068688943541182e-04
2.000812539049958620e-04
1.999549226414282818e-04
1.998288418894306315e-04
1.997035108388673502e-04
1.995796989306897673e-04
1.994556119716625207e-04
1.993303578542377831e-04
1.992063512013270837e-04
1.990829929539326482e-04
1.989595876252300138e-04
1.988358979776847673e-04
1.987141325803923927e-04
1.985912302901916165e-04
1.984692686128172105e-04
1.983466835955307011e-04
1.982242208006199937e-04
1.981007289214136704e-04
1.979773068178875353e-04
1.978544508847486657e-04
1.977328198008193756e-04
1.976101540691550308e-04
1.974883013921683607e-04
1.973671326054739336e-04
1.972456615349873251e-04
1.971244477879721668e-04
1.970029872447012136e-04
1.968808777135783845e-04
1.967579979682763090e-04
1.966371109397361248e-04
1.965165354312343028e-04
1.963963770942794352e-04
1.962762493948638667e-04
1.961557579216081460e-04
1.960346322198206176e-04
1.959153829821657939e-04
1.957959792978251966e-04
1.956779483100427733e-04
1.955607510020932545e-04
1.954439598998185994e-04
1.953266399210138360e-04
1.952097313501014722e-04
1.950923645085018954e-04
1.949756697276082873e-04
1.948598098568926466e-04
1.947439807266823349e-04
1.946295738228085066e-04
1.945154592091069687e-04
1.944023668074442411e-04
1.942883235523149932e-04
1.941740375323194033e-04
1.940602516298490056e-04
1.939473252774389408e-04
1.938345254934362692e-04
1.937227291478808128e-04
1.936115326971010297e-04
1.934991717079001484e-04
1.933866671006040947e-04
1.932745109895456323e-04
1.931634440885256307e-04
1.930533281430428722e-04
1.929429392073088597e-04
1.928330704984165681e-04
1.927226330606116251e-04
1.926124549937670738e-04
1.925020513434208015e-04
1.923914069212238301e-04
1.922818698610802854e-04
1.921732346690345483e-04
1.920662234250497698e-04
1.919596841317974464e-04
1.918515685744398255e-04
1.917441590593371118e-04
1.916364704213072070e-04
1.915303085519832571e-04
1.914241587811609240e-04
1.913182638081256540e-04
1.912144184869526270e-04
1.911117182025366072e-04
1.910086766153568398e-04
1.909053723800234394e-04
1.908030748030203818e-04
1.907004398614909539e-04
1.905977348898236687e-04
1.904943553747329057e-04
1.903919238335416355e-04
1.902902803225312153e-04
1.901874710116172420e-04
1.900844836607325358e-04
1.899826468802541947e-04
1.898793108929912310e-04
1.897767903524091501e-04
1.896761840647386347e-04
1.895754750443710140e-04
1.894753589715242022e-04
1.893736479565862312e-04
1.892710079710555081e-04
1.891688499575833215e-04
1.890678999080855609e-04
1.889673469451376127e-04
1.888667128850276926e-04
1.887665207737582250e-04
1.886657328536708389e-04
1.885622913648903867e-04
1.884599164546808944e-04
1.883584124036093242e-04
1.882570614967463856e-04
1.881555746906625069e-04
1.880546462064157961e-04
1.879531045628230347e-04
1.878506741741057140e-04
1.877484089369528010e-04
1.876456041308442106e-04
1.875429934941337366e-04
1.874415737885767072e-04
1.873405291017528405e-04
1.872384434935433204e-04
1.871373210552162742e-04
1.870364179487965192e-04
1.869357826196873975e-04
1.868352988954890030e-04
1.867345840874668741e-04
1.866350583469068326e-04
1.865352685929325518e-04
1.864364467543375733e-04
1.863363554533418900e-04
1.862368188627467041e-04
1.861371229554159600e-04
1.860367974115704690e-04
1.859366421118925639e-04
1.858361338127207112e-04
1.857353568769230562e-04
1.856349288757120025e-04
1.855355359295877548e-04
1.854359991246474256e-04
1.853374304145223735e-04
1.852395484179097105e-04
1.851410467630894350e-04
1.850430187027136367e-04
1.849456091225883320e-04
1.848487031147649133e-04
1.847512338943727082e-04
1.846534702838059931e-04
1.845558703556582152e-04
1.844569155813966118e-04
1.843583026074785706e-04
1.842597917823279472e-04
1.841613409702976109e-04
1.840635767176906825e-04
1.839663708597134698e-04
1.838698864666840453e-04
1.837728298988247795e-04
1.836747740734447911e-04
1.835769258052447961e-04
1.834798060993058321e-04
1.833823848894683330e-04
1.832847099760943020e-04
1.831870969777058607e-04
1.830897817677772988e-04
1.829933479224283633e-04
1.828970471694497772e-04
1.828007560465079494e-04
1.827045586399612530e-04
1.826083409529490986e-04
1.825126772855221709e-04
1.824171282228509688e-04
1.823214706995791585e-04
1.822259471760624065e-04
1.821303758705660283e-04
1.820348100371534008e-04
1.819393008053879978e-04
1.818445176230303647e-04
1.817499113325734086e-04
1.816545876368052159e-04
1.815593370903551690e-04
1.814634844137044418e-04
1.813680330515313221e-04
1.812722677309109632e-04
1.811771350155280311e-04
1.810810944680016550e-04
1.809850822216220510e-04
1.808895836054001671e-04
1.807940133935408513e-04
1.806987197759183348e-04
1.806037956032649559e-04
1.805096431433430822e-04
1.804165514101997562e-04
1.803241440977471251e-04
1.802319650073658621e-04
1.801406011572254193e-04
1.800486176771869671e-04
1.799568146224973027e-04
1.798650905697466351e-04
1.797739924046756776e-04
1.796834236521798866e-04
1.795922946409160331e-04
1.795008860935365434e-04
1.794097289785679967e-04
1.793184476542576363e-04
1.792278347707910763e-04
1.791373363527763360e-04
1.790467334884642003e-04
1.789563942583099717e-04
1.788657723744303937e-04
1.787755266794896752e-04
1.786855156758200666e-04
1.785952206822625371e-04
1.785057176309446856e-04
1.784164693449782273e-04
1.783264101071487342e-04
1.782369424817854245e-04
1.781473978727378491e-04
1.780581289167338234e-04
1.779691344250975348e-04
1.778802063909374872e-04
1.777904934279422671e-04
1.777012645168484189e-04
1.776121883047459074e-04
1.775229911237783981e-04
1.774336449424978245e-04
1.773434282537424990e-04
1.772532783870481873e-04
1.771638186897246941e-04
1.770740641689309846e-04
1.769852701348461873e-04
1.768963749715342186e-04
1.768082793370456059e-04
1.767207303090699479e-04
1.766341205408908030e-04
1.765468708262315459e-04
1.764594862112782556e-04
1.763720133479672336e-04
1.762850682693124684e-04
1.761985135628649191e-04
1.761121047890810282e-04
1.760259815737978380e-04
1.759400939842162422e-04
1.758538508469331501e-04
1.757677071509791981e-04
1.756815488856399159e-04
1.755958805859728891e-04
1.755105028179884501e-04
1.754261135176367890e-04
1.753413864790586362e-04
1.752567036531708770e-04
1.751729269578315609e-04
1.750899983006246920e-04
1.750079188095178897e-04
1.749256424751666379e-04
1.748440290755896008e-04
1.747626591527937263e-04
1.746802010407894046e-04
1.745985630951621165e-04
1.745170854678058567e-04
1.744361815105466729e-04
1.743553302326011998e-04
1.742754603013564596e-04
1.741958150209426705e-04
1.741166280030775849e-04
1.740377797763828559e-04
1.739596893169799126e-04
1.738821152680276936e-04
1.738055675859519189e-04
1.737288711589264644e-04
1.736532266762682902e-04
1.735778537382780793e-04
1.735016179843752390e-04
1.734261915115071898e-04
1.733510168733158423e-04
1.732763318589174205e-04
1.732019375273187694e-04
1.731280293542865659e-04
1.730533760574316392e-04
1.729787687678491399e-04
1.729052567490386137e-04
1.728315307375250811e-04
1.727582773003354870e-04
1.726851882868546450e-04
1.726121554777732274e-04
1.725398775798601904e-04
1.724675098043948940e-04
1.723955413113755712e-04
